777777, 1000, 3000
251, 9190014, 9190014
252, 75514622, 75514622
375, 75676414, 75676414
1000, 109329150, 109329150
999999, 108340, 208
250, 9190222, 9190222
1000, 109329358, 109329358
999999, 108194, 1
1000, 109329359, 109329359
999999, 108463, 61
1000, 109329420, 109329420
999999, 108403, 1
1000, 109329421, 109329421
999999, 108424, 269
376, 75676954, 75676954
1000, 109329690, 109329690
999999, 108451, 1
375, 75676955, 75676955
1000, 109329691, 109329691
999999, 108470, 317
374, 75677272, 75677272
1000, 109330008, 109330008
999999, 108404, 1
373, 75677273, 75677273
1000, 109330009, 109330009
999999, 108404, 96
373, 75677369, 75677369
1000, 109330105, 109330105
999999, 108363, 227
373, 75677596, 75677596
1000, 109330332, 109330332
999999, 108137, 1
372, 75677597, 75677597
1000, 109330333, 109330333
999999, 108426, 95
371, 75677692, 75677692
1000, 109330428, 109330428
999999, 108392, 1
370, 75677693, 75677693
1000, 109330429, 109330429
999999, 108392, 201
999999, 108422, 1
368, 75677895, 75677895
1000, 109330631, 109330631
999999, 108422, 101
266, 75516204, 75516204
1000, 109330732, 109330732
999999, 108377, 1
265, 75516205, 75516205
1000, 109330733, 109330733
999999, 108672, 231
1000, 109330964, 109330964
999999, 108494, 1
1000, 109330965, 109330965
999999, 108494, 99
368, 75678328, 75678328
1000, 109331064, 109331064
999999, 108668, 1
367, 75678329, 75678329
1000, 109331065, 109331065
999999, 108668, 203
366, 75678532, 75678532
1000, 109331268, 109331268
999999, 108510, 1
365, 75678533, 75678533
1000, 109331269, 109331269
999999, 108510, 93
364, 75678626, 75678626
1000, 109331362, 109331362
999999, 108674, 284
363, 75678910, 75678910
1000, 109331646, 109331646
999999, 108391, 1
363, 75678911, 75678911
1000, 109331647, 109331647
999999, 108449, 55
1000, 109331702, 109331702
999999, 108395, 1
1000, 109331703, 109331703
999999, 108583, 262
365, 75679229, 75679229
1000, 109331965, 109331965
999999, 108322, 45
255, 9192874, 9192874
1000, 109332010, 109332010
999999, 108336, 1
254, 9192875, 9192875
1000, 109332011, 109332011
999999, 108587, 238
254, 9193113, 9193113
364, 75679513, 75679513
1000, 109332249, 109332249
999999, 108437, 81
1000, 109332330, 109332330
999999, 108357, 1
1000, 109332331, 109332331
999999, 108587, 278
363, 75679873, 75679873
1000, 109332609, 109332609
999999, 108310, 265
1000, 109332874, 109332874
999999, 108098, 1
1000, 109332875, 109332875
999999, 108098, 61
1000, 109332936, 109332936
999999, 108298, 301
1000, 109333237, 109333237
999999, 108085, 311
1000, 109333548, 109333548
999999, 108051, 54
363, 75680866, 75680866
1000, 109333602, 109333602
999999, 108058, 262
284, 75519336, 75519336
1000, 109333864, 109333864
999999, 108051, 1
284, 75519337, 75519337
1000, 109333865, 109333865
999999, 108059, 55
257, 9194784, 9194784
284, 75519392, 75519392
364, 75681184, 75681184
1000, 109333920, 109333920
999999, 108302, 1
256, 9194785, 9194785
284, 75519393, 75519393
363, 75681185, 75681185
1000, 109333921, 109333921
999999, 108302, 189
255, 9194974, 9194974
284, 75519582, 75519582
362, 75681374, 75681374
1000, 109334110, 109334110
999999, 108132, 48
254, 9195022, 9195022
1000, 109334158, 109334158
999999, 108085, 1
253, 9195023, 9195023
1000, 109334159, 109334159
999999, 108375, 303
252, 9195326, 9195326
361, 75681726, 75681726
1000, 109334462, 109334462
999999, 108073, 15
251, 9195341, 9195341
1000, 109334477, 109334477
999999, 108131, 272
250, 9195613, 9195613
362, 75682013, 75682013
1000, 109334749, 109334749
999999, 107860, 54
250, 9195667, 9195667
289, 75520275, 75520275
1000, 109334803, 109334803
999999, 108036, 257
1000, 109335060, 109335060
999999, 107841, 96
1000, 109335156, 109335156
999999, 108004, 230
289, 75520858, 75520858
362, 75682650, 75682650
1000, 109335386, 109335386
999999, 107852, 1
288, 75520859, 75520859
361, 75682651, 75682651
1000, 109335387, 109335387
999999, 107852, 98
360, 75682749, 75682749
1000, 109335485, 109335485
999999, 107981, 262
359, 75683011, 75683011
1000, 109335747, 109335747
999999, 107720, 265
1000, 109336012, 109336012
999999, 107814, 1
1000, 109336013, 109336013
999999, 107827, 101
1000, 109336114, 109336114
999999, 107727, 1
1000, 109336115, 109336115
999999, 107993, 207
358, 75683586, 75683586
1000, 109336322, 109336322
999999, 107787, 1
357, 75683587, 75683587
1000, 109336323, 109336323
999999, 107845, 95
356, 75683682, 75683682
1000, 109336418, 109336418
999999, 107751, 1
355, 75683683, 75683683
1000, 109336419, 109336419
999999, 108035, 296
1000, 109336715, 109336715
999999, 108077, 292
1000, 109337007, 109337007
999999, 107794, 20
355, 75684291, 75684291
1000, 109337027, 109337027
999999, 108078, 277
355, 75684568, 75684568
1000, 109337304, 109337304
999999, 107848, 1
534, 26499831, 26499831
999999, 107848, 44
355, 75684613, 75684613
1000, 109337349, 109337349
999999, 107993, 307
355, 75684920, 75684920
1000, 109337656, 109337656
999999, 107687, 1
354, 75684921, 75684921
1000, 109337657, 109337657
999999, 107748, 55
1000, 109337712, 109337712
999999, 107946, 1
1000, 109337713, 109337713
999999, 107989, 219
1000, 109337932, 109337932
999999, 107771, 1
1000, 109337933, 109337933
999999, 108081, 55
356, 75685252, 75685252
1000, 109337988, 109337988
999999, 108027, 1
355, 75685253, 75685253
1000, 109337989, 109337989
999999, 108034, 303
1000, 109338292, 109338292
999999, 108005, 1
1000, 109338293, 109338293
999999, 108051, 319
1000, 109338612, 109338612
999999, 107733, 1
1000, 109338613, 109338613
999999, 108005, 47
296, 75524132, 75524132
356, 75685924, 75685924
1000, 109338660, 109338660
999999, 107959, 1
295, 75524133, 75524133
355, 75685925, 75685925
1000, 109338661, 109338661
999999, 108001, 253
261, 9199778, 9199778
354, 75686178, 75686178
1000, 109338914, 109338914
999999, 107749, 62
252, 9189728, 9189728
260, 9199840, 9199840
294, 75524448, 75524448
353, 75686240, 75686240
1000, 109338976, 109338976
999999, 107982, 1
251, 9189729, 9189729
259, 9199841, 9199841
293, 75524449, 75524449
352, 75686241, 75686241
1000, 109338977, 109338977
999999, 107982, 189
250, 9189918, 9189918
258, 9200030, 9200030
292, 75524638, 75524638
352, 75686430, 75686430
1000, 109339166, 109339166
999999, 107814, 56
1000, 109339222, 109339222
999999, 107759, 296
999999, 107772, 1
256, 9200383, 9200383
290, 75524991, 75524991
353, 75686783, 75686783
1000, 109339519, 109339519
999999, 107772, 7
353, 75686790, 75686790
1000, 109339526, 109339526
999999, 107774, 278
255, 9200668, 9200668
353, 75687068, 75687068
1000, 109339804, 109339804
999999, 107497, 1
254, 9200669, 9200669
352, 75687069, 75687069
1000, 109339805, 109339805
999999, 107749, 94
289, 75525371, 75525371
352, 75687163, 75687163
1000, 109339899, 109339899
999999, 107718, 209
253, 9200972, 9200972
1000, 109340108, 109340108
999999, 107793, 1
252, 9200973, 9200973
1000, 109340109, 109340109
999999, 107885, 67
1000, 109340176, 109340176
999999, 108034, 358
1000, 109340534, 109340534
999999, 107677, 1
1000, 109340535, 109340535
999999, 107725, 281
1000, 109340816, 109340816
999999, 107445, 298
354, 75688378, 75688378
1000, 109341114, 109341114
999999, 107416, 1
353, 75688379, 75688379
1000, 109341115, 109341115
999999, 107416, 21
1000, 109341136, 109341136
999999, 107484, 290
1000, 109341426, 109341426
999999, 107195, 1
1000, 109341427, 109341427
999999, 107413, 49
352, 75688740, 75688740
1000, 109341476, 109341476
999999, 107460, 1
351, 75688741, 75688741
1000, 109341477, 109341477
999999, 107685, 241
1000, 109341718, 109341718
999999, 107445, 1
1000, 109341719, 109341719
999999, 107548, 95
1000, 109341814, 109341814
999999, 107711, 226
350, 75689304, 75689304
1000, 109342040, 109342040
999999, 107808, 1
349, 75689305, 75689305
1000, 109342041, 109342041
999999, 107808, 77
348, 75689382, 75689382
1000, 109342118, 109342118
999999, 107772, 1
347, 75689383, 75689383
1000, 109342119, 109342119
999999, 107772, 278
346, 75689661, 75689661
1000, 109342397, 109342397
999999, 107755, 45
1000, 109342442, 109342442
999999, 107711, 1
1000, 109342443, 109342443
999999, 107765, 265
1000, 109342708, 109342708
999999, 107501, 52
258, 9203624, 9203624
1000, 109342760, 109342760
999999, 107638, 236
1000, 109342996, 109342996
999999, 107403, 60
1000, 109343056, 109343056
999999, 107390, 1
1000, 109343057, 109343057
999999, 107657, 281
1000, 109343338, 109343338
999999, 107435, 22
259, 9204224, 9204224
296, 75528832, 75528832
351, 75690624, 75690624
1000, 109343360, 109343360
999999, 107674, 1
258, 9204225, 9204225
296, 75528833, 75528833
351, 75690625, 75690625
1000, 109343361, 109343361
999999, 107674, 311
350, 75690936, 75690936
1000, 109343672, 109343672
999999, 107454, 8
257, 9204544, 9204544
297, 75529152, 75529152
349, 75690944, 75690944
1000, 109343680, 109343680
999999, 107447, 1
256, 9204545, 9204545
296, 75529153, 75529153
348, 75690945, 75690945
1000, 109343681, 109343681
999999, 107659, 256
255, 9204801, 9204801
295, 75529409, 75529409
347, 75691201, 75691201
1000, 109343937, 109343937
999999, 107404, 285
250, 8426462, 8426462
258, 9194974, 9194974
254, 9205086, 9194974
294, 75529694, 75529694
346, 75691486, 75691486
1000, 109344222, 109344222
999999, 107179, 1
257, 9194975, 9194975
253, 9205087, 9194975
293, 75529695, 75529695
345, 75691487, 75691487
1000, 109344223, 109344223
999999, 107513, 55
1000, 109344278, 109344278
999999, 107459, 1
1000, 109344279, 109344279
999999, 107695, 247
1000, 109344526, 109344526
999999, 107449, 1
1000, 109344527, 109344527
999999, 107555, 67
254, 9205458, 9205458
1000, 109344594, 109344594
999999, 107489, 1
253, 9205459, 9205459
1000, 109344595, 109344595
999999, 107751, 265
258, 9195612, 9195612
346, 75692124, 75692124
1000, 109344860, 109344860
999999, 107487, 1
257, 9195613, 9195613
345, 75692125, 75692125
1000, 109344861, 109344861
999999, 107536, 93
344, 75692218, 75692218
1000, 109344954, 109344954
999999, 107704, 1
343, 75692219, 75692219
1000, 109344955, 109344955
999999, 107704, 251
1000, 109345206, 109345206
999999, 107467, 1
1000, 109345207, 109345207
999999, 107736, 287
252, 9206358, 9206358
1000, 109345494, 109345494
999999, 107544, 1
251, 9206359, 9206359
1000, 109345495, 109345495
999999, 107544, 51
250, 9206410, 9206410
1000, 109345546, 109345546
999999, 107712, 258
1000, 109345804, 109345804
999999, 107455, 94
1000, 109345898, 109345898
999999, 107470, 1
1000, 109345899, 109345899
999999, 107789, 334
343, 75693497, 75693497
1000, 109346233, 109346233
999999, 107456, 215
1000, 109346448, 109346448
999999, 107490, 1
1000, 109346449, 109346449
999999, 107490, 47
343, 75693760, 75693760
1000, 109346496, 109346496
999999, 107457, 1
342, 75693761, 75693761
1000, 109346497, 109346497
999999, 107735, 317
341, 75694078, 75694078
1000, 109346814, 109346814
999999, 107419, 1
999999, 107466, 315
339, 75694394, 75694394
1000, 109347130, 109347130
999999, 107442, 22
260, 9197904, 9197904
1000, 109347152, 109347152
999999, 107474, 1
259, 9197905, 9197905
1000, 109347153, 109347153
999999, 107474, 297
338, 75694714, 75694714
1000, 109347450, 109347450
999999, 107450, 10
337, 75694724, 75694724
1000, 109347460, 109347460
999999, 107441, 1
336, 75694725, 75694725
1000, 109347461, 109347461
999999, 107485, 351
254, 9208676, 9208676
293, 75533284, 75533284
1000, 109347812, 109347812
999999, 107135, 267
261, 9198831, 9198831
254, 9208943, 9198831
1000, 109348079, 109348079
999999, 107137, 25
261, 9198856, 9198856
1000, 109348104, 109348104
999999, 107113, 1
261, 9198857, 9198857
1000, 109348105, 109348105
999999, 107160, 347
294, 75533924, 75533924
1000, 109348452, 109348452
999999, 107002, 1
293, 75533925, 75533925
1000, 109348453, 109348453
999999, 107063, 283
263, 9199488, 9199488
258, 9209600, 9199488
1000, 109348736, 109348736
999999, 106781, 297
999999, 106725, 55
275, 26511615, 26511615
999999, 107002, 1
261, 9199841, 9199841
257, 9209953, 9199841
291, 75534561, 75534561
338, 75696353, 75696353
1000, 109349089, 109349089
999999, 107002, 189
260, 9200030, 9200030
256, 9210142, 9200030
290, 75534750, 75534750
337, 75696542, 75696542
1000, 109349278, 109349278
999999, 106904, 1
259, 9200031, 9200031
255, 9210143, 9200031
289, 75534751, 75534751
336, 75696543, 75696543
1000, 109349279, 109349279
999999, 106904, 55
1000, 109349334, 109349334
999999, 107075, 1
1000, 109349335, 109349335
999999, 107129, 261
254, 9210460, 9210460
335, 75696860, 75696860
1000, 109349596, 109349596
999999, 106869, 83
1000, 109349679, 109349679
999999, 107087, 232
1000, 109349911, 109349911
999999, 106856, 65
1000, 109349976, 109349976
999999, 106810, 1
1000, 109349977, 109349977
999999, 107058, 238
336, 75697479, 75697479
1000, 109350215, 109350215
999999, 106917, 62
335, 75697541, 75697541
1000, 109350277, 109350277
999999, 106856, 265
258, 9201294, 9201294
1000, 109350542, 109350542
999999, 106812, 96
1000, 109350638, 109350638
999999, 106717, 1
1000, 109350639, 109350639
999999, 106771, 227
288, 75536338, 75536338
1000, 109350866, 109350866
999999, 106836, 48
1000, 109350914, 109350914
999999, 106789, 1
1000, 109350915, 109350915
999999, 106847, 265
1000, 109351180, 109351180
999999, 106583, 1
1000, 109351181, 109351181
999999, 106865, 93
1000, 109351274, 109351274
999999, 106784, 1
1000, 109351275, 109351275
999999, 107087, 229
1000, 109351504, 109351504
999999, 106859, 1
1000, 109351505, 109351505
999999, 106865, 83
287, 75537060, 75537060
1000, 109351588, 109351588
999999, 106783, 1
286, 75537061, 75537061
1000, 109351589, 109351589
999999, 107047, 245
255, 9212698, 9212698
285, 75537306, 75537306
1000, 109351834, 109351834
999999, 106803, 1
254, 9212699, 9212699
284, 75537307, 75537307
1000, 109351835, 109351835
999999, 106870, 47
253, 9212746, 9212746
1000, 109351882, 109351882
999999, 107118, 1
252, 9212747, 9212747
1000, 109351883, 109351883
999999, 107118, 255
1000, 109352138, 109352138
999999, 106910, 106
1000, 109352244, 109352244
999999, 107041, 1
1000, 109352245, 109352245
999999, 107087, 261
338, 75699770, 75699770
1000, 109352506, 109352506
999999, 107176, 44
250, 8566246, 8566246
1000, 109352550, 109352550
999999, 107133, 1
250, 8566247, 8566247
1000, 109352551, 109352551
999999, 107397, 267
1000, 109352818, 109352818
999999, 107131, 1
1000, 109352819, 109352819
999999, 107183, 53
250, 8566568, 8566568
261, 9203624, 9203624
284, 75538344, 75538344
1000, 109352872, 109352872
999999, 107131, 1
260, 9203625, 9203625
284, 75538345, 75538345
1000, 109352873, 109352873
999999, 107351, 261
257, 9213998, 9213998
284, 75538606, 75538606
1000, 109353134, 109353134
999999, 107091, 1
257, 9213999, 9213999
284, 75538607, 75538607
1000, 109353135, 109353135
999999, 107185, 59
1000, 109353194, 109353194
999999, 107316, 1
999999, 107371, 265
999999, 107107, 1
1000, 109353461, 109353461
999999, 107409, 45
257, 9214370, 9214370
284, 75538978, 75538978
341, 75700770, 75700770
1000, 109353506, 109353506
999999, 107365, 1
256, 9214371, 9214371
283, 75538979, 75538979
341, 75700771, 75700771
1000, 109353507, 109353507
999999, 107639, 237
282, 75539216, 75539216
1000, 109353744, 109353744
999999, 107403, 82
256, 9214690, 9214690
281, 75539298, 75539298
341, 75701090, 75701090
1000, 109353826, 109353826
999999, 107419, 1
255, 9214691, 9214691
280, 75539299, 75539299
340, 75701091, 75701091
1000, 109353827, 109353827
999999, 107623, 255
279, 75539554, 75539554
339, 75701346, 75701346
1000, 109354082, 109354082
999999, 107369, 1
279, 75539555, 75539555
338, 75701347, 75701347
1000, 109354083, 109354083
999999, 107429, 61
261, 9204896, 9204896
254, 9215008, 9204896
279, 75539616, 75539616
337, 75701408, 75701408
1000, 109354144, 109354144
999999, 107369, 1
261, 9204897, 9204897
253, 9215009, 9204897
278, 75539617, 75539617
337, 75701409, 75701409
1000, 109354145, 109354145
999999, 107678, 189
260, 9205086, 9205086
252, 9215198, 9205086
277, 75539806, 75539806
336, 75701598, 75701598
1000, 109354334, 109354334
999999, 107550, 1
259, 9205087, 9205087
251, 9215199, 9205087
276, 75539807, 75539807
335, 75701599, 75701599
1000, 109354335, 109354335
999999, 107550, 61
250, 9215260, 9215260
276, 75539868, 75539868
334, 75701660, 75701660
1000, 109354396, 109354396
999999, 107696, 1
276, 75539869, 75539869
333, 75701661, 75701661
1000, 109354397, 109354397
999999, 107696, 249
1000, 109354646, 109354646
999999, 107548, 1
1000, 109354647, 109354647
999999, 107548, 99
332, 75702010, 75702010
1000, 109354746, 109354746
999999, 107664, 1
331, 75702011, 75702011
1000, 109354747, 109354747
999999, 107664, 211
258, 9205710, 9205710
1000, 109354958, 109354958
999999, 107556, 1
257, 9205711, 9205711
1000, 109354959, 109354959
999999, 107556, 55
330, 75702278, 75702278
1000, 109355014, 109355014
999999, 107722, 297
1000, 109355311, 109355311
999999, 107509, 55
1000, 109355366, 109355366
999999, 107455, 240
257, 9206358, 9206358
281, 75541078, 75541078
1000, 109355606, 109355606
999999, 107456, 1
256, 9206359, 9206359
280, 75541079, 75541079
1000, 109355607, 109355607
999999, 107456, 102
1000, 109355709, 109355709
999999, 107449, 253
331, 75703226, 75703226
1000, 109355962, 109355962
999999, 107197, 1
330, 75703227, 75703227
1000, 109355963, 109355963
999999, 107421, 319
329, 75703546, 75703546
1000, 109356282, 109356282
999999, 107405, 10
328, 75703556, 75703556
1000, 109356292, 109356292
999999, 107468, 1
327, 75703557, 75703557
1000, 109356293, 109356293
999999, 107468, 254
1000, 109356547, 109356547
999999, 107492, 61
1000, 109356608, 109356608
999999, 107490, 1
1000, 109356609, 109356609
999999, 107735, 281
281, 75542362, 75542362
1000, 109356890, 109356890
999999, 107510, 50
1000, 109356940, 109356940
999999, 107461, 1
1000, 109356941, 109356941
999999, 107751, 301
326, 75704506, 75704506
1000, 109357242, 109357242
999999, 107451, 1
999999, 107733, 43
1000, 109357286, 109357286
999999, 107691, 1
1000, 109357287, 109357287
999999, 107771, 278
999999, 107755, 47
257, 9208364, 9208364
280, 75543084, 75543084
1000, 109357612, 109357612
999999, 107709, 1
257, 9208365, 9208365
280, 75543085, 75543085
1000, 109357613, 109357613
999999, 107763, 219
1000, 109357832, 109357832
999999, 107545, 1
1000, 109357833, 109357833
999999, 107734, 95
1000, 109357928, 109357928
999999, 107698, 1
1000, 109357929, 109357929
999999, 107698, 275
1000, 109358204, 109358204
999999, 107674, 1
1000, 109358205, 109358205
999999, 107674, 47
258, 9209004, 9209004
251, 9219116, 9209004
283, 75543724, 75543724
1000, 109358252, 109358252
999999, 107678, 1
257, 9209005, 9209005
250, 9219117, 9209005
282, 75543725, 75543725
1000, 109358253, 109358253
999999, 107678, 309
329, 75705826, 75705826
1000, 109358562, 109358562
999999, 107642, 320
328, 75706146, 75706146
1000, 109358882, 109358882
999999, 107323, 258
256, 9209892, 9209892
281, 75544612, 75544612
1000, 109359140, 109359140
999999, 107146, 1
255, 9209893, 9209893
280, 75544613, 75544613
1000, 109359141, 109359141
999999, 107146, 249
254, 9210142, 9210142
250, 9220254, 9210142
257, 42701086, 42701086
279, 75544862, 75544862
327, 75706654, 75706654
1000, 109359390, 109359390
999999, 107112, 60
253, 9210202, 9210202
278, 75544922, 75544922
1000, 109359450, 109359450
999999, 107053, 1
252, 9210203, 9210203
277, 75544923, 75544923
1000, 109359451, 109359451
999999, 107147, 244
258, 42701391, 42701391
1000, 109359695, 109359695
999999, 107144, 69
1000, 109359764, 109359764
999999, 107162, 1
1000, 109359765, 109359765
999999, 107162, 249
258, 42701710, 42701710
1000, 109360014, 109360014
999999, 107134, 110
1000, 109360124, 109360124
999999, 107118, 1
1000, 109360125, 109360125
999999, 107118, 214
251, 9211091, 9211091
277, 75545811, 75545811
1000, 109360339, 109360339
999999, 107124, 87
1000, 109360426, 109360426
999999, 107150, 1
1000, 109360427, 109360427
999999, 107150, 290
1000, 109360717, 109360717
999999, 107104, 253
1000, 109360970, 109360970
999999, 106910, 106
1000, 109361076, 109361076
999999, 106805, 1
1000, 109361077, 109361077
999999, 107042, 215
276, 75546764, 75546764
1000, 109361292, 109361292
999999, 106922, 1
275, 75546765, 75546765
1000, 109361293, 109361293
999999, 106922, 67
274, 75546832, 75546832
1000, 109361360, 109361360
999999, 107117, 1
273, 75546833, 75546833
1000, 109361361, 109361361
999999, 107435, 243
326, 75708868, 75708868
1000, 109361604, 109361604
999999, 107193, 1
325, 75708869, 75708869
1000, 109361605, 109361605
999999, 107198, 338
1000, 109361943, 109361943
999999, 107163, 96
1000, 109362039, 109362039
999999, 107068, 226
1000, 109362265, 109362265
999999, 106889, 77
1000, 109362342, 109362342
999999, 106813, 1
1000, 109362343, 109362343
999999, 107079, 276
325, 75709883, 75709883
1000, 109362619, 109362619
999999, 106825, 49
256, 9213420, 9213420
272, 75548140, 75548140
1000, 109362668, 109362668
999999, 106777, 1
255, 9213421, 9213421
271, 75548141, 75548141
1000, 109362669, 109362669
999999, 107030, 213
270, 75548354, 75548354
1000, 109362882, 109362882
999999, 107136, 110
271, 42704688, 42704688
269, 75548464, 42704688
1000, 109362992, 109362992
999999, 107027, 1
999999, 107127, 254
254, 9213999, 9213999
1000, 109363247, 109363247
999999, 107138, 329
254, 9214328, 9214328
326, 75710840, 75710840
1000, 109363576, 109363576
999999, 106857, 1
254, 9214329, 9214329
326, 75710841, 75710841
1000, 109363577, 109363577
999999, 107045, 41
254, 9214370, 9214370
326, 75710882, 75710882
1000, 109363618, 109363618
999999, 107005, 1
253, 9214371, 9214371
325, 75710883, 75710883
1000, 109363619, 109363619
999999, 107052, 225
252, 9214596, 9214596
324, 75711108, 75711108
1000, 109363844, 109363844
999999, 107096, 94
251, 9214690, 9214690
250, 9224802, 9214690
323, 75711202, 75711202
1000, 109363938, 109363938
999999, 107003, 1
999999, 107091, 222
250, 9225025, 9225025
1000, 109364161, 109364161
999999, 106870, 95
250, 9225120, 9225120
275, 42705952, 42705952
270, 75549728, 42705952
321, 75711520, 75711520
1000, 109364256, 109364256
999999, 107004, 1
250, 9225121, 9225121
275, 42705953, 42705953
269, 75549729, 42705953
320, 75711521, 75711521
1000, 109364257, 109364257
999999, 107004, 190
274, 42706143, 42706143
268, 75549919, 42706143
319, 75711711, 75711711
1000, 109364447, 109364447
999999, 106859, 61
318, 75711772, 75711772
1000, 109364508, 109364508
999999, 106799, 1
318, 75711773, 75711773
1000, 109364509, 109364509
999999, 107111, 254
269, 75550235, 75550235
1000, 109364763, 109364763
999999, 106858, 91
1000, 109364854, 109364854
999999, 107032, 320
1000, 109365174, 109365174
999999, 106713, 1
999999, 106773, 225
1000, 109365400, 109365400
999999, 106549, 1
1000, 109365401, 109365401
999999, 106849, 55
1000, 109365456, 109365456
999999, 106816, 1
1000, 109365457, 109365457
999999, 106816, 265
1000, 109365722, 109365722
999999, 106850, 44
319, 75713030, 75713030
1000, 109365766, 109365766
999999, 106807, 1
319, 75713031, 75713031
1000, 109365767, 109365767
999999, 106813, 304
1000, 109366071, 109366071
999999, 106510, 13
319, 75713348, 75713348
1000, 109366084, 109366084
999999, 106853, 1
318, 75713349, 75713349
1000, 109366085, 109366085
999999, 107090, 261
1000, 109366346, 109366346
999999, 106924, 1
1000, 109366347, 109366347
999999, 106924, 106
1000, 109366453, 109366453
999999, 107080, 253
1000, 109366706, 109366706
999999, 106832, 63
1000, 109366769, 109366769
999999, 107077, 235
317, 75714268, 75714268
1000, 109367004, 109367004
999999, 106843, 1
316, 75714269, 75714269
1000, 109367005, 109367005
999999, 107159, 45
1000, 109367050, 109367050
999999, 107115, 1
1000, 109367051, 109367051
999999, 107160, 251
315, 75714566, 75714566
1000, 109367302, 109367302
999999, 107148, 1
314, 75714567, 75714567
1000, 109367303, 109367303
999999, 107148, 319
313, 75714886, 75714886
1000, 109367622, 109367622
999999, 106877, 114
312, 75715000, 75715000
1000, 109367736, 109367736
999999, 107072, 1
311, 75715001, 75715001
1000, 109367737, 109367737
999999, 107072, 215
1000, 109367952, 109367952
999999, 106901, 1
1000, 109367953, 109367953
999999, 107127, 95
1000, 109368048, 109368048
999999, 107033, 1
1000, 109368049, 109368049
999999, 107123, 225
250, 9229138, 9229138
271, 75553746, 75553746
1000, 109368274, 109368274
999999, 106899, 1
270, 75553747, 75553747
1000, 109368275, 109368275
999999, 107165, 89
269, 75553836, 75553836
1000, 109368364, 109368364
999999, 107077, 1
269, 75553837, 75553837
1000, 109368365, 109368365
999999, 107124, 249
1000, 109368614, 109368614
999999, 107064, 1
1000, 109368615, 109368615
999999, 107064, 285
316, 75716164, 75716164
1000, 109368900, 109368900
999999, 106826, 1
315, 75716165, 75716165
1000, 109368901, 109368901
999999, 107095, 99
270, 75554472, 75554472
1000, 109369000, 109369000
999999, 106997, 216
254, 9230080, 9230080
1000, 109369216, 109369216
999999, 106874, 1
253, 9230081, 9230081
1000, 109369217, 109369217
999999, 106874, 95
253, 9230176, 9230176
288, 42711008, 42711008
269, 75554784, 42711008
316, 75716576, 75716576
1000, 109369312, 109369312
999999, 107094, 1
253, 9230177, 9230177
287, 42711009, 42711009
268, 75554785, 42711009
315, 75716577, 75716577
1000, 109369313, 109369313
999999, 107094, 189
252, 9230366, 9230366
286, 42711198, 42711198
268, 75554974, 42711198
314, 75716766, 75716766
1000, 109369502, 109369502
999999, 107152, 1
251, 9230367, 9230367
285, 42711199, 42711199
268, 75554975, 42711199
313, 75716767, 75716767
1000, 109369503, 109369503
999999, 107448, 59
1000, 109369562, 109369562
999999, 107476, 1
1000, 109369563, 109369563
999999, 107697, 257
250, 9230684, 9230684
312, 75717084, 75717084
1000, 109369820, 109369820
999999, 107441, 43
311, 75717127, 75717127
1000, 109369863, 109369863
999999, 107505, 278
310, 75717405, 75717405
1000, 109370141, 109370141
999999, 107228, 81
1000, 109370222, 109370222
999999, 107358, 1
1000, 109370223, 109370223
999999, 107358, 227
268, 75555922, 75555922
1000, 109370450, 109370450
999999, 107232, 62
1000, 109370512, 109370512
999999, 107171, 1
1000, 109370513, 109370513
999999, 107391, 261
1000, 109370774, 109370774
999999, 107179, 1
1000, 109370775, 109370775
999999, 107459, 62
1000, 109370837, 109370837
999999, 107398, 293
309, 75718394, 75718394
1000, 109371130, 109371130
999999, 107148, 1
308, 75718395, 75718395
1000, 109371131, 109371131
999999, 107148, 49
999999, 107359, 1
268, 75556653, 75556653
1000, 109371181, 109371181
999999, 107415, 271
267, 75556924, 75556924
1000, 109371452, 109371452
999999, 107145, 1
266, 75556925, 75556925
1000, 109371453, 109371453
999999, 107442, 303
265, 75557228, 75557228
1000, 109371756, 109371756
999999, 107200, 1
264, 75557229, 75557229
1000, 109371757, 109371757
999999, 107200, 53
263, 75557282, 75557282
309, 75719074, 75719074
1000, 109371810, 109371810
999999, 107400, 1
262, 75557283, 75557283
308, 75719075, 75719075
1000, 109371811, 109371811
999999, 107400, 243
261, 75557526, 75557526
1000, 109372054, 109372054
999999, 107218, 1
260, 75557527, 75557527
1000, 109372055, 109372055
999999, 107218, 61
286, 42713812, 42713812
259, 75557588, 42713812
1000, 109372116, 109372116
999999, 107432, 1
285, 42713813, 42713813
258, 75557589, 42713813
1000, 109372117, 109372117
999999, 107432, 289
251, 9233270, 9233270
257, 75557878, 75557878
1000, 109372406, 109372406
999999, 107198, 1
250, 9233271, 9233271
256, 75557879, 75557879
1000, 109372407, 109372407
999999, 107198, 52
284, 42714155, 42714155
255, 75557931, 42714155
1000, 109372459, 109372459
999999, 107405, 320
504, 109372778, 109372778
999999, 107086, 215
253, 75558466, 75558466
1000, 109372994, 109372994
999999, 106878, 1
252, 75558467, 75558467
1000, 109372995, 109372995
999999, 106878, 109
251, 75558576, 75558576
1000, 109373104, 109373104
999999, 107075, 1
250, 75558577, 75558577
1000, 109373105, 109373105
999999, 107127, 265
307, 75720634, 75720634
1000, 109373370, 109373370
999999, 106863, 63
306, 75720697, 75720697
1000, 109373433, 109373433
999999, 107015, 244
999999, 106772, 19
254, 9234560, 9234560
1000, 109373696, 109373696
999999, 106849, 309
1000, 109374005, 109374005
999999, 106729, 12
255, 9234881, 9234881
1000, 109374017, 109374017
999999, 106813, 304
254, 9235185, 9235185
1000, 109374321, 109374321
999999, 106717, 47
253, 9235232, 9235232
284, 42716064, 42716064
307, 75721632, 75721632
1000, 109374368, 109374368
999999, 106671, 1
252, 9235233, 9235233
283, 42716065, 42716065
306, 75721633, 75721633
1000, 109374369, 109374369
999999, 106744, 190
252, 9235423, 9235423
282, 42716255, 42716255
305, 75721823, 75721823
1000, 109374559, 109374559
999999, 106799, 96
252, 9235519, 9235519
1000, 109374655, 109374655
999999, 106704, 221
251, 9235740, 9235740
304, 75722140, 75722140
1000, 109374876, 109374876
999999, 106552, 1
250, 9235741, 9235741
303, 75722141, 75722141
1000, 109374877, 109374877
999999, 106552, 89
1000, 109374966, 109374966
999999, 106708, 1
1000, 109374967, 109374967
999999, 106708, 227
1000, 109375194, 109375194
999999, 106572, 1
1000, 109375195, 109375195
999999, 106811, 43
302, 75722502, 75722502
1000, 109375238, 109375238
999999, 106769, 304
1000, 109375542, 109375542
999999, 106782, 1
1000, 109375543, 109375543
999999, 106867, 59
1000, 109375602, 109375602
999999, 106809, 1
1000, 109375603, 109375603
999999, 107081, 234
301, 75723101, 75723101
1000, 109375837, 109375837
999999, 106848, 54
1000, 109375891, 109375891
999999, 106835, 243
300, 75723398, 75723398
1000, 109376134, 109376134
999999, 106854, 1
299, 75723399, 75723399
1000, 109376135, 109376135
999999, 106854, 101
1000, 109376236, 109376236
999999, 106773, 1
1000, 109376237, 109376237
999999, 107042, 217
252, 9237318, 9237318
298, 75723718, 75723718
1000, 109376454, 109376454
999999, 106886, 115
501, 109376568, 109376568
999999, 106772, 207
1000, 109376776, 109376776
999999, 106866, 96
1000, 109376872, 109376872
999999, 106780, 1
1000, 109376873, 109376873
999999, 106780, 229
1000, 109377102, 109377102
999999, 106826, 1
1000, 109377103, 109377103
999999, 106826, 351
1000, 109377454, 109377454
999999, 106567, 75
299, 75724793, 75724793
1000, 109377529, 109377529
999999, 106739, 205
298, 75724998, 75724998
1000, 109377734, 109377734
999999, 106554, 1
297, 75724999, 75724999
1000, 109377735, 109377735
999999, 106554, 107
1000, 109377842, 109377842
999999, 106720, 1
1000, 109377843, 109377843
999999, 106720, 257
1000, 109378100, 109378100
999999, 106558, 1
1000, 109378101, 109378101
999999, 106558, 47
254, 8419940, 8419940
250, 9239012, 8419940
1000, 109378148, 109378148
999999, 106725, 238
1000, 109378386, 109378386
999999, 106576, 306
255, 8420484, 8420484
296, 75725956, 75725956
1000, 109378692, 109378692
999999, 106271, 1
255, 8420485, 8420485
295, 75725957, 75725957
1000, 109378693, 109378693
999999, 106541, 99
1000, 109378792, 109378792
999999, 106443, 1
1000, 109378793, 109378793
999999, 106491, 219
257, 8420804, 8420804
294, 75726276, 75726276
1000, 109379012, 109379012
999999, 106273, 1
257, 8420805, 8420805
293, 75726277, 75726277
1000, 109379013, 109379013
999999, 106526, 99
1000, 109379112, 109379112
999999, 106488, 264
256, 9240240, 9240240
1000, 109379376, 109379376
999999, 106225, 1
256, 9240241, 9240241
1000, 109379377, 109379377
999999, 106414, 48
999999, 106462, 189
260, 8421406, 8421406
256, 9240478, 8421406
283, 42721310, 42721310
294, 75726878, 75726878
1000, 109379614, 109379614
999999, 106493, 62
282, 42721372, 42721372
293, 75726940, 75726940
1000, 109379676, 109379676
999999, 106786, 1
281, 42721373, 42721373
292, 75726941, 75726941
1000, 109379677, 109379677
999999, 106786, 249
280, 42721622, 42721622
1000, 109379926, 109379926
999999, 106544, 66
279, 42721688, 42721688
291, 75727256, 75727256
1000, 109379992, 109379992
999999, 106747, 1
278, 42721689, 42721689
290, 75727257, 75727257
1000, 109379993, 109379993
999999, 106807, 253
277, 42721942, 42721942
1000, 109380246, 109380246
999999, 106555, 1
276, 42721943, 42721943
1000, 109380247, 109380247
999999, 106819, 88
259, 9241199, 9241199
275, 42722031, 42722031
1000, 109380335, 109380335
999999, 106789, 227
258, 9241426, 9241426
274, 42722258, 42722258
1000, 109380562, 109380562
999999, 106858, 1
257, 9241427, 9241427
273, 42722259, 42722259
1000, 109380563, 109380563
999999, 106858, 97
272, 42722356, 42722356
1000, 109380660, 109380660
999999, 106769, 218
271, 42722574, 42722574
1000, 109380878, 109380878
999999, 106821, 1
270, 42722575, 42722575
1000, 109380879, 109380879
999999, 106909, 55
269, 42722630, 42722630
290, 75728198, 75728198
1000, 109380934, 109380934
999999, 107108, 1
999999, 107108, 270
267, 42722901, 42722901
1000, 109381205, 109381205
999999, 106900, 85
259, 9242154, 9242154
266, 42722986, 42722986
1000, 109381290, 109381290
999999, 107092, 1
258, 9242155, 9242155
265, 42722987, 42722987
1000, 109381291, 109381291
999999, 107092, 274
264, 42723261, 42723261
288, 75728829, 75728829
1000, 109381565, 109381565
999999, 106829, 45
263, 42723306, 42723306
1000, 109381610, 109381610
999999, 106785, 1
999999, 107145, 252
261, 42723559, 42723559
287, 75729127, 75729127
1000, 109381863, 109381863
999999, 106894, 26
260, 42723585, 42723585
286, 75729153, 75729153
1000, 109381889, 109381889
999999, 107096, 269
259, 42723854, 42723854
1000, 109382158, 109382158
999999, 106905, 1
258, 42723855, 42723855
1000, 109382159, 109382159
999999, 107164, 59
257, 42723914, 42723914
1000, 109382218, 109382218
999999, 107161, 1
256, 42723915, 42723915
1000, 109382219, 109382219
999999, 107439, 300
255, 42724215, 42724215
1000, 109382519, 109382519
999999, 107140, 17
254, 42724232, 42724232
1000, 109382536, 109382536
999999, 107180, 1
253, 42724233, 42724233
1000, 109382537, 109382537
999999, 107399, 271
252, 42724504, 42724504
287, 75730072, 75730072
1000, 109382808, 109382808
999999, 107210, 1
251, 42724505, 42724505
286, 75730073, 75730073
1000, 109382809, 109382809
999999, 107210, 89
250, 42724594, 42724594
1000, 109382898, 109382898
999999, 107455, 214
1000, 109383112, 109383112
999999, 107484, 1
1000, 109383113, 109383113
999999, 107484, 95
1000, 109383208, 109383208
999999, 107638, 1
1000, 109383209, 109383209
999999, 107638, 269
1000, 109383478, 109383478
999999, 107431, 60
1000, 109383538, 109383538
999999, 107620, 1
1000, 109383539, 109383539
999999, 107620, 207
287, 75731010, 75731010
1000, 109383746, 109383746
999999, 107460, 1
286, 75731011, 75731011
1000, 109383747, 109383747
999999, 107735, 101
1000, 109383848, 109383848
999999, 107726, 220
303, 8425860, 8425860
285, 75731332, 8425860
1000, 109384068, 109384068
999999, 107507, 1
303, 8425861, 8425861
284, 75731333, 8425861
1000, 109384069, 109384069
999999, 107717, 99
1000, 109384168, 109384168
999999, 107619, 1
1000, 109384169, 109384169
999999, 107679, 263
262, 9245296, 9245296
1000, 109384432, 109384432
999999, 107678, 1
261, 9245297, 9245297
1000, 109384433, 109384433
999999, 107678, 47
307, 8426272, 8426272
260, 9245344, 8426272
283, 75731744, 8426272
1000, 109384480, 109384480
999999, 107692, 1
307, 8426273, 8426273
259, 9245345, 8426273
282, 75731745, 8426273
1000, 109384481, 109384481
999999, 107692, 189
307, 8426462, 8426462
258, 9245534, 8426462
281, 75731934, 8426462
1000, 109384670, 109384670
999999, 107767, 56
1000, 109384726, 109384726
999999, 107810, 260
280, 75732250, 75732250
1000, 109384986, 109384986
999999, 107551, 1
535, 26547513, 26547513
999999, 107767, 92
1000, 109385079, 109385079
999999, 107676, 230
278, 75732573, 75732573
1000, 109385309, 109385309
999999, 107533, 81
257, 9246254, 9246254
1000, 109385390, 109385390
999999, 107453, 269
313, 8427451, 8427451
277, 75732923, 8427451
1000, 109385659, 109385659
999999, 107413, 48
1000, 109385707, 109385707
999999, 107450, 228
1000, 109385935, 109385935
999999, 107503, 107
315, 8427834, 8427834
276, 75733306, 8427834
1000, 109386042, 109386042
999999, 107397, 1
315, 8427835, 8427835
275, 75733307, 8427835
1000, 109386043, 109386043
999999, 107451, 257
274, 75733564, 75733564
1000, 109386300, 109386300
999999, 107195, 1
273, 75733565, 75733565
1000, 109386301, 109386301
999999, 107504, 54
1000, 109386355, 109386355
999999, 107671, 251
1000, 109386606, 109386606
999999, 107421, 1
1000, 109386607, 109386607
999999, 107517, 34
1000, 109386641, 109386641
999999, 107799, 284
1000, 109386925, 109386925
999999, 107516, 301
273, 75734490, 75734490
1000, 109387226, 109387226
999999, 107488, 1
999999, 107488, 48
999999, 107487, 257
1000, 109387532, 109387532
999999, 107231, 109
273, 75734905, 75734905
1000, 109387641, 109387641
999999, 107339, 257
327, 8429690, 8429690
273, 75735162, 8429690
1000, 109387898, 109387898
999999, 107083, 1
327, 8429691, 8429691
272, 75735163, 8429691
1000, 109387899, 109387899
999999, 107435, 9
327, 8429700, 8429700
256, 9248772, 8429700
271, 75735172, 8429700
1000, 109387908, 109387908
999999, 107427, 1
327, 8429701, 8429701
255, 9248773, 8429701
270, 75735173, 8429701
1000, 109387909, 109387909
999999, 107500, 253
269, 75735426, 75735426
1000, 109388162, 109388162
999999, 107488, 62
268, 75735488, 75735488
1000, 109388224, 109388224
999999, 107427, 1
268, 75735489, 75735489
1000, 109388225, 109388225
999999, 107487, 279
268, 75735768, 75735768
1000, 109388504, 109388504
999999, 107209, 1
268, 75735769, 75735769
1000, 109388505, 109388505
999999, 107397, 91
1000, 109388596, 109388596
999999, 107402, 254
1000, 109388850, 109388850
999999, 107364, 1
1000, 109388851, 109388851
999999, 107451, 13
267, 75736128, 75736128
1000, 109388864, 109388864
999999, 107675, 1
266, 75736129, 75736129
1000, 109388865, 109388865
999999, 107723, 355
265, 75736484, 75736484
1000, 109389220, 109389220
999999, 107369, 1
264, 75736485, 75736485
1000, 109389221, 109389221
999999, 107635, 259
1000, 109389480, 109389480
999999, 107377, 1
1000, 109389481, 109389481
999999, 107431, 245
341, 8431518, 8431518
263, 9250590, 8431518
263, 75736990, 8431518
1000, 109389726, 109389726
999999, 107440, 1
341, 8431519, 8431519
262, 9250591, 8431519
262, 75736991, 8431519
1000, 109389727, 109389727
999999, 107440, 55
1000, 109389782, 109389782
999999, 107452, 248
261, 9250894, 9250894
1000, 109390030, 109390030
999999, 107501, 1
260, 9250895, 9250895
1000, 109390031, 109390031
999999, 107550, 69
1000, 109390100, 109390100
999999, 107750, 1
1000, 109390101, 109390101
999999, 107750, 249
262, 9251214, 9251214
1000, 109390350, 109390350
999999, 107510, 1
261, 9251215, 9251215
1000, 109390351, 109390351
999999, 107805, 107
348, 8432250, 8432250
265, 75737722, 8432250
1000, 109390458, 109390458
999999, 107699, 1
348, 8432251, 8432251
264, 75737723, 8432251
1000, 109390459, 109390459
999999, 107753, 203
263, 75737926, 75737926
1000, 109390662, 109390662
999999, 107551, 1
263, 75737927, 75737927
1000, 109390663, 109390663
999999, 107891, 59
260, 9251586, 9251586
262, 75737986, 75737986
1000, 109390722, 109390722
999999, 108084, 1
259, 9251587, 9251587
261, 75737987, 75737987
1000, 109390723, 109390723
999999, 108084, 275
439, 47262860, 47262860
321, 114568332, 47262860
999999, 107875, 48
999999, 108036, 310
259, 75738620, 75738620
1000, 109391356, 109391356
999999, 107727, 1
258, 75738621, 75738621
1000, 109391357, 109391357
999999, 107823, 45
258, 9252266, 9252266
1000, 109391402, 109391402
999999, 107992, 1
257, 9252267, 9252267
1000, 109391403, 109391403
999999, 107992, 225
1000, 109391628, 109391628
999999, 107828, 1
1000, 109391629, 109391629
999999, 108129, 53
257, 75738946, 75738946
1000, 109391682, 109391682
999999, 108138, 258
361, 8433732, 8433732
257, 75739204, 8433732
1000, 109391940, 109391940
999999, 108096, 338
1000, 109392278, 109392278
999999, 107759, 96
1000, 109392374, 109392374
999999, 107983, 248
1000, 109392622, 109392622
999999, 107842, 1
1000, 109392623, 109392623
999999, 108086, 33
1000, 109392656, 109392656
999999, 108302, 1
1000, 109392657, 109392657
999999, 108302, 297
367, 8434746, 8434746
260, 75740218, 8434746
1000, 109392954, 109392954
999999, 108060, 1
367, 8434747, 8434747
259, 75740219, 8434747
1000, 109392955, 109392955
999999, 108060, 13
1000, 109392968, 109392968
999999, 108309, 1
1000, 109392969, 109392969
999999, 108625, 345
258, 75740578, 75740578
1000, 109393314, 109393314
999999, 108331, 1
258, 75740579, 75740579
1000, 109393315, 109393315
999999, 108631, 231
1000, 109393546, 109393546
999999, 108408, 56
263, 9254466, 9254466
257, 75740866, 9254466
1000, 109393602, 109393602
999999, 108353, 1
262, 9254467, 9254467
256, 75740867, 9254467
1000, 109393603, 109393603
999999, 108633, 297
261, 9254764, 9254764
1000, 109393900, 109393900
999999, 108337, 1
260, 9254765, 9254765
1000, 109393901, 109393901
999999, 108391, 67
1000, 109393968, 109393968
999999, 108325, 216
1000, 109394184, 109394184
999999, 108404, 1
1000, 109394185, 109394185
999999, 108404, 407
379, 8436384, 8436384
259, 9255456, 8436384
255, 75741856, 8436384
1000, 109394592, 109394592
999999, 108003, 1
379, 8436385, 8436385
258, 9255457, 8436385
255, 75741857, 8436385
1000, 109394593, 109394593
999999, 108313, 189
379, 8436574, 8436574
257, 9255646, 8436574
254, 75742046, 8436574
1000, 109394782, 109394782
999999, 108133, 1
379, 8436575, 8436575
256, 9255647, 8436575
253, 75742047, 8436575
1000, 109394783, 109394783
999999, 108436, 59
252, 75742106, 75742106
1000, 109394842, 109394842
999999, 108427, 1
528, 26557369, 26557369
999999, 108667, 257
255, 9255964, 9255964
250, 75742364, 9255964
1000, 109395100, 109395100
999999, 108411, 82
254, 9256046, 9256046
1000, 109395182, 109395182
999999, 108424, 1
253, 9256047, 9256047
1000, 109395183, 109395183
999999, 108424, 231
1000, 109395414, 109395414
999999, 108404, 1
1000, 109395415, 109395415
999999, 108404, 100
386, 8437307, 8437307
1000, 109395515, 109395515
999999, 108409, 251
1000, 109395766, 109395766
999999, 108159, 293
1000, 109396059, 109396059
999999, 108115, 49
1000, 109396108, 109396108
999999, 108067, 1
1000, 109396109, 109396109
999999, 108378, 289
1000, 109396398, 109396398
999999, 108154, 1
1000, 109396399, 109396399
999999, 108154, 69
1000, 109396468, 109396468
999999, 108319, 1
1000, 109396469, 109396469
999999, 108365, 249
1000, 109396718, 109396718
999999, 108117, 1
1000, 109396719, 109396719
999999, 108414, 33
1000, 109396752, 109396752
999999, 108720, 1
1000, 109396753, 109396753
999999, 108975, 295
1000, 109397048, 109397048
999999, 108681, 1
1000, 109397049, 109397049
999999, 108775, 56
1000, 109397105, 109397105
999999, 108720, 269
999999, 108641, 1
1000, 109397375, 109397375
999999, 108696, 19
1000, 109397394, 109397394
999999, 108938, 1
1000, 109397395, 109397395
999999, 108938, 292
1000, 109397687, 109397687
999999, 108687, 271
1000, 109397958, 109397958
999999, 108417, 1
1000, 109397959, 109397959
999999, 108787, 74
260, 9258897, 9258897
1000, 109398033, 109398033
999999, 108714, 290
1000, 109398323, 109398323
999999, 108675, 61
999999, 108615, 232
1000, 109398616, 109398616
999999, 108442, 1
999999, 108442, 47
1000, 109398664, 109398664
999999, 108622, 1
1000, 109398665, 109398665
999999, 108687, 304
999999, 108384, 44
1000, 109399013, 109399013
999999, 108583, 261
1000, 109399274, 109399274
999999, 108430, 1
999999, 108649, 57
999999, 108593, 268
1000, 109399600, 109399600
999999, 108410, 1
1000, 109399601, 109399601
999999, 108626, 47
422, 8441440, 8441440
264, 9260512, 8441440
1000, 109399648, 109399648
999999, 108640, 1
422, 8441441, 8441441
263, 9260513, 8441441
1000, 109399649, 109399649
999999, 108640, 189
422, 8441630, 8441630
262, 9260702, 8441630
1000, 109399838, 109399838
999999, 108768, 48
261, 9260750, 9260750
1000, 109399886, 109399886
999999, 108721, 584
1000, 109400470, 109400470
999999, 108162, 1
1000, 109400471, 109400471
999999, 108162, 88
260, 9261423, 9261423
1000, 109400559, 109400559
999999, 108317, 229
1000, 109400788, 109400788
999999, 108183, 1
1000, 109400789, 109400789
999999, 108407, 45
1000, 109400834, 109400834
999999, 108464, 280
1000, 109401114, 109401114
999999, 108185, 1
1000, 109401115, 109401115
999999, 108445, 55
1000, 109401170, 109401170
999999, 108391, 296
432, 8443258, 8443258
1000, 109401466, 109401466
999999, 108151, 10
432, 8443268, 8443268
1000, 109401476, 109401476
999999, 108369, 299
1000, 109401775, 109401775
999999, 108151, 317
1000, 109402092, 109402092
999999, 107835, 1
1000, 109402093, 109402093
999999, 108095, 56
259, 9263013, 9263013
1000, 109402149, 109402149
999999, 108040, 247
1000, 109402396, 109402396
999999, 107860, 1
1000, 109402397, 109402397
999999, 107860, 95
999999, 108016, 1
1000, 109402493, 109402493
999999, 108016, 213
1000, 109402706, 109402706
999999, 107856, 1
1000, 109402707, 109402707
999999, 107856, 89
1000, 109402796, 109402796
999999, 108085, 1
1000, 109402797, 109402797
999999, 108273, 265
1000, 109403062, 109403062
999999, 108009, 1
999999, 108069, 51
1000, 109403114, 109403114
999999, 108019, 1
1000, 109403115, 109403115
999999, 108259, 257
1000, 109403372, 109403372
999999, 108003, 68
1000, 109403440, 109403440
999999, 108268, 226
1000, 109403666, 109403666
999999, 108359, 1
1000, 109403667, 109403667
999999, 108406, 48
1000, 109403715, 109403715
999999, 108632, 305
1000, 109404020, 109404020
999999, 108382, 12
269, 9264896, 9264896
1000, 109404032, 109404032
999999, 108371, 1
268, 9264897, 9264897
1000, 109404033, 109404033
999999, 108667, 257
267, 9265154, 9265154
1000, 109404290, 109404290
999999, 108411, 1
266, 9265155, 9265155
1000, 109404291, 109404291
999999, 108469, 97
1000, 109404388, 109404388
999999, 108373, 1
1000, 109404389, 109404389
999999, 108582, 253
266, 9265506, 9265506
1000, 109404642, 109404642
999999, 108398, 1
265, 9265507, 9265507
1000, 109404643, 109404643
999999, 108398, 61
451, 8446496, 8446496
264, 9265568, 8446496
1000, 109404704, 109404704
999999, 108620, 190
451, 8446686, 8446686
263, 9265758, 8446686
1000, 109404894, 109404894
999999, 108484, 1
451, 8446687, 8446687
262, 9265759, 8446687
1000, 109404895, 109404895
999999, 108484, 55
1000, 109404950, 109404950
999999, 108678, 1
1000, 109404951, 109404951
999999, 108678, 321
1000, 109405272, 109405272
999999, 108416, 246
1000, 109405518, 109405518
999999, 108427, 1
1000, 109405519, 109405519
999999, 108742, 73
1000, 109405592, 109405592
999999, 108762, 1
1000, 109405593, 109405593
999999, 108762, 291
263, 9266748, 9266748
1000, 109405884, 109405884
999999, 108728, 1
262, 9266749, 9266749
1000, 109405885, 109405885
999999, 108740, 321
1000, 109406206, 109406206
999999, 108692, 1
1000, 109406207, 109406207
999999, 108692, 13
1000, 109406220, 109406220
999999, 108774, 1
1000, 109406221, 109406221
999999, 108774, 249
1000, 109406470, 109406470
999999, 108734, 1
1000, 109406471, 109406471
999999, 108734, 65
1000, 109406536, 109406536
999999, 108776, 1
1000, 109406537, 109406537
999999, 108776, 307
1000, 109406844, 109406844
999999, 108720, 1
1000, 109406845, 109406845
999999, 108720, 5
1000, 109406850, 109406850
999999, 108782, 1
1000, 109406851, 109406851
999999, 109037, 303
1000, 109407154, 109407154
999999, 108735, 1
1000, 109407155, 109407155
999999, 108781, 47
1000, 109407202, 109407202
999999, 108735, 1
1000, 109407203, 109407203
999999, 108923, 235
1000, 109407438, 109407438
999999, 108689, 1
1000, 109407439, 109407439
999999, 108735, 107
470, 8449338, 8449338
1000, 109407546, 109407546
999999, 108629, 252
1000, 109407798, 109407798
999999, 108647, 14
470, 8449604, 8449604
275, 9268676, 8449604
1000, 109407812, 109407812
999999, 108722, 1
469, 8449605, 8449605
274, 9268677, 8449605
1000, 109407813, 109407813
999999, 108722, 305
273, 9268982, 9268982
1000, 109408118, 109408118
999999, 108644, 1
272, 9268983, 9268983
1000, 109408119, 109408119
999999, 108728, 17
1000, 109408136, 109408136
999999, 108926, 1
1000, 109408137, 109408137
999999, 109021, 263
1000, 109408400, 109408400
999999, 109038, 96
1000, 109408496, 109408496
999999, 108943, 229
1000, 109408725, 109408725
999999, 108733, 81
1000, 109408806, 109408806
999999, 108653, 1
1000, 109408807, 109408807
999999, 108909, 262
271, 9269933, 9269933
1000, 109409069, 109409069
999999, 108648, 67
1000, 109409136, 109409136
999999, 108633, 212
472, 8451140, 8451140
1000, 109409348, 109409348
999999, 108774, 94
271, 9270306, 9270306
1000, 109409442, 109409442
999999, 108938, 1
271, 9270307, 9270307
1000, 109409443, 109409443
999999, 108997, 257
1000, 109409700, 109409700
999999, 108741, 60
474, 8451552, 8451552
271, 9270624, 8451552
1000, 109409760, 109409760
999999, 108925, 1
473, 8451553, 8451553
270, 9270625, 8451553
1000, 109409761, 109409761
999999, 108969, 189
472, 8451742, 8451742
269, 9270814, 8451742
1000, 109409950, 109409950
999999, 108781, 1
471, 8451743, 8451743
268, 9270815, 8451743
1000, 109409951, 109409951
999999, 109071, 55
1000, 109410006, 109410006
999999, 109017, 296
267, 9271166, 9271166
1000, 109410302, 109410302
999999, 108742, 62
1000, 109410364, 109410364
999999, 108681, 1
1000, 109410365, 109410365
999999, 108942, 313
1000, 109410678, 109410678
999999, 108988, 1
999999, 109035, 225
1000, 109410904, 109410904
999999, 109043, 1
1000, 109410905, 109410905
999999, 109097, 47
1000, 109410952, 109410952
999999, 109346, 1
1000, 109410953, 109410953
999999, 109346, 323
1000, 109411276, 109411276
999999, 109080, 298
1000, 109411574, 109411574
999999, 109356, 1
1000, 109411575, 109411575
999999, 109356, 11
1000, 109411586, 109411586
999999, 109407, 1
1000, 109411587, 109411587
999999, 109595, 312
481, 8453691, 8453691
1000, 109411899, 109411899
999999, 109284, 13
1000, 109411912, 109411912
999999, 109332, 298
1000, 109412210, 109412210
999999, 109035, 1
1000, 109412211, 109412211
999999, 109283, 49
1000, 109412260, 109412260
999999, 109334, 1
1000, 109412261, 109412261
999999, 109553, 234
1000, 109412495, 109412495
999999, 109320, 55
1000, 109412550, 109412550
999999, 109316, 1
1000, 109412551, 109412551
999999, 109316, 261
1000, 109412812, 109412812
999999, 109360, 1
1000, 109412813, 109412813
999999, 109360, 93
1000, 109412906, 109412906
999999, 109275, 1
1000, 109412907, 109412907
999999, 109547, 273
999999, 109275, 1
1000, 109413181, 109413181
999999, 109333, 45
274, 9274090, 9274090
1000, 109413226, 109413226
999999, 109289, 1
273, 9274091, 9274091
1000, 109413227, 109413227
999999, 109631, 263
1000, 109413490, 109413490
999999, 109600, 1
1000, 109413491, 109413491
999999, 109600, 49
491, 8455332, 8455332
1000, 109413540, 109413540
999999, 109652, 266
251, 8627502, 8627502
272, 9274670, 9274670
1000, 109413806, 109413806
999999, 109387, 1
250, 8627503, 8627503
271, 9274671, 9274671
1000, 109413807, 109413807
999999, 109602, 61
270, 9274732, 9274732
1000, 109413868, 109413868
999999, 109625, 1
269, 9274733, 9274733
1000, 109413869, 109413869
999999, 109871, 228
250, 8627793, 8627793
268, 9274961, 9274961
1000, 109414097, 109414097
999999, 109692, 87
1000, 109414184, 109414184
999999, 109906, 1
999999, 109906, 223
1000, 109414408, 109414408
999999, 109693, 1
1000, 109414409, 109414409
999999, 109989, 351
1000, 109414760, 109414760
999999, 109658, 1
1000, 109414761, 109414761
999999, 109658, 55
497, 8456608, 8456608
250, 8628512, 8456608
270, 9275680, 8456608
1000, 109414816, 109414816
999999, 109960, 1
497, 8456609, 8456609
270, 9275681, 8456609
1000, 109414817, 109414817
999999, 109960, 250
539, 26577593, 26577593
999999, 109936, 243
269, 9276174, 9276174
1000, 109415310, 109415310
999999, 110018, 74
1000, 109415384, 109415384
999999, 109945, 1
1000, 109415385, 109415385
999999, 110031, 293
497, 8457470, 8457470
268, 9276542, 8457470
1000, 109415678, 109415678
999999, 109739, 23
1000, 109415701, 109415701
999999, 109969, 289
999999, 109681, 1
1000, 109415991, 109415991
999999, 109745, 59
1000, 109416050, 109416050
999999, 109687, 1
1000, 109416051, 109416051
999999, 109937, 233
1000, 109416284, 109416284
999999, 109705, 94
499, 8458170, 8458170
1000, 109416378, 109416378
999999, 109671, 1
499, 8458171, 8458171
1000, 109416379, 109416379
999999, 109859, 215
1000, 109416594, 109416594
999999, 109645, 102
999999, 109598, 1
1000, 109416697, 109416697
999999, 109859, 217
1000, 109416914, 109416914
999999, 109736, 91
1000, 109417005, 109417005
999999, 109646, 267
1000, 109417272, 109417272
999999, 109590, 1
1000, 109417273, 109417273
999999, 109590, 47
1000, 109417320, 109417320
999999, 109650, 1
1000, 109417321, 109417321
999999, 109650, 241
507, 8459354, 8459354
1000, 109417562, 109417562
999999, 109652, 1
506, 8459355, 8459355
1000, 109417563, 109417563
999999, 109987, 49
1000, 109417612, 109417612
999999, 109965, 1
1000, 109417613, 109417613
999999, 110215, 253
1000, 109417866, 109417866
999999, 109963, 1
1000, 109417867, 109417867
999999, 110013, 97
1000, 109417964, 109417964
999999, 110223, 1
1000, 109417965, 109417965
999999, 110231, 232
1000, 109418197, 109418197
999999, 110000, 81
252, 8631974, 8631974
1000, 109418278, 109418278
999999, 110222, 1
251, 8631975, 8631975
1000, 109418279, 109418279
999999, 110222, 221
510, 8460292, 8460292
252, 42113028, 8460292
1000, 109418500, 109418500
999999, 110048, 1
509, 8460293, 8460293
251, 42113029, 8460293
1000, 109418501, 109418501
999999, 110048, 333
1000, 109418834, 109418834
999999, 109948, 1
1000, 109418835, 109418835
999999, 109948, 95
486, 109418931, 109418931
999999, 109961, 1
275, 9279795, 9279795
1000, 109418931, 109418931
999999, 110215, 244
1000, 109419175, 109419175
999999, 109972, 65
1000, 109419240, 109419240
999999, 109920, 255
1000, 109419495, 109419495
999999, 109666, 66
1000, 109419561, 109419561
999999, 109905, 249
276, 9280674, 9280674
1000, 109419810, 109419810
999999, 109657, 1
275, 9280675, 9280675
1000, 109419811, 109419811
999999, 109665, 251
517, 8461854, 8461854
252, 8633758, 8461854
274, 9280926, 8461854
257, 42114590, 8461854
1000, 109420062, 109420062
999999, 109415, 61
516, 8461915, 8461915
1000, 109420123, 109420123
999999, 109650, 292
515, 8462207, 8462207
251, 8634111, 8462207
273, 9281279, 8462207
1000, 109420415, 109420415
999999, 109413, 11
250, 8634122, 8634122
1000, 109420426, 109420426
999999, 109403, 1
250, 8634123, 8634123
1000, 109420427, 109420427
999999, 109681, 260
250, 8634383, 8634383
274, 9281551, 9281551
1000, 109420687, 109420687
999999, 109422, 103
1000, 109420790, 109420790
999999, 109629, 1
1000, 109420791, 109420791
999999, 109677, 211
1000, 109421002, 109421002
999999, 109467, 1
1000, 109421003, 109421003
999999, 109728, 97
1000, 109421100, 109421100
999999, 109653, 1
1000, 109421101, 109421101
999999, 109947, 233
250, 8635030, 8635030
275, 9282198, 9282198
1000, 109421334, 109421334
999999, 109715, 1
250, 8635031, 8635031
275, 9282199, 9282199
1000, 109421335, 109421335
999999, 109769, 61
275, 9282260, 9282260
1000, 109421396, 109421396
999999, 109709, 1
999999, 109897, 255
1000, 109421652, 109421652
999999, 109643, 1
999999, 109737, 85
254, 8635434, 8635434
1000, 109421738, 109421738
999999, 109653, 1
253, 8635435, 8635435
1000, 109421739, 109421739
999999, 109859, 267
1000, 109422006, 109422006
999999, 109667, 1
1000, 109422007, 109422007
999999, 109911, 51
1000, 109422058, 109422058
999999, 109861, 1
1000, 109422059, 109422059
999999, 109927, 264
1000, 109422323, 109422323
999999, 109664, 13
525, 8464128, 8464128
1000, 109422336, 109422336
999999, 109948, 1
524, 8464129, 8464129
1000, 109422337, 109422337
999999, 109948, 283
1000, 109422620, 109422620
999999, 109712, 1
1000, 109422621, 109422621
999999, 109712, 55
1000, 109422676, 109422676
999999, 109896, 1
1000, 109422677, 109422677
999999, 109896, 281
1000, 109422958, 109422958
999999, 109662, 34
1000, 109422992, 109422992
999999, 109629, 1
1000, 109422993, 109422993
999999, 109925, 245
1000, 109423238, 109423238
999999, 109681, 108
252, 8637042, 8637042
1000, 109423346, 109423346
999999, 109584, 1
251, 8637043, 8637043
1000, 109423347, 109423347
999999, 109843, 209
529, 8465348, 8465348
264, 42118084, 8465348
1000, 109423556, 109423556
999999, 109635, 1
528, 8465349, 8465349
263, 42118085, 8465349
1000, 109423557, 109423557
999999, 109743, 95
527, 8465444, 8465444
1000, 109423652, 109423652
999999, 109854, 1
526, 8465445, 8465445
1000, 109423653, 109423653
999999, 109854, 277
999999, 109679, 1
525, 8465723, 8465723
261, 42118459, 8465723
1000, 109423931, 109423931
999999, 109955, 265
524, 8465988, 8465988
260, 42118724, 8465988
1000, 109424196, 109424196
999999, 109691, 100
1000, 109424296, 109424296
999999, 109646, 254
1000, 109424550, 109424550
999999, 109393, 1
1000, 109424551, 109424551
999999, 109639, 65
1000, 109424616, 109424616
999999, 109575, 1
1000, 109424617, 109424617
999999, 109599, 215
523, 8466624, 8466624
250, 8638528, 8466624
282, 9285696, 8466624
1000, 109424832, 109424832
999999, 109385, 1
522, 8466625, 8466625
281, 9285697, 8466625
1000, 109424833, 109424833
999999, 109691, 96
521, 8466721, 8466721
280, 9285793, 8466721
259, 42119457, 8466721
1000, 109424929, 109424929
999999, 109596, 189
520, 8466910, 8466910
280, 9285982, 8466910
258, 42119646, 8466910
1000, 109425118, 109425118
999999, 109418, 63
1000, 109425181, 109425181
999999, 109356, 254
520, 8467227, 8467227
280, 9286299, 8467227
1000, 109425435, 109425435
999999, 109405, 49
279, 9286348, 9286348
1000, 109425484, 109425484
999999, 109401, 1
279, 9286349, 9286349
1000, 109425485, 109425485
999999, 109631, 266
279, 9286615, 9286615
1000, 109425751, 109425751
999999, 109366, 87
278, 9286702, 9286702
1000, 109425838, 109425838
999999, 109334, 1
277, 9286703, 9286703
1000, 109425839, 109425839
999999, 109334, 267
523, 8467898, 8467898
260, 42120634, 8467898
1000, 109426106, 109426106
999999, 109321, 48
1000, 109426154, 109426154
999999, 109371, 1
1000, 109426155, 109426155
999999, 109605, 239
522, 8468186, 8468186
1000, 109426394, 109426394
999999, 109367, 50
1000, 109426444, 109426444
999999, 109400, 262
277, 9287570, 9287570
1000, 109426706, 109426706
999999, 109139, 1
277, 9287571, 9287571
1000, 109426707, 109426707
999999, 109405, 326
277, 9287897, 9287897
1000, 109427033, 109427033
999999, 109080, 77
277, 9287974, 9287974
1000, 109427110, 109427110
999999, 109051, 1
277, 9287975, 9287975
1000, 109427111, 109427111
999999, 109239, 221
526, 8469124, 8469124
262, 42121860, 8469124
1000, 109427332, 109427332
999999, 109019, 1
525, 8469125, 8469125
261, 42121861, 8469125
1000, 109427333, 109427333
999999, 109077, 59
524, 8469184, 8469184
1000, 109427392, 109427392
999999, 109019, 1
524, 8469185, 8469185
1000, 109427393, 109427393
999999, 109269, 317
524, 8469502, 8469502
1000, 109427710, 109427710
999999, 108953, 1
523, 8469503, 8469503
1000, 109427711, 109427711
999999, 109017, 13
1000, 109427724, 109427724
999999, 109005, 1
1000, 109427725, 109427725
999999, 109298, 263
1000, 109427988, 109427988
999999, 109049, 82
279, 9288934, 9288934
1000, 109428070, 109428070
999999, 109268, 238
278, 9289172, 9289172
1000, 109428308, 109428308
999999, 109031, 87
1000, 109428395, 109428395
999999, 109005, 257
1000, 109428652, 109428652
999999, 108749, 1
1000, 109428653, 109428653
999999, 108970, 59
1000, 109428712, 109428712
999999, 109254, 1
1000, 109428713, 109428713
999999, 109254, 226
1000, 109428939, 109428939
999999, 109047, 104
1000, 109429043, 109429043
999999, 108944, 243
277, 9290150, 9290150
1000, 109429286, 109429286
999999, 109000, 26
528, 8471104, 8471104
1000, 109429312, 109429312
999999, 108975, 295
999999, 108713, 74
253, 8633265, 8633265
276, 9290545, 9290545
1000, 109429681, 109429681
999999, 108640, 242
275, 9290787, 9290787
1000, 109429923, 109429923
999999, 108641, 61
528, 8471776, 8471776
254, 8633568, 8471776
274, 9290848, 8471776
265, 42124512, 8471776
1000, 109429984, 109429984
251, 109773792, 109429984
999999, 108640, 1
527, 8471777, 8471777
254, 8633569, 8471777
273, 9290849, 8471777
264, 42124513, 8471777
1000, 109429985, 109429985
250, 109773793, 109429985
999999, 108640, 190
527, 8471967, 8471967
254, 8633759, 8471967
272, 9291039, 8471967
263, 42124703, 8471967
1000, 109430175, 109430175
999999, 108719, 61
271, 9291100, 9291100
1000, 109430236, 109430236
999999, 108726, 1
270, 9291101, 9291101
1000, 109430237, 109430237
999999, 108726, 250
1000, 109430487, 109430487
999999, 108723, 51
257, 8634122, 8634122
1000, 109430538, 109430538
999999, 108673, 1
257, 8634123, 8634123
1000, 109430539, 109430539
999999, 108742, 273
1000, 109430812, 109430812
999999, 108720, 1
498, 3295239, 3295239
258, 104253447, 3295239
999999, 108827, 90
1000, 109430903, 109430903
999999, 108738, 226
1000, 109431129, 109431129
999999, 108727, 55
269, 9292048, 9292048
1000, 109431184, 109431184
999999, 108673, 267
529, 8473243, 8473243
268, 9292315, 8473243
1000, 109431451, 109431451
999999, 108453, 48
267, 9292363, 9292363
1000, 109431499, 109431499
999999, 108406, 305
1000, 109431804, 109431804
999999, 108416, 1
1000, 109431805, 109431805
999999, 108463, 47
999999, 108633, 1
1000, 109431853, 109431853
999999, 108725, 217
1000, 109432070, 109432070
999999, 108509, 1
1000, 109432071, 109432071
999999, 108733, 65
1000, 109432136, 109432136
999999, 108669, 1
1000, 109432137, 109432137
999999, 108761, 299
1000, 109432436, 109432436
999999, 108463, 1
1000, 109432437, 109432437
999999, 108731, 45
1000, 109432482, 109432482
999999, 108734, 1
1000, 109432483, 109432483
999999, 108924, 249
1000, 109432732, 109432732
999999, 108770, 1
1000, 109432733, 109432733
999999, 109073, 47
1000, 109432780, 109432780
999999, 109027, 1
1000, 109432781, 109432781
999999, 109262, 268
1000, 109433049, 109433049
999999, 109051, 307
1000, 109433356, 109433356
999999, 108745, 1
1000, 109433357, 109433357
999999, 108989, 53
1000, 109433410, 109433410
999999, 108937, 1
1000, 109433411, 109433411
999999, 109045, 257
542, 8475460, 8475460
275, 42128196, 8475460
1000, 109433668, 109433668
999999, 108789, 1
542, 8475461, 8475461
274, 42128197, 8475461
1000, 109433669, 109433669
999999, 109009, 100
1000, 109433769, 109433769
999999, 108910, 226
1000, 109433995, 109433995
999999, 108743, 61
1000, 109434056, 109434056
999999, 108683, 1
1000, 109434057, 109434057
999999, 108977, 298
999999, 108680, 14
545, 8476161, 8476161
273, 9295233, 8476161
1000, 109434369, 109434369
999999, 108676, 319
544, 8476480, 8476480
272, 9295552, 8476480
1000, 109434688, 109434688
999999, 108669, 1
544, 8476481, 8476481
271, 9295553, 8476481
1000, 109434689, 109434689
999999, 108675, 255
544, 8476736, 8476736
282, 8638528, 8476736
1000, 109434944, 109434944
999999, 108728, 1
544, 8476737, 8476737
281, 8638529, 8476737
1000, 109434945, 109434945
999999, 108728, 95
544, 8476832, 8476832
280, 8638624, 8476832
272, 9295904, 8476832
279, 42129568, 8476832
1000, 109435040, 109435040
999999, 108640, 1
544, 8476833, 8476833
279, 8638625, 8476833
271, 9295905, 8476833
278, 42129569, 8476833
1000, 109435041, 109435041
999999, 108640, 189
544, 8477022, 8477022
278, 8638814, 8477022
271, 9296094, 8477022
277, 42129758, 8477022
1000, 109435230, 109435230
999999, 108732, 1
544, 8477023, 8477023
277, 8638815, 8477023
271, 9296095, 8477023
276, 42129759, 8477023
1000, 109435231, 109435231
999999, 108732, 95
999999, 108692, 1
544, 8477119, 8477119
275, 8638911, 8477119
269, 9296191, 8477119
1000, 109435327, 109435327
999999, 108692, 269
268, 9296460, 9296460
1000, 109435596, 109435596
999999, 108720, 270
545, 8477658, 8477658
1000, 109435866, 109435866
999999, 108451, 1
545, 8477659, 8477659
1000, 109435867, 109435867
999999, 108455, 97
1000, 109435964, 109435964
999999, 108618, 1
1000, 109435965, 109435965
999999, 108618, 253
547, 8478010, 8478010
270, 9297082, 8478010
277, 42130746, 8478010
1000, 109436218, 109436218
999999, 108474, 62
270, 9297144, 9297144
1000, 109436280, 109436280
999999, 108413, 228
1000, 109436508, 109436508
999999, 108390, 1
1000, 109436509, 109436509
999999, 108485, 45
1000, 109436554, 109436554
999999, 108441, 348
1000, 109436902, 109436902
999999, 108374, 1
1000, 109436903, 109436903
999999, 108430, 263
1000, 109437166, 109437166
999999, 108386, 1
1000, 109437167, 109437167
999999, 108386, 34
1000, 109437201, 109437201
999999, 108433, 289
