777777, 1050, 3000
263, 9190014, 9190014
295, 75514622, 75514622
388, 75676414, 75676414
1050, 109329150, 109329150
999999, 113458, 208
262, 9190222, 9190222
1050, 109329358, 109329358
999999, 113251, 1
262, 9190223, 9190223
1050, 109329359, 109329359
999999, 113480, 61
1050, 109329420, 109329420
999999, 113481, 1
1050, 109329421, 109329421
999999, 113739, 269
389, 75676954, 75676954
1050, 109329690, 109329690
999999, 113548, 1
388, 75676955, 75676955
1050, 109329691, 109329691
999999, 113548, 317
387, 75677272, 75677272
1050, 109330008, 109330008
999999, 113458, 1
386, 75677273, 75677273
1050, 109330009, 109330009
999999, 113458, 96
385, 75677369, 75677369
1050, 109330105, 109330105
999999, 113721, 227
384, 75677596, 75677596
1050, 109330332, 109330332
999999, 113508, 1
383, 75677597, 75677597
1050, 109330333, 109330333
999999, 113508, 95
382, 75677692, 75677692
1050, 109330428, 109330428
999999, 113680, 1
381, 75677693, 75677693
1050, 109330429, 109330429
999999, 113680, 201
999999, 113538, 1
379, 75677895, 75677895
1050, 109330631, 109330631
999999, 113538, 101
297, 75516204, 75516204
1050, 109330732, 109330732
999999, 113722, 1
296, 75516205, 75516205
1050, 109330733, 109330733
999999, 114059, 231
1050, 109330964, 109330964
999999, 113837, 1
1050, 109330965, 109330965
999999, 114140, 99
380, 75678328, 75678328
1050, 109331064, 109331064
999999, 114088, 1
380, 75678329, 75678329
1050, 109331065, 109331065
999999, 114088, 203
380, 75678532, 75678532
1050, 109331268, 109331268
999999, 114074, 1
380, 75678533, 75678533
1050, 109331269, 109331269
999999, 114074, 93
379, 75678626, 75678626
1050, 109331362, 109331362
999999, 114043, 284
379, 75678910, 75678910
1050, 109331646, 109331646
999999, 114012, 1
378, 75678911, 75678911
1050, 109331647, 109331647
999999, 114055, 55
1050, 109331702, 109331702
999999, 114001, 1
1050, 109331703, 109331703
999999, 114311, 262
379, 75679229, 75679229
1050, 109331965, 109331965
999999, 114050, 45
269, 9192874, 9192874
1050, 109332010, 109332010
999999, 114013, 1
268, 9192875, 9192875
1050, 109332011, 109332011
999999, 114286, 238
267, 9193113, 9193113
378, 75679513, 75679513
1050, 109332249, 109332249
999999, 114095, 81
1050, 109332330, 109332330
999999, 114015, 1
1050, 109332331, 109332331
999999, 114287, 278
379, 75679873, 75679873
1050, 109332609, 109332609
999999, 114010, 265
1050, 109332874, 109332874
999999, 113788, 1
1050, 109332875, 109332875
999999, 113788, 61
1050, 109332936, 109332936
999999, 114022, 301
1050, 109333237, 109333237
999999, 113722, 311
1050, 109333548, 109333548
999999, 113432, 54
380, 75680866, 75680866
1050, 109333602, 109333602
999999, 113379, 262
304, 75519336, 75519336
1050, 109333864, 109333864
999999, 113426, 1
303, 75519337, 75519337
1050, 109333865, 109333865
999999, 113426, 55
270, 9194784, 9194784
302, 75519392, 75519392
382, 75681184, 75681184
1050, 109333920, 109333920
999999, 113380, 1
269, 9194785, 9194785
301, 75519393, 75519393
382, 75681185, 75681185
1050, 109333921, 109333921
999999, 113380, 189
268, 9194974, 9194974
300, 75519582, 75519582
381, 75681374, 75681374
1050, 109334110, 109334110
999999, 113444, 48
267, 9195022, 9195022
1050, 109334158, 109334158
999999, 113459, 1
266, 9195023, 9195023
1050, 109334159, 109334159
999999, 113742, 303
265, 9195326, 9195326
382, 75681726, 75681726
1050, 109334462, 109334462
999999, 113532, 15
264, 9195341, 9195341
1050, 109334477, 109334477
999999, 113733, 272
263, 9195613, 9195613
381, 75682013, 75682013
1050, 109334749, 109334749
999999, 113462, 54
262, 9195667, 9195667
299, 75520275, 75520275
1050, 109334803, 109334803
999999, 113457, 257
1050, 109335060, 109335060
999999, 113201, 96
1050, 109335156, 109335156
999999, 113374, 230
298, 75520858, 75520858
382, 75682650, 75682650
1050, 109335386, 109335386
999999, 113145, 1
297, 75520859, 75520859
381, 75682651, 75682651
1050, 109335387, 109335387
999999, 113233, 98
380, 75682749, 75682749
1050, 109335485, 109335485
999999, 113136, 262
379, 75683011, 75683011
1050, 109335747, 109335747
999999, 113093, 265
1050, 109336012, 109336012
999999, 112924, 1
1050, 109336013, 109336013
999999, 113149, 101
1050, 109336114, 109336114
999999, 113049, 1
1050, 109336115, 109336115
999999, 113152, 207
378, 75683586, 75683586
1050, 109336322, 109336322
999999, 113203, 1
377, 75683587, 75683587
1050, 109336323, 109336323
999999, 113525, 95
376, 75683682, 75683682
1050, 109336418, 109336418
999999, 113431, 1
375, 75683683, 75683683
1050, 109336419, 109336419
999999, 113471, 296
1050, 109336715, 109336715
999999, 113176, 292
1050, 109337007, 109337007
999999, 113145, 20
374, 75684291, 75684291
1050, 109337027, 109337027
999999, 113126, 277
374, 75684568, 75684568
1050, 109337304, 109337304
999999, 112904, 1
566, 26499831, 26499831
999999, 112904, 44
374, 75684613, 75684613
1050, 109337349, 109337349
999999, 113049, 307
374, 75684920, 75684920
1050, 109337656, 109337656
999999, 112743, 1
373, 75684921, 75684921
1050, 109337657, 109337657
999999, 112789, 55
1050, 109337712, 109337712
999999, 113002, 1
1050, 109337713, 109337713
999999, 113060, 219
1050, 109337932, 109337932
999999, 113102, 1
1050, 109337933, 109337933
999999, 113102, 55
375, 75685252, 75685252
1050, 109337988, 109337988
999999, 113138, 1
374, 75685253, 75685253
1050, 109337989, 109337989
999999, 113138, 303
1050, 109338292, 109338292
999999, 113048, 1
1050, 109338293, 109338293
999999, 113048, 319
1050, 109338612, 109338612
999999, 112789, 1
1050, 109338613, 109338613
999999, 113123, 47
307, 75524132, 75524132
373, 75685924, 75685924
1050, 109338660, 109338660
999999, 113077, 1
306, 75524133, 75524133
372, 75685925, 75685925
1050, 109338661, 109338661
999999, 113313, 253
272, 9199778, 9199778
371, 75686178, 75686178
1050, 109338914, 109338914
999999, 113061, 62
263, 9189728, 9189728
271, 9199840, 9199840
305, 75524448, 75524448
370, 75686240, 75686240
1050, 109338976, 109338976
999999, 113106, 1
262, 9189729, 9189729
270, 9199841, 9199841
304, 75524449, 75524449
369, 75686241, 75686241
1050, 109338977, 109338977
999999, 113106, 189
269, 9200030, 9200030
303, 75524638, 75524638
369, 75686430, 75686430
1050, 109339166, 109339166
999999, 113180, 56
1050, 109339222, 109339222
999999, 113125, 296
999999, 112879, 1
267, 9200383, 9200383
301, 75524991, 75524991
368, 75686783, 75686783
1050, 109339519, 109339519
999999, 113139, 7
367, 75686790, 75686790
1050, 109339526, 109339526
999999, 113133, 278
266, 9200668, 9200668
367, 75687068, 75687068
1050, 109339804, 109339804
999999, 112869, 1
265, 9200669, 9200669
366, 75687069, 75687069
1050, 109339805, 109339805
999999, 113138, 94
300, 75525371, 75525371
365, 75687163, 75687163
1050, 109339899, 109339899
999999, 113139, 209
264, 9200972, 9200972
1050, 109340108, 109340108
999999, 112931, 1
263, 9200973, 9200973
1050, 109340109, 109340109
999999, 113149, 67
1050, 109340176, 109340176
999999, 113083, 358
1050, 109340534, 109340534
999999, 112834, 1
1050, 109340535, 109340535
999999, 113153, 281
1050, 109340816, 109340816
999999, 112873, 298
364, 75688378, 75688378
1050, 109341114, 109341114
999999, 112824, 1
363, 75688379, 75688379
1050, 109341115, 109341115
999999, 112824, 21
1050, 109341136, 109341136
999999, 112817, 290
1050, 109341426, 109341426
999999, 112806, 1
1050, 109341427, 109341427
999999, 112806, 49
363, 75688740, 75688740
1050, 109341476, 109341476
999999, 112805, 1
362, 75688741, 75688741
1050, 109341477, 109341477
999999, 113095, 241
1050, 109341718, 109341718
999999, 112908, 1
1050, 109341719, 109341719
999999, 112908, 95
1050, 109341814, 109341814
999999, 113086, 226
361, 75689304, 75689304
1050, 109342040, 109342040
999999, 112861, 1
360, 75689305, 75689305
1050, 109342041, 109342041
999999, 112905, 77
359, 75689382, 75689382
1050, 109342118, 109342118
999999, 112829, 1
358, 75689383, 75689383
1050, 109342119, 109342119
999999, 113097, 278
357, 75689661, 75689661
1050, 109342397, 109342397
999999, 112820, 45
1050, 109342442, 109342442
999999, 112823, 1
1050, 109342443, 109342443
999999, 113011, 265
1050, 109342708, 109342708
999999, 112808, 52
273, 9203624, 9203624
1050, 109342760, 109342760
999999, 112757, 236
1050, 109342996, 109342996
999999, 112762, 60
1050, 109343056, 109343056
999999, 113034, 1
1050, 109343057, 109343057
999999, 113034, 281
1050, 109343338, 109343338
999999, 112844, 22
273, 9204224, 9204224
302, 75528832, 75528832
360, 75690624, 75690624
1050, 109343360, 109343360
999999, 112823, 1
272, 9204225, 9204225
301, 75528833, 75528833
359, 75690625, 75690625
1050, 109343361, 109343361
999999, 113048, 311
358, 75690936, 75690936
1050, 109343672, 109343672
999999, 112792, 8
271, 9204544, 9204544
300, 75529152, 75529152
357, 75690944, 75690944
1050, 109343680, 109343680
999999, 112785, 1
270, 9204545, 9204545
299, 75529153, 75529153
357, 75690945, 75690945
1050, 109343681, 109343681
999999, 113085, 256
269, 9204801, 9204801
298, 75529409, 75529409
357, 75691201, 75691201
1050, 109343937, 109343937
999999, 112830, 285
272, 9194974, 9194974
268, 9205086, 9194974
297, 75529694, 75529694
356, 75691486, 75691486
1050, 109344222, 109344222
999999, 112564, 1
271, 9194975, 9194975
267, 9205087, 9194975
296, 75529695, 75529695
355, 75691487, 75691487
1050, 109344223, 109344223
999999, 112812, 55
1050, 109344278, 109344278
999999, 112854, 1
1050, 109344279, 109344279
999999, 112854, 247
1050, 109344526, 109344526
999999, 112828, 1
1050, 109344527, 109344527
999999, 112828, 67
268, 9205458, 9205458
1050, 109344594, 109344594
999999, 112816, 1
267, 9205459, 9205459
1050, 109344595, 109344595
999999, 113107, 265
270, 9195612, 9195612
354, 75692124, 75692124
1050, 109344860, 109344860
999999, 112843, 1
269, 9195613, 9195613
353, 75692125, 75692125
1050, 109344861, 109344861
999999, 112901, 93
352, 75692218, 75692218
1050, 109344954, 109344954
999999, 112809, 1
352, 75692219, 75692219
1050, 109344955, 109344955
999999, 113091, 251
1050, 109345206, 109345206
999999, 112852, 1
1050, 109345207, 109345207
999999, 113155, 287
266, 9206358, 9206358
1050, 109345494, 109345494
999999, 112869, 1
265, 9206359, 9206359
1050, 109345495, 109345495
999999, 112875, 51
264, 9206410, 9206410
1050, 109345546, 109345546
999999, 112825, 258
1050, 109345804, 109345804
999999, 112832, 94
1050, 109345898, 109345898
999999, 112739, 1
1050, 109345899, 109345899
999999, 112806, 334
353, 75693497, 75693497
1050, 109346233, 109346233
999999, 112767, 215
1050, 109346448, 109346448
999999, 112553, 1
1050, 109346449, 109346449
999999, 112599, 47
352, 75693760, 75693760
1050, 109346496, 109346496
999999, 112789, 1
352, 75693761, 75693761
1050, 109346497, 109346497
999999, 112835, 317
351, 75694078, 75694078
1050, 109346814, 109346814
999999, 112868, 1
999999, 112868, 315
349, 75694394, 75694394
1050, 109347130, 109347130
999999, 112818, 22
270, 9197904, 9197904
1050, 109347152, 109347152
999999, 112797, 1
270, 9197905, 9197905
1050, 109347153, 109347153
999999, 112849, 297
348, 75694714, 75694714
1050, 109347450, 109347450
999999, 112553, 10
348, 75694724, 75694724
1050, 109347460, 109347460
999999, 112764, 1
348, 75694725, 75694725
1050, 109347461, 109347461
999999, 112764, 351
270, 9208676, 9208676
299, 75533284, 75533284
1050, 109347812, 109347812
999999, 112508, 267
262, 8561775, 8561775
272, 9198831, 9198831
270, 9208943, 9198831
1050, 109348079, 109348079
999999, 112431, 25
271, 9198856, 9198856
1050, 109348104, 109348104
999999, 112462, 1
270, 9198857, 9198857
1050, 109348105, 109348105
999999, 112462, 347
299, 75533924, 75533924
1050, 109348452, 109348452
999999, 112418, 1
298, 75533925, 75533925
1050, 109348453, 109348453
999999, 112418, 283
262, 8562432, 8562432
269, 9199488, 9199488
269, 9209600, 9209600
1050, 109348736, 109348736
999999, 112410, 297
999999, 112114, 55
289, 26511615, 26511615
999999, 112157, 1
267, 9199841, 9199841
268, 9209953, 9209953
296, 75534561, 75534561
350, 75696353, 75696353
1050, 109349089, 109349089
999999, 112361, 189
266, 9200030, 9200030
267, 9210142, 9210142
295, 75534750, 75534750
349, 75696542, 75696542
1050, 109349278, 109349278
999999, 112173, 1
265, 9200031, 9200031
266, 9210143, 9210143
295, 75534751, 75534751
348, 75696543, 75696543
1050, 109349279, 109349279
999999, 112233, 55
1050, 109349334, 109349334
999999, 112179, 1
1050, 109349335, 109349335
999999, 112488, 261
265, 9210460, 9210460
348, 75696860, 75696860
1050, 109349596, 109349596
999999, 112288, 83
1050, 109349679, 109349679
999999, 112206, 232
1050, 109349911, 109349911
999999, 112181, 65
1050, 109349976, 109349976
999999, 112117, 1
1050, 109349977, 109349977
999999, 112217, 238
347, 75697479, 75697479
1050, 109350215, 109350215
999999, 111980, 62
346, 75697541, 75697541
1050, 109350277, 109350277
999999, 112133, 265
265, 9201294, 9201294
1050, 109350542, 109350542
999999, 111869, 96
1050, 109350638, 109350638
999999, 111876, 1
1050, 109350639, 109350639
999999, 111876, 227
301, 75536338, 75536338
1050, 109350866, 109350866
999999, 111870, 48
1050, 109350914, 109350914
999999, 111906, 1
1050, 109350915, 109350915
999999, 111906, 265
1050, 109351180, 109351180
999999, 111882, 1
1050, 109351181, 109351181
999999, 111882, 93
1050, 109351274, 109351274
999999, 111884, 1
1050, 109351275, 109351275
999999, 111884, 229
1050, 109351504, 109351504
999999, 111880, 1
1050, 109351505, 109351505
999999, 112182, 83
304, 75537060, 75537060
1050, 109351588, 109351588
999999, 112172, 1
303, 75537061, 75537061
1050, 109351589, 109351589
999999, 112172, 245
265, 9212698, 9212698
302, 75537306, 75537306
1050, 109351834, 109351834
999999, 112205, 1
264, 9212699, 9212699
301, 75537307, 75537307
1050, 109351835, 109351835
999999, 112263, 47
263, 9212746, 9212746
1050, 109351882, 109351882
999999, 112462, 1
262, 9212747, 9212747
1050, 109351883, 109351883
999999, 112517, 255
1050, 109352138, 109352138
999999, 112263, 106
1050, 109352244, 109352244
999999, 112448, 1
1050, 109352245, 109352245
999999, 112448, 261
347, 75699770, 75699770
1050, 109352506, 109352506
999999, 112470, 44
263, 8566246, 8566246
1050, 109352550, 109352550
999999, 112427, 1
263, 8566247, 8566247
1050, 109352551, 109352551
999999, 112507, 267
1050, 109352818, 109352818
999999, 112502, 1
1050, 109352819, 109352819
999999, 112502, 53
263, 8566568, 8566568
268, 9203624, 9203624
301, 75538344, 75538344
1050, 109352872, 109352872
999999, 112504, 1
263, 8566569, 8566569
268, 9203625, 9203625
301, 75538345, 75538345
1050, 109352873, 109352873
999999, 112504, 261
263, 8566830, 8566830
267, 9213998, 9213998
301, 75538606, 75538606
1050, 109353134, 109353134
999999, 112433, 1
262, 8566831, 8566831
267, 9213999, 9213999
301, 75538607, 75538607
1050, 109353135, 109353135
999999, 112491, 59
1050, 109353194, 109353194
999999, 112433, 1
999999, 112683, 265
999999, 112419, 1
1050, 109353461, 109353461
999999, 112469, 45
267, 9214370, 9214370
301, 75538978, 75538978
351, 75700770, 75700770
1050, 109353506, 109353506
999999, 112425, 1
266, 9214371, 9214371
300, 75538979, 75538979
350, 75700771, 75700771
1050, 109353507, 109353507
999999, 112697, 237
299, 75539216, 75539216
1050, 109353744, 109353744
999999, 112461, 82
266, 9214690, 9214690
298, 75539298, 75539298
349, 75701090, 75701090
1050, 109353826, 109353826
999999, 112460, 1
266, 9214691, 9214691
297, 75539299, 75539299
348, 75701091, 75701091
1050, 109353827, 109353827
999999, 112460, 255
296, 75539554, 75539554
347, 75701346, 75701346
1050, 109354082, 109354082
999999, 112420, 1
295, 75539555, 75539555
346, 75701347, 75701347
1050, 109354083, 109354083
999999, 112420, 61
268, 9204896, 9204896
265, 9215008, 9204896
264, 42695840, 9204896
294, 75539616, 75539616
345, 75701408, 75701408
1050, 109354144, 109354144
999999, 112454, 1
267, 9204897, 9204897
264, 9215009, 9204897
264, 42695841, 9204897
293, 75539617, 75539617
344, 75701409, 75701409
1050, 109354145, 109354145
999999, 112694, 189
266, 9205086, 9205086
263, 9215198, 9205086
263, 42696030, 9205086
292, 75539806, 75539806
343, 75701598, 75701598
1050, 109354334, 109354334
999999, 112592, 1
265, 9205087, 9205087
262, 9215199, 9205087
262, 42696031, 9205087
291, 75539807, 75539807
342, 75701599, 75701599
1050, 109354335, 109354335
999999, 112592, 61
291, 75539868, 75539868
341, 75701660, 75701660
1050, 109354396, 109354396
999999, 112752, 1
290, 75539869, 75539869
340, 75701661, 75701661
1050, 109354397, 109354397
999999, 112845, 249
1050, 109354646, 109354646
999999, 112597, 1
1050, 109354647, 109354647
999999, 112816, 99
266, 42696442, 42696442
339, 75702010, 75702010
1050, 109354746, 109354746
999999, 112830, 1
266, 42696443, 42696443
338, 75702011, 75702011
1050, 109354747, 109354747
999999, 112830, 211
264, 9205710, 9205710
1050, 109354958, 109354958
999999, 112863, 1
263, 9205711, 9205711
1050, 109354959, 109354959
999999, 112921, 55
337, 75702278, 75702278
1050, 109355014, 109355014
999999, 112867, 297
1050, 109355311, 109355311
999999, 112808, 55
1050, 109355366, 109355366
999999, 112848, 240
262, 9206358, 9206358
289, 75541078, 75541078
1050, 109355606, 109355606
999999, 112609, 1
262, 9206359, 9206359
288, 75541079, 75541079
1050, 109355607, 109355607
999999, 112870, 102
1050, 109355709, 109355709
999999, 113087, 253
336, 75703226, 75703226
1050, 109355962, 109355962
999999, 112835, 1
335, 75703227, 75703227
1050, 109355963, 109355963
999999, 112840, 319
334, 75703546, 75703546
1050, 109356282, 109356282
999999, 112824, 10
333, 75703556, 75703556
1050, 109356292, 109356292
999999, 112815, 1
332, 75703557, 75703557
1050, 109356293, 109356293
999999, 112861, 254
1050, 109356547, 109356547
999999, 112608, 61
1050, 109356608, 109356608
999999, 112814, 1
1050, 109356609, 109356609
999999, 112835, 281
287, 75542362, 75542362
1050, 109356890, 109356890
999999, 112555, 50
1050, 109356940, 109356940
999999, 112759, 1
1050, 109356941, 109356941
999999, 113077, 301
333, 75704506, 75704506
1050, 109357242, 109357242
999999, 112777, 1
999999, 112877, 43
1050, 109357286, 109357286
999999, 113099, 1
1050, 109357287, 109357287
999999, 113146, 278
999999, 113057, 47
269, 9208364, 9208364
289, 75543084, 75543084
1050, 109357612, 109357612
999999, 113011, 1
268, 9208365, 9208365
288, 75543085, 75543085
1050, 109357613, 109357613
999999, 113058, 219
1050, 109357832, 109357832
999999, 113108, 1
1050, 109357833, 109357833
999999, 113108, 95
1050, 109357928, 109357928
999999, 113102, 1
1050, 109357929, 109357929
999999, 113102, 275
1050, 109358204, 109358204
999999, 113056, 1
1050, 109358205, 109358205
999999, 113056, 47
267, 9209004, 9209004
267, 9219116, 9219116
287, 75543724, 75543724
1050, 109358252, 109358252
999999, 113054, 1
266, 9209005, 9209005
266, 9219117, 9219117
286, 75543725, 75543725
1050, 109358253, 109358253
999999, 113054, 309
265, 9219426, 9219426
335, 75705826, 75705826
1050, 109358562, 109358562
999999, 113058, 320
335, 75706146, 75706146
1050, 109358882, 109358882
999999, 112739, 258
265, 9209892, 9209892
287, 75544612, 75544612
1050, 109359140, 109359140
999999, 112746, 1
264, 9209893, 9209893
286, 75544613, 75544613
1050, 109359141, 109359141
999999, 112746, 249
263, 9210142, 9210142
264, 9220254, 9220254
283, 42701086, 42701086
285, 75544862, 75544862
334, 75706654, 75706654
1050, 109359390, 109359390
999999, 112558, 60
262, 9210202, 9210202
284, 75544922, 75544922
1050, 109359450, 109359450
999999, 112499, 1
283, 75544923, 75544923
1050, 109359451, 109359451
999999, 112799, 244
264, 9220559, 9220559
283, 42701391, 42701391
1050, 109359695, 109359695
999999, 112577, 69
1050, 109359764, 109359764
999999, 112509, 1
1050, 109359765, 109359765
999999, 112807, 249
263, 9220878, 9220878
282, 42701710, 42701710
1050, 109360014, 109360014
999999, 112559, 110
262, 9220988, 9220988
1050, 109360124, 109360124
999999, 112456, 1
1050, 109360125, 109360125
999999, 112456, 214
282, 75545811, 75545811
1050, 109360339, 109360339
999999, 112598, 87
1050, 109360426, 109360426
999999, 112749, 1
1050, 109360427, 109360427
999999, 112843, 290
1050, 109360717, 109360717
999999, 112554, 253
1050, 109360970, 109360970
999999, 112563, 106
1050, 109361076, 109361076
999999, 112462, 1
1050, 109361077, 109361077
999999, 112769, 215
281, 75546764, 75546764
1050, 109361292, 109361292
999999, 112555, 1
280, 75546765, 75546765
1050, 109361293, 109361293
999999, 112871, 67
279, 75546832, 75546832
1050, 109361360, 109361360
999999, 112805, 1
278, 75546833, 75546833
1050, 109361361, 109361361
999999, 112850, 243
336, 75708868, 75708868
1050, 109361604, 109361604
999999, 112846, 1
335, 75708869, 75708869
1050, 109361605, 109361605
999999, 112846, 338
265, 9222807, 9222807
1050, 109361943, 109361943
999999, 112556, 96
264, 9222903, 9222903
1050, 109362039, 109362039
999999, 112769, 226
1050, 109362265, 109362265
999999, 112544, 77
1050, 109362342, 109362342
999999, 112511, 1
1050, 109362343, 109362343
999999, 112737, 276
335, 75709883, 75709883
1050, 109362619, 109362619
999999, 112462, 49
279, 75548140, 75548140
1050, 109362668, 109362668
999999, 112504, 1
279, 75548141, 75548141
1050, 109362669, 109362669
999999, 112504, 213
278, 75548354, 75548354
1050, 109362882, 109362882
999999, 112558, 110
286, 42704688, 42704688
277, 75548464, 42704688
1050, 109362992, 109362992
999999, 112449, 1
999999, 112496, 254
1050, 109363247, 109363247
999999, 112431, 329
339, 75710840, 75710840
1050, 109363576, 109363576
999999, 112103, 1
338, 75710841, 75710841
1050, 109363577, 109363577
999999, 112149, 41
268, 9224482, 9224482
337, 75710882, 75710882
1050, 109363618, 109363618
999999, 112378, 1
268, 9224483, 9224483
336, 75710883, 75710883
1050, 109363619, 109363619
999999, 112378, 225
336, 75711108, 75711108
1050, 109363844, 109363844
999999, 112246, 94
267, 9224802, 9224802
336, 75711202, 75711202
1050, 109363938, 109363938
999999, 112153, 1
999999, 112467, 222
267, 9225025, 9225025
1050, 109364161, 109364161
999999, 112246, 95
266, 9225120, 9225120
291, 42705952, 42705952
279, 75549728, 42705952
334, 75711520, 75711520
1050, 109364256, 109364256
999999, 112398, 1
265, 9225121, 9225121
290, 42705953, 42705953
279, 75549729, 42705953
333, 75711521, 75711521
1050, 109364257, 109364257
999999, 112694, 190
264, 9225311, 9225311
289, 42706143, 42706143
279, 75549919, 42706143
332, 75711711, 75711711
1050, 109364447, 109364447
999999, 112591, 61
263, 9225372, 9225372
331, 75711772, 75711772
1050, 109364508, 109364508
999999, 112752, 1
262, 9225373, 9225373
330, 75711773, 75711773
1050, 109364509, 109364509
999999, 112752, 254
278, 75550235, 75550235
1050, 109364763, 109364763
999999, 112605, 91
1050, 109364854, 109364854
999999, 112515, 320
1050, 109365174, 109365174
999999, 112406, 1
999999, 112406, 225
1050, 109365400, 109365400
999999, 112282, 1
1050, 109365401, 109365401
999999, 112282, 55
1050, 109365456, 109365456
999999, 112448, 1
1050, 109365457, 109365457
999999, 112496, 265
1050, 109365722, 109365722
999999, 112512, 44
329, 75713030, 75713030
1050, 109365766, 109365766
999999, 112469, 1
328, 75713031, 75713031
1050, 109365767, 109365767
999999, 112511, 304
264, 9226935, 9226935
1050, 109366071, 109366071
999999, 112208, 13
327, 75713348, 75713348
1050, 109366084, 109366084
999999, 112455, 1
327, 75713349, 75713349
1050, 109366085, 109366085
999999, 112511, 261
1050, 109366346, 109366346
999999, 112251, 1
1050, 109366347, 109366347
999999, 112548, 106
1050, 109366453, 109366453
999999, 112503, 253
1050, 109366706, 109366706
999999, 112251, 63
1050, 109366769, 109366769
999999, 112441, 235
327, 75714268, 75714268
1050, 109367004, 109367004
999999, 112207, 1
326, 75714269, 75714269
1050, 109367005, 109367005
999999, 112267, 45
1050, 109367050, 109367050
999999, 112223, 1
1050, 109367051, 109367051
999999, 112497, 251
325, 75714566, 75714566
1050, 109367302, 109367302
999999, 112247, 1
324, 75714567, 75714567
1050, 109367303, 109367303
999999, 112301, 319
323, 75714886, 75714886
1050, 109367622, 109367622
999999, 111983, 114
322, 75715000, 75715000
1050, 109367736, 109367736
999999, 112128, 1
321, 75715001, 75715001
1050, 109367737, 109367737
999999, 112128, 215
1050, 109367952, 109367952
999999, 111920, 1
1050, 109367953, 109367953
999999, 111920, 95
1050, 109368048, 109368048
999999, 112131, 1
1050, 109368049, 109368049
999999, 112183, 225
268, 9229138, 9229138
279, 75553746, 75553746
1050, 109368274, 109368274
999999, 111959, 1
267, 9229139, 9229139
278, 75553747, 75553747
1050, 109368275, 109368275
999999, 112173, 89
277, 75553836, 75553836
1050, 109368364, 109368364
999999, 112085, 1
277, 75553837, 75553837
1050, 109368365, 109368365
999999, 112180, 249
1050, 109368614, 109368614
999999, 112120, 1
1050, 109368615, 109368615
999999, 112215, 285
322, 75716164, 75716164
1050, 109368900, 109368900
999999, 112138, 1
321, 75716165, 75716165
1050, 109368901, 109368901
999999, 112138, 99
277, 75554472, 75554472
1050, 109369000, 109369000
999999, 112113, 216
270, 9230080, 9230080
1050, 109369216, 109369216
999999, 112142, 1
270, 9230081, 9230081
1050, 109369217, 109369217
999999, 112142, 95
269, 9230176, 9230176
292, 42711008, 42711008
276, 75554784, 42711008
320, 75716576, 75716576
1050, 109369312, 109369312
999999, 112116, 1
268, 9230177, 9230177
291, 42711009, 42711009
275, 75554785, 42711009
319, 75716577, 75716577
1050, 109369313, 109369313
999999, 112116, 189
267, 9230366, 9230366
290, 42711198, 42711198
274, 75554974, 42711198
318, 75716766, 75716766
1050, 109369502, 109369502
999999, 112172, 1
266, 9230367, 9230367
289, 42711199, 42711199
273, 75554975, 42711199
317, 75716767, 75716767
1050, 109369503, 109369503
999999, 112172, 59
1050, 109369562, 109369562
999999, 112204, 1
1050, 109369563, 109369563
999999, 112443, 257
268, 9230684, 9230684
316, 75717084, 75717084
1050, 109369820, 109369820
999999, 112187, 43
315, 75717127, 75717127
1050, 109369863, 109369863
999999, 112461, 278
267, 9231005, 9231005
314, 75717405, 75717405
1050, 109370141, 109370141
999999, 112269, 81
1050, 109370222, 109370222
999999, 112189, 1
1050, 109370223, 109370223
999999, 112461, 227
272, 75555922, 75555922
1050, 109370450, 109370450
999999, 112235, 62
266, 9231376, 9231376
1050, 109370512, 109370512
999999, 112214, 1
265, 9231377, 9231377
1050, 109370513, 109370513
999999, 112475, 261
1050, 109370774, 109370774
999999, 112215, 1
1050, 109370775, 109370775
999999, 112234, 62
1050, 109370837, 109370837
999999, 112442, 293
313, 75718394, 75718394
1050, 109371130, 109371130
999999, 112210, 1
312, 75718395, 75718395
1050, 109371131, 109371131
999999, 112210, 49
999999, 112462, 1
272, 75556653, 75556653
1050, 109371181, 109371181
999999, 112471, 271
271, 75556924, 75556924
1050, 109371452, 109371452
999999, 112201, 1
270, 75556925, 75556925
1050, 109371453, 109371453
999999, 112475, 303
269, 75557228, 75557228
1050, 109371756, 109371756
999999, 112173, 1
268, 75557229, 75557229
1050, 109371757, 109371757
999999, 112264, 53
267, 75557282, 75557282
314, 75719074, 75719074
1050, 109371810, 109371810
999999, 112458, 1
266, 75557283, 75557283
313, 75719075, 75719075
1050, 109371811, 109371811
999999, 112477, 243
265, 75557526, 75557526
1050, 109372054, 109372054
999999, 112235, 1
264, 75557527, 75557527
1050, 109372055, 109372055
999999, 112507, 61
288, 42713812, 42713812
263, 75557588, 42713812
1050, 109372116, 109372116
999999, 112447, 1
287, 42713813, 42713813
262, 75557589, 42713813
1050, 109372117, 109372117
999999, 112541, 289
264, 9233270, 9233270
1050, 109372406, 109372406
999999, 112253, 1
263, 9233271, 9233271
1050, 109372407, 109372407
999999, 112466, 52
286, 42714155, 42714155
1050, 109372459, 109372459
999999, 112503, 320
529, 109372778, 109372778
999999, 112184, 215
1050, 109372994, 109372994
999999, 112240, 1
1050, 109372995, 109372995
999999, 112240, 109
1050, 109373104, 109373104
999999, 112180, 1
1050, 109373105, 109373105
999999, 112180, 265
270, 8415162, 8415162
312, 75720634, 75720634
1050, 109373370, 109373370
999999, 112169, 63
312, 75720697, 75720697
1050, 109373433, 109373433
999999, 112167, 244
999999, 111924, 19
272, 8415488, 8415488
269, 9234560, 8415488
1050, 109373696, 109373696
999999, 112095, 309
1050, 109374005, 109374005
999999, 111882, 12
273, 8415809, 8415809
270, 9234881, 8415809
1050, 109374017, 109374017
999999, 112090, 304
269, 9235185, 9235185
1050, 109374321, 109374321
999999, 112141, 47
274, 8416160, 8416160
268, 9235232, 8416160
287, 42716064, 42716064
313, 75721632, 75721632
1050, 109374368, 109374368
999999, 112095, 1
274, 8416161, 8416161
267, 9235233, 8416161
286, 42716065, 42716065
312, 75721633, 75721633
1050, 109374369, 109374369
999999, 112101, 190
274, 8416351, 8416351
267, 9235423, 8416351
285, 42716255, 42716255
311, 75721823, 75721823
1050, 109374559, 109374559
999999, 112180, 96
274, 8416447, 8416447
267, 9235519, 8416447
1050, 109374655, 109374655
999999, 112145, 221
267, 9235740, 9235740
310, 75722140, 75722140
1050, 109374876, 109374876
999999, 111925, 1
266, 9235741, 9235741
309, 75722141, 75722141
1050, 109374877, 109374877
999999, 112189, 89
1050, 109374966, 109374966
999999, 112158, 1
1050, 109374967, 109374967
999999, 112453, 227
278, 8416986, 8416986
1050, 109375194, 109375194
999999, 112227, 1
278, 8416987, 8416987
1050, 109375195, 109375195
999999, 112234, 43
309, 75722502, 75722502
1050, 109375238, 109375238
999999, 112461, 304
1050, 109375542, 109375542
999999, 112246, 1
1050, 109375543, 109375543
999999, 112499, 59
1050, 109375602, 109375602
999999, 112441, 1
1050, 109375603, 109375603
999999, 112502, 234
308, 75723101, 75723101
1050, 109375837, 109375837
999999, 112545, 54
1050, 109375891, 109375891
999999, 112492, 243
307, 75723398, 75723398
1050, 109376134, 109376134
999999, 112260, 1
306, 75723399, 75723399
1050, 109376135, 109376135
999999, 112260, 101
1050, 109376236, 109376236
999999, 112520, 1
1050, 109376237, 109376237
999999, 112520, 217
269, 9237318, 9237318
305, 75723718, 75723718
1050, 109376454, 109376454
999999, 112531, 115
529, 109376568, 109376568
999999, 112494, 207
1050, 109376776, 109376776
999999, 112547, 96
1050, 109376872, 109376872
999999, 112507, 1
1050, 109376873, 109376873
999999, 112785, 229
1050, 109377102, 109377102
999999, 112557, 1
1050, 109377103, 109377103
999999, 112613, 351
1050, 109377454, 109377454
999999, 112482, 75
305, 75724793, 75724793
1050, 109377529, 109377529
999999, 112489, 205
304, 75724998, 75724998
1050, 109377734, 109377734
999999, 112285, 1
303, 75724999, 75724999
1050, 109377735, 109377735
999999, 112618, 107
1050, 109377842, 109377842
999999, 112754, 1
1050, 109377843, 109377843
999999, 112754, 257
1050, 109378100, 109378100
999999, 112746, 1
1050, 109378101, 109378101
999999, 112746, 47
304, 8419940, 8419940
272, 9239012, 8419940
1050, 109378148, 109378148
999999, 112761, 238
1050, 109378386, 109378386
999999, 112772, 306
305, 8420484, 8420484
304, 75725956, 8420484
1050, 109378692, 109378692
999999, 112467, 1
305, 8420485, 8420485
303, 75725957, 8420485
1050, 109378693, 109378693
999999, 112513, 99
1050, 109378792, 109378792
999999, 112690, 1
1050, 109378793, 109378793
999999, 112781, 219
307, 8420804, 8420804
302, 75726276, 8420804
1050, 109379012, 109379012
999999, 112563, 1
307, 8420805, 8420805
301, 75726277, 8420805
1050, 109379013, 109379013
999999, 112773, 99
1050, 109379112, 109379112
999999, 112675, 264
271, 9240240, 9240240
1050, 109379376, 109379376
999999, 112472, 1
270, 9240241, 9240241
1050, 109379377, 109379377
999999, 112733, 48
999999, 112686, 189
310, 8421406, 8421406
268, 9240478, 8421406
285, 42721310, 8421406
299, 75726878, 8421406
1050, 109379614, 109379614
999999, 112558, 62
284, 42721372, 42721372
298, 75726940, 75726940
1050, 109379676, 109379676
999999, 112497, 1
283, 42721373, 42721373
297, 75726941, 75726941
1050, 109379677, 109379677
999999, 112760, 249
282, 42721622, 42721622
1050, 109379926, 109379926
999999, 112610, 66
281, 42721688, 42721688
296, 75727256, 75727256
1050, 109379992, 109379992
999999, 112545, 1
280, 42721689, 42721689
295, 75727257, 75727257
1050, 109379993, 109379993
999999, 112761, 253
279, 42721942, 42721942
1050, 109380246, 109380246
999999, 112509, 1
278, 42721943, 42721943
1050, 109380247, 109380247
999999, 112595, 88
267, 9241199, 9241199
277, 42722031, 42722031
1050, 109380335, 109380335
999999, 112508, 227
266, 9241426, 9241426
276, 42722258, 42722258
1050, 109380562, 109380562
999999, 112510, 1
265, 9241427, 9241427
275, 42722259, 42722259
1050, 109380563, 109380563
999999, 112594, 97
274, 42722356, 42722356
1050, 109380660, 109380660
999999, 112778, 218
273, 42722574, 42722574
1050, 109380878, 109380878
999999, 112561, 1
272, 42722575, 42722575
1050, 109380879, 109380879
999999, 112615, 55
271, 42722630, 42722630
294, 75728198, 75728198
1050, 109380934, 109380934
999999, 112561, 1
999999, 112870, 270
269, 42722901, 42722901
1050, 109381205, 109381205
999999, 112821, 85
264, 9242154, 9242154
268, 42722986, 42722986
1050, 109381290, 109381290
999999, 112737, 1
263, 9242155, 9242155
267, 42722987, 42722987
1050, 109381291, 109381291
999999, 112833, 274
267, 42723261, 42723261
292, 75728829, 75728829
1050, 109381565, 109381565
999999, 112875, 45
267, 42723306, 42723306
1050, 109381610, 109381610
999999, 112831, 1
999999, 113103, 252
265, 42723559, 42723559
293, 75729127, 75729127
1050, 109381863, 109381863
999999, 112852, 26
264, 42723585, 42723585
292, 75729153, 75729153
1050, 109381889, 109381889
999999, 112873, 269
263, 42723854, 42723854
1050, 109382158, 109382158
999999, 112605, 1
262, 42723855, 42723855
1050, 109382159, 109382159
999999, 112821, 59
1050, 109382218, 109382218
999999, 112763, 1
1050, 109382219, 109382219
999999, 113115, 300
1050, 109382519, 109382519
999999, 112816, 17
1050, 109382536, 109382536
999999, 112873, 1
1050, 109382537, 109382537
999999, 113113, 271
293, 75730072, 75730072
1050, 109382808, 109382808
999999, 112843, 1
293, 75730073, 75730073
1050, 109382809, 109382809
999999, 112903, 89
1050, 109382898, 109382898
999999, 112815, 214
1050, 109383112, 109383112
999999, 112790, 1
1050, 109383113, 109383113
999999, 112885, 95
1050, 109383208, 109383208
999999, 113006, 1
1050, 109383209, 109383209
999999, 113093, 269
1050, 109383478, 109383478
999999, 113061, 60
1050, 109383538, 109383538
999999, 113050, 1
1050, 109383539, 109383539
999999, 113050, 207
294, 75731010, 75731010
1050, 109383746, 109383746
999999, 113110, 1
293, 75731011, 75731011
1050, 109383747, 109383747
999999, 113110, 101
1050, 109383848, 109383848
999999, 113064, 220
353, 8425860, 8425860
292, 75731332, 8425860
1050, 109384068, 109384068
999999, 113098, 1
353, 8425861, 8425861
291, 75731333, 8425861
1050, 109384069, 109384069
999999, 113098, 99
1050, 109384168, 109384168
999999, 113066, 1
1050, 109384169, 109384169
999999, 113362, 263
271, 9245296, 9245296
1050, 109384432, 109384432
999999, 113149, 1
271, 9245297, 9245297
1050, 109384433, 109384433
999999, 113417, 47
357, 8426272, 8426272
271, 9245344, 8426272
293, 75731744, 8426272
1050, 109384480, 109384480
999999, 113371, 1
357, 8426273, 8426273
271, 9245345, 8426273
293, 75731745, 8426273
1050, 109384481, 109384481
999999, 113379, 189
357, 8426462, 8426462
270, 9245534, 8426462
292, 75731934, 8426462
1050, 109384670, 109384670
999999, 113486, 56
1050, 109384726, 109384726
999999, 113431, 260
291, 75732250, 75732250
1050, 109384986, 109384986
999999, 113226, 1
555, 26547513, 26547513
999999, 113226, 92
1050, 109385079, 109385079
999999, 113475, 230
290, 75732573, 75732573
1050, 109385309, 109385309
999999, 113497, 81
269, 9246254, 9246254
1050, 109385390, 109385390
999999, 113417, 269
363, 8427451, 8427451
289, 75732923, 8427451
1050, 109385659, 109385659
999999, 113214, 48
1050, 109385707, 109385707
999999, 113375, 228
1050, 109385935, 109385935
999999, 113148, 107
365, 8427834, 8427834
288, 75733306, 8427834
1050, 109386042, 109386042
999999, 113138, 1
365, 8427835, 8427835
287, 75733307, 8427835
1050, 109386043, 109386043
999999, 113351, 257
286, 75733564, 75733564
1050, 109386300, 109386300
999999, 113095, 1
285, 75733565, 75733565
1050, 109386301, 109386301
999999, 113155, 54
1050, 109386355, 109386355
999999, 113403, 251
1050, 109386606, 109386606
999999, 113214, 1
1050, 109386607, 109386607
999999, 113429, 34
1050, 109386641, 109386641
999999, 113396, 284
1050, 109386925, 109386925
999999, 113432, 301
287, 75734490, 75734490
1050, 109387226, 109387226
999999, 113238, 1
999999, 113482, 48
999999, 113683, 257
1050, 109387532, 109387532
999999, 113427, 109
287, 75734905, 75734905
1050, 109387641, 109387641
999999, 113373, 257
377, 8429690, 8429690
286, 75735162, 8429690
1050, 109387898, 109387898
999999, 113117, 1
377, 8429691, 8429691
285, 75735163, 8429691
1050, 109387899, 109387899
999999, 113378, 9
377, 8429700, 8429700
276, 9248772, 8429700
284, 75735172, 8429700
1050, 109387908, 109387908
999999, 113686, 1
377, 8429701, 8429701
276, 9248773, 8429701
283, 75735173, 8429701
1050, 109387909, 109387909
999999, 113736, 253
283, 75735426, 75735426
1050, 109388162, 109388162
999999, 113784, 62
282, 75735488, 75735488
1050, 109388224, 109388224
999999, 113730, 1
281, 75735489, 75735489
1050, 109388225, 109388225
999999, 113730, 279
280, 75735768, 75735768
1050, 109388504, 109388504
999999, 113732, 1
279, 75735769, 75735769
1050, 109388505, 109388505
999999, 113732, 91
1050, 109388596, 109388596
999999, 113696, 254
1050, 109388850, 109388850
999999, 113443, 1
1050, 109388851, 109388851
999999, 113737, 13
278, 75736128, 75736128
1050, 109388864, 109388864
999999, 113725, 1
277, 75736129, 75736129
1050, 109388865, 109388865
999999, 113730, 355
277, 75736484, 75736484
1050, 109389220, 109389220
999999, 113686, 1
276, 75736485, 75736485
1050, 109389221, 109389221
999999, 113694, 259
1050, 109389480, 109389480
999999, 113739, 1
1050, 109389481, 109389481
999999, 113788, 245
391, 8431518, 8431518
275, 9250590, 8431518
275, 75736990, 8431518
1050, 109389726, 109389726
999999, 113784, 1
391, 8431519, 8431519
274, 9250591, 8431519
274, 75736991, 8431519
1050, 109389727, 109389727
999999, 113784, 55
1050, 109389782, 109389782
999999, 113824, 248
273, 9250894, 9250894
1050, 109390030, 109390030
999999, 113577, 1
272, 9250895, 9250895
1050, 109390031, 109390031
999999, 113787, 69
1050, 109390100, 109390100
999999, 113719, 1
1050, 109390101, 109390101
999999, 113823, 249
271, 9251214, 9251214
1050, 109390350, 109390350
999999, 113575, 1
270, 9251215, 9251215
1050, 109390351, 109390351
999999, 113823, 107
398, 8432250, 8432250
273, 75737722, 8432250
1050, 109390458, 109390458
999999, 113717, 1
398, 8432251, 8432251
272, 75737723, 8432251
1050, 109390459, 109390459
999999, 114028, 203
271, 75737926, 75737926
1050, 109390662, 109390662
999999, 113890, 1
270, 75737927, 75737927
1050, 109390663, 109390663
999999, 113890, 59
271, 9251586, 9251586
269, 75737986, 9251586
1050, 109390722, 109390722
999999, 114065, 1
270, 9251587, 9251587
268, 75737987, 9251587
1050, 109390723, 109390723
999999, 114111, 275
459, 47262860, 47262860
328, 114568332, 47262860
999999, 113837, 48
999999, 114087, 310
266, 75738620, 75738620
1050, 109391356, 109391356
999999, 114116, 1
265, 75738621, 75738621
1050, 109391357, 109391357
999999, 114371, 45
270, 9252266, 9252266
1050, 109391402, 109391402
999999, 114327, 1
270, 9252267, 9252267
1050, 109391403, 109391403
999999, 114421, 225
1050, 109391628, 109391628
999999, 114197, 1
1050, 109391629, 109391629
999999, 114386, 53
267, 75738946, 75738946
1050, 109391682, 109391682
999999, 114389, 258
411, 8433732, 8433732
266, 75739204, 8433732
1050, 109391940, 109391940
999999, 114392, 338
1050, 109392278, 109392278
999999, 114055, 96
1050, 109392374, 109392374
999999, 114000, 248
1050, 109392622, 109392622
999999, 113753, 1
1050, 109392623, 109392623
999999, 114123, 33
1050, 109392656, 109392656
999999, 114091, 1
1050, 109392657, 109392657
999999, 114341, 297
417, 8434746, 8434746
267, 75740218, 8434746
1050, 109392954, 109392954
999999, 114045, 1
417, 8434747, 8434747
266, 75740219, 8434747
1050, 109392955, 109392955
999999, 114103, 13
1050, 109392968, 109392968
999999, 114091, 1
1050, 109392969, 109392969
999999, 114317, 345
265, 75740578, 75740578
1050, 109393314, 109393314
999999, 114038, 1
264, 75740579, 75740579
1050, 109393315, 109393315
999999, 114038, 231
1050, 109393546, 109393546
999999, 114050, 56
276, 9254466, 9254466
263, 75740866, 9254466
1050, 109393602, 109393602
999999, 114102, 1
275, 9254467, 9254467
262, 75740867, 9254467
1050, 109393603, 109393603
999999, 114321, 297
274, 9254764, 9254764
1050, 109393900, 109393900
999999, 114025, 1
273, 9254765, 9254765
1050, 109393901, 109393901
999999, 114109, 67
1050, 109393968, 109393968
999999, 114259, 216
1050, 109394184, 109394184
999999, 114104, 1
1050, 109394185, 109394185
999999, 114104, 407
429, 8436384, 8436384
272, 9255456, 8436384
1050, 109394592, 109394592
999999, 114014, 1
429, 8436385, 8436385
271, 9255457, 8436385
1050, 109394593, 109394593
999999, 114014, 189
429, 8436574, 8436574
270, 9255646, 8436574
1050, 109394782, 109394782
999999, 113850, 1
429, 8436575, 8436575
269, 9255647, 8436575
1050, 109394783, 109394783
999999, 113850, 59
1050, 109394842, 109394842
999999, 114034, 1
557, 26557369, 26557369
999999, 114128, 257
268, 9255964, 9255964
1050, 109395100, 109395100
999999, 114096, 82
267, 9256046, 9256046
1050, 109395182, 109395182
999999, 114116, 1
266, 9256047, 9256047
1050, 109395183, 109395183
999999, 114116, 231
1050, 109395414, 109395414
999999, 114146, 1
1050, 109395415, 109395415
999999, 114146, 100
436, 8437307, 8437307
1050, 109395515, 109395515
999999, 114102, 251
1050, 109395766, 109395766
999999, 114079, 293
1050, 109396059, 109396059
999999, 113867, 49
1050, 109396108, 109396108
999999, 113819, 1
1050, 109396109, 109396109
999999, 114079, 289
1050, 109396398, 109396398
999999, 113791, 1
1050, 109396399, 109396399
999999, 113857, 69
1050, 109396468, 109396468
999999, 113789, 1
1050, 109396469, 109396469
999999, 114039, 249
1050, 109396718, 109396718
999999, 113791, 1
1050, 109396719, 109396719
999999, 113843, 33
1050, 109396752, 109396752
999999, 113811, 1
1050, 109396753, 109396753
999999, 114128, 295
1050, 109397048, 109397048
999999, 114022, 1
1050, 109397049, 109397049
999999, 114022, 56
1050, 109397105, 109397105
999999, 114027, 269
999999, 113759, 1
1050, 109397375, 109397375
999999, 113999, 19
1050, 109397394, 109397394
999999, 113981, 1
1050, 109397395, 109397395
999999, 114313, 292
1050, 109397687, 109397687
999999, 114338, 271
1050, 109397958, 109397958
999999, 114115, 1
1050, 109397959, 109397959
999999, 114388, 74
276, 9258897, 9258897
1050, 109398033, 109398033
999999, 114369, 290
1050, 109398323, 109398323
999999, 114080, 61
999999, 114316, 232
1050, 109398616, 109398616
999999, 114085, 1
999999, 114143, 47
1050, 109398664, 109398664
999999, 114097, 1
1050, 109398665, 109398665
999999, 114306, 304
999999, 114071, 44
1050, 109399013, 109399013
999999, 114028, 261
1050, 109399274, 109399274
999999, 114050, 1
999999, 114103, 57
999999, 114047, 268
1050, 109399600, 109399600
999999, 114028, 1
1050, 109399601, 109399601
999999, 114028, 47
460, 8441440, 8441440
276, 9260512, 8441440
1050, 109399648, 109399648
999999, 114040, 1
459, 8441441, 8441441
276, 9260513, 8441441
1050, 109399649, 109399649
999999, 114296, 189
459, 8441630, 8441630
276, 9260702, 8441630
1050, 109399838, 109399838
999999, 114423, 48
275, 9260750, 9260750
1050, 109399886, 109399886
999999, 114468, 584
1050, 109400470, 109400470
999999, 113885, 1
1050, 109400471, 109400471
999999, 114141, 88
274, 9261423, 9261423
1050, 109400559, 109400559
999999, 114066, 229
1050, 109400788, 109400788
999999, 114110, 1
1050, 109400789, 109400789
999999, 114110, 45
1050, 109400834, 109400834
999999, 114160, 280
1050, 109401114, 109401114
999999, 113881, 1
1050, 109401115, 109401115
999999, 114089, 55
1050, 109401170, 109401170
999999, 114035, 296
465, 8443258, 8443258
1050, 109401466, 109401466
999999, 113846, 10
465, 8443268, 8443268
1050, 109401476, 109401476
999999, 113837, 299
1050, 109401775, 109401775
999999, 113789, 317
1050, 109402092, 109402092
999999, 113473, 1
1050, 109402093, 109402093
999999, 113539, 56
280, 9263013, 9263013
1050, 109402149, 109402149
999999, 113739, 247
1050, 109402396, 109402396
999999, 113493, 1
1050, 109402397, 109402397
999999, 113539, 95
999999, 113445, 1
1050, 109402493, 109402493
999999, 113633, 213
1050, 109402706, 109402706
999999, 113421, 1
1050, 109402707, 109402707
999999, 113467, 89
1050, 109402796, 109402796
999999, 113379, 1
1050, 109402797, 109402797
999999, 113648, 265
1050, 109403062, 109403062
999999, 113472, 1
999999, 113472, 51
1050, 109403114, 109403114
999999, 113648, 1
1050, 109403115, 109403115
999999, 113732, 257
1050, 109403372, 109403372
999999, 113690, 68
1050, 109403440, 109403440
999999, 113718, 226
1050, 109403666, 109403666
999999, 113772, 1
1050, 109403667, 109403667
999999, 113772, 48
1050, 109403715, 109403715
999999, 113743, 305
1050, 109404020, 109404020
999999, 113439, 12
286, 9264896, 9264896
1050, 109404032, 109404032
999999, 113684, 1
285, 9264897, 9264897
1050, 109404033, 109404033
999999, 113684, 257
284, 9265154, 9265154
1050, 109404290, 109404290
999999, 113479, 1
284, 9265155, 9265155
1050, 109404291, 109404291
999999, 113831, 97
1050, 109404388, 109404388
999999, 113992, 1
1050, 109404389, 109404389
999999, 114051, 253
285, 9265506, 9265506
1050, 109404642, 109404642
999999, 113799, 1
284, 9265507, 9265507
1050, 109404643, 109404643
999999, 114042, 61
481, 8446496, 8446496
283, 9265568, 8446496
1050, 109404704, 109404704
999999, 114026, 190
480, 8446686, 8446686
282, 9265758, 8446686
1050, 109404894, 109404894
999999, 113837, 1
479, 8446687, 8446687
281, 9265759, 8446687
1050, 109404895, 109404895
999999, 114127, 55
1050, 109404950, 109404950
999999, 114073, 1
1050, 109404951, 109404951
999999, 114093, 321
1050, 109405272, 109405272
999999, 113773, 246
1050, 109405518, 109405518
999999, 113789, 1
1050, 109405519, 109405519
999999, 114147, 73
1050, 109405592, 109405592
999999, 114122, 1
1050, 109405593, 109405593
999999, 114354, 291
281, 9266748, 9266748
1050, 109405884, 109405884
999999, 114118, 1
280, 9266749, 9266749
1050, 109405885, 109405885
999999, 114413, 321
1050, 109406206, 109406206
999999, 114093, 1
1050, 109406207, 109406207
999999, 114149, 13
1050, 109406220, 109406220
999999, 114710, 1
1050, 109406221, 109406221
999999, 114710, 249
1050, 109406470, 109406470
999999, 114523, 1
1050, 109406471, 109406471
999999, 114711, 65
1050, 109406536, 109406536
999999, 114647, 1
1050, 109406537, 109406537
999999, 114707, 307
1050, 109406844, 109406844
999999, 114401, 1
1050, 109406845, 109406845
999999, 114649, 5
1050, 109406850, 109406850
999999, 114744, 1
1050, 109406851, 109406851
999999, 114963, 303
1050, 109407154, 109407154
999999, 114661, 1
1050, 109407155, 109407155
999999, 114711, 47
1050, 109407202, 109407202
999999, 114665, 1
1050, 109407203, 109407203
999999, 114969, 235
1050, 109407438, 109407438
999999, 114735, 1
1050, 109407439, 109407439
999999, 114742, 107
497, 8449338, 8449338
1050, 109407546, 109407546
999999, 114908, 252
1050, 109407798, 109407798
999999, 114657, 14
497, 8449604, 8449604
286, 9268676, 8449604
1050, 109407812, 109407812
999999, 114702, 1
496, 8449605, 8449605
285, 9268677, 8449605
1050, 109407813, 109407813
999999, 114702, 305
284, 9268982, 9268982
1050, 109408118, 109408118
999999, 114740, 1
283, 9268983, 9268983
1050, 109408119, 109408119
999999, 114971, 17
1050, 109408136, 109408136
999999, 114955, 1
1050, 109408137, 109408137
999999, 115055, 263
1050, 109408400, 109408400
999999, 114793, 96
1050, 109408496, 109408496
999999, 114913, 229
263, 8622421, 8622421
1050, 109408725, 109408725
999999, 114768, 81
1050, 109408806, 109408806
999999, 114934, 1
1050, 109408807, 109408807
999999, 114982, 262
283, 9269933, 9269933
1050, 109409069, 109409069
999999, 115021, 67
1050, 109409136, 109409136
999999, 114955, 212
503, 8451140, 8451140
1050, 109409348, 109409348
999999, 114753, 94
263, 8623138, 8623138
283, 9270306, 9270306
1050, 109409442, 109409442
999999, 114956, 1
262, 8623139, 8623139
282, 9270307, 9270307
1050, 109409443, 109409443
999999, 114975, 257
1050, 109409700, 109409700
999999, 114719, 60
503, 8451552, 8451552
282, 9270624, 8451552
1050, 109409760, 109409760
999999, 115016, 1
503, 8451553, 8451553
282, 9270625, 8451553
1050, 109409761, 109409761
999999, 115016, 189
502, 8451742, 8451742
281, 9270814, 8451742
1050, 109409950, 109409950
999999, 115053, 1
501, 8451743, 8451743
280, 9270815, 8451743
1050, 109409951, 109409951
999999, 115377, 55
1050, 109410006, 109410006
999999, 115323, 296
279, 9271166, 9271166
1050, 109410302, 109410302
999999, 115114, 62
1050, 109410364, 109410364
999999, 115053, 1
1050, 109410365, 109410365
999999, 115305, 313
1050, 109410678, 109410678
999999, 114993, 1
999999, 115057, 225
1050, 109410904, 109410904
999999, 114833, 1
1050, 109410905, 109410905
999999, 115083, 47
1050, 109410952, 109410952
999999, 115037, 1
1050, 109410953, 109410953
999999, 115096, 323
1050, 109411276, 109411276
999999, 114962, 298
1050, 109411574, 109411574
999999, 114665, 1
1050, 109411575, 109411575
999999, 114719, 11
1050, 109411586, 109411586
999999, 114970, 1
1050, 109411587, 109411587
999999, 115063, 312
511, 8453691, 8453691
1050, 109411899, 109411899
999999, 114752, 13
1050, 109411912, 109411912
999999, 114950, 298
1050, 109412210, 109412210
999999, 114653, 1
1050, 109412211, 109412211
999999, 114759, 49
1050, 109412260, 109412260
999999, 114711, 1
1050, 109412261, 109412261
999999, 114953, 234
1050, 109412495, 109412495
999999, 115055, 55
1050, 109412550, 109412550
999999, 115027, 1
1050, 109412551, 109412551
999999, 115277, 261
1050, 109412812, 109412812
999999, 115017, 1
1050, 109412813, 109412813
999999, 115067, 93
1050, 109412906, 109412906
999999, 115281, 1
1050, 109412907, 109412907
999999, 115289, 273
999999, 115017, 1
1050, 109413181, 109413181
999999, 115319, 45
287, 9274090, 9274090
1050, 109413226, 109413226
999999, 115275, 1
286, 9274091, 9274091
1050, 109413227, 109413227
999999, 115321, 263
1050, 109413490, 109413490
999999, 115059, 1
1050, 109413491, 109413491
999999, 115291, 49
521, 8455332, 8455332
1050, 109413540, 109413540
999999, 115243, 266
263, 8627502, 8627502
285, 9274670, 9274670
1050, 109413806, 109413806
999999, 115085, 1
262, 8627503, 8627503
284, 9274671, 9274671
1050, 109413807, 109413807
999999, 115339, 61
283, 9274732, 9274732
1050, 109413868, 109413868
999999, 115279, 1
282, 9274733, 9274733
1050, 109413869, 109413869
999999, 115291, 228
281, 9274961, 9274961
1050, 109414097, 109414097
999999, 115064, 87
1050, 109414184, 109414184
999999, 115282, 1
999999, 115282, 223
1050, 109414408, 109414408
999999, 115068, 1
1050, 109414409, 109414409
999999, 115068, 351
1050, 109414760, 109414760
999999, 115013, 1
1050, 109414761, 109414761
999999, 115067, 55
527, 8456608, 8456608
282, 9275680, 8456608
263, 42109344, 8456608
1050, 109414816, 109414816
999999, 115013, 1
526, 8456609, 8456609
282, 9275681, 8456609
262, 42109345, 8456609
1050, 109414817, 109414817
999999, 115291, 250
560, 26577593, 26577593
999999, 115042, 243
283, 9276174, 9276174
1050, 109415310, 109415310
999999, 115109, 74
1050, 109415384, 109415384
999999, 115084, 1
1050, 109415385, 109415385
999999, 115084, 293
526, 8457470, 8457470
282, 9276542, 8457470
1050, 109415678, 109415678
999999, 115053, 23
1050, 109415701, 109415701
999999, 115052, 289
999999, 115058, 1
1050, 109415991, 109415991
999999, 115058, 59
1050, 109416050, 109416050
999999, 115054, 1
1050, 109416051, 109416051
999999, 115054, 233
1050, 109416284, 109416284
999999, 115010, 94
531, 8458170, 8458170
265, 42110906, 8458170
1050, 109416378, 109416378
999999, 114917, 1
530, 8458171, 8458171
264, 42110907, 8458171
1050, 109416379, 109416379
999999, 115011, 215
1050, 109416594, 109416594
999999, 114797, 102
999999, 114902, 1
1050, 109416697, 109416697
999999, 114976, 217
1050, 109416914, 109416914
999999, 115004, 91
1050, 109417005, 109417005
999999, 114914, 267
1050, 109417272, 109417272
999999, 114714, 1
1050, 109417273, 109417273
999999, 114714, 47
1050, 109417320, 109417320
999999, 114964, 1
1050, 109417321, 109417321
999999, 114964, 241
532, 8459354, 8459354
1050, 109417562, 109417562
999999, 114770, 1
531, 8459355, 8459355
1050, 109417563, 109417563
999999, 114770, 49
1050, 109417612, 109417612
999999, 114960, 1
1050, 109417613, 109417613
999999, 114960, 253
1050, 109417866, 109417866
999999, 114754, 1
1050, 109417867, 109417867
999999, 114754, 97
1050, 109417964, 109417964
999999, 114954, 1
1050, 109417965, 109417965
999999, 114954, 232
1050, 109418197, 109418197
999999, 114733, 81
263, 8631974, 8631974
1050, 109418278, 109418278
999999, 114912, 1
262, 8631975, 8631975
1050, 109418279, 109418279
999999, 114912, 221
536, 8460292, 8460292
267, 42113028, 8460292
1050, 109418500, 109418500
999999, 114800, 1
535, 8460293, 8460293
266, 42113029, 8460293
1050, 109418501, 109418501
999999, 115005, 333
1050, 109418834, 109418834
999999, 114673, 1
1050, 109418835, 109418835
999999, 114774, 95
510, 109418931, 109418931
999999, 114956, 1
292, 9279795, 9279795
1050, 109418931, 109418931
999999, 114956, 244
1050, 109419175, 109419175
999999, 114767, 65
1050, 109419240, 109419240
999999, 114703, 255
1050, 109419495, 109419495
999999, 114695, 66
1050, 109419561, 109419561
999999, 114630, 249
291, 9280674, 9280674
1050, 109419810, 109419810
999999, 114406, 1
290, 9280675, 9280675
1050, 109419811, 109419811
999999, 114406, 251
535, 8461854, 8461854
289, 9280926, 8461854
265, 42114590, 8461854
1050, 109420062, 109420062
999999, 114462, 61
534, 8461915, 8461915
1050, 109420123, 109420123
999999, 114402, 292
533, 8462207, 8462207
289, 9281279, 8462207
1050, 109420415, 109420415
999999, 114121, 11
1050, 109420426, 109420426
999999, 114111, 1
1050, 109420427, 109420427
999999, 114413, 260
289, 9281551, 9281551
1050, 109420687, 109420687
999999, 114198, 103
1050, 109420790, 109420790
999999, 114326, 1
1050, 109420791, 109420791
999999, 114326, 211
1050, 109421002, 109421002
999999, 114170, 1
1050, 109421003, 109421003
999999, 114170, 97
1050, 109421100, 109421100
999999, 114327, 1
1050, 109421101, 109421101
999999, 114424, 233
291, 9282198, 9282198
1050, 109421334, 109421334
999999, 114426, 1
290, 9282199, 9282199
1050, 109421335, 109421335
999999, 114426, 61
289, 9282260, 9282260
1050, 109421396, 109421396
999999, 114448, 1
999999, 114448, 255
1050, 109421652, 109421652
999999, 114460, 1
999999, 114460, 85
1050, 109421738, 109421738
999999, 114423, 1
1050, 109421739, 109421739
999999, 114611, 267
1050, 109422006, 109422006
999999, 114345, 1
1050, 109422007, 109422007
999999, 114403, 51
1050, 109422058, 109422058
999999, 114353, 1
1050, 109422059, 109422059
999999, 114603, 264
1050, 109422323, 109422323
999999, 114340, 13
544, 8464128, 8464128
1050, 109422336, 109422336
999999, 114392, 1
543, 8464129, 8464129
1050, 109422337, 109422337
999999, 114392, 283
1050, 109422620, 109422620
999999, 114403, 1
1050, 109422621, 109422621
999999, 114416, 55
1050, 109422676, 109422676
999999, 114662, 1
1050, 109422677, 109422677
999999, 114662, 281
1050, 109422958, 109422958
999999, 114442, 34
1050, 109422992, 109422992
999999, 114409, 1
1050, 109422993, 109422993
999999, 114630, 245
1050, 109423238, 109423238
999999, 114728, 108
1050, 109423346, 109423346
999999, 114621, 1
1050, 109423347, 109423347
999999, 114639, 209
548, 8465348, 8465348
274, 42118084, 8465348
1050, 109423556, 109423556
999999, 114431, 1
547, 8465349, 8465349
273, 42118085, 8465349
1050, 109423557, 109423557
999999, 114729, 95
546, 8465444, 8465444
1050, 109423652, 109423652
999999, 114635, 1
545, 8465445, 8465445
1050, 109423653, 109423653
999999, 114667, 277
999999, 114391, 1
544, 8465723, 8465723
272, 42118459, 8465723
1050, 109423931, 109423931
999999, 114633, 265
543, 8465988, 8465988
271, 42118724, 8465988
1050, 109424196, 109424196
999999, 114428, 100
1050, 109424296, 109424296
999999, 114329, 254
1050, 109424550, 109424550
999999, 114344, 1
1050, 109424551, 109424551
999999, 114411, 65
1050, 109424616, 109424616
999999, 114347, 1
1050, 109424617, 109424617
999999, 114593, 215
543, 8466624, 8466624
294, 9285696, 8466624
1050, 109424832, 109424832
999999, 114379, 1
542, 8466625, 8466625
293, 9285697, 8466625
1050, 109424833, 109424833
999999, 114448, 96
542, 8466721, 8466721
269, 8628513, 8466721
292, 9285793, 8466721
270, 42119457, 8466721
1050, 109424929, 109424929
999999, 114603, 189
542, 8466910, 8466910
269, 8628702, 8466910
291, 9285982, 8466910
270, 42119646, 8466910
1050, 109425118, 109425118
999999, 114522, 63
1050, 109425181, 109425181
999999, 114460, 254
542, 8467227, 8467227
290, 9286299, 8467227
1050, 109425435, 109425435
999999, 114421, 49
289, 9286348, 9286348
1050, 109425484, 109425484
999999, 114373, 1
288, 9286349, 9286349
1050, 109425485, 109425485
999999, 114419, 266
287, 9286615, 9286615
1050, 109425751, 109425751
999999, 114154, 87
286, 9286702, 9286702
1050, 109425838, 109425838
999999, 114382, 1
286, 9286703, 9286703
1050, 109425839, 109425839
999999, 114429, 267
542, 8467898, 8467898
271, 42120634, 8467898
1050, 109426106, 109426106
999999, 114379, 48
1050, 109426154, 109426154
999999, 114424, 1
1050, 109426155, 109426155
999999, 114424, 239
544, 8468186, 8468186
1050, 109426394, 109426394
999999, 114410, 50
1050, 109426444, 109426444
999999, 114361, 262
287, 9287570, 9287570
1050, 109426706, 109426706
999999, 114192, 1
286, 9287571, 9287571
1050, 109426707, 109426707
999999, 114192, 326
286, 9287897, 9287897
1050, 109427033, 109427033
999999, 114135, 77
286, 9287974, 9287974
1050, 109427110, 109427110
999999, 114106, 1
286, 9287975, 9287975
1050, 109427111, 109427111
999999, 114296, 221
549, 8469124, 8469124
278, 42121860, 8469124
1050, 109427332, 109427332
999999, 114170, 1
548, 8469125, 8469125
277, 42121861, 8469125
1050, 109427333, 109427333
999999, 114473, 59
547, 8469184, 8469184
277, 8630976, 8469184
263, 42081472, 8469184
1050, 109427392, 109427392
999999, 114415, 1
546, 8469185, 8469185
277, 8630977, 8469185
262, 42081473, 8469185
1050, 109427393, 109427393
999999, 114650, 317
546, 8469502, 8469502
277, 8631294, 8469502
1050, 109427710, 109427710
999999, 114390, 1
546, 8469503, 8469503
277, 8631295, 8469503
1050, 109427711, 109427711
999999, 114390, 13
1050, 109427724, 109427724
999999, 114622, 1
1050, 109427725, 109427725
999999, 114622, 263
1050, 109427988, 109427988
999999, 114468, 82
287, 9288934, 9288934
1050, 109428070, 109428070
999999, 114387, 238
286, 9289172, 9289172
1050, 109428308, 109428308
999999, 114370, 87
1050, 109428395, 109428395
999999, 114284, 257
1050, 109428652, 109428652
999999, 114086, 1
1050, 109428653, 109428653
999999, 114086, 59
1050, 109428712, 109428712
999999, 114322, 1
1050, 109428713, 109428713
999999, 114322, 226
287, 8632523, 8632523
1050, 109428939, 109428939
999999, 114106, 104
1050, 109429043, 109429043
999999, 114314, 243
285, 9290150, 9290150
1050, 109429286, 109429286
999999, 114078, 26
554, 8471104, 8471104
1050, 109429312, 109429312
999999, 114360, 295
999999, 114066, 74
288, 8633265, 8633265
286, 9290545, 8633265
1050, 109429681, 109429681
999999, 113999, 242
285, 9290787, 9290787
1050, 109429923, 109429923
999999, 113758, 61
557, 8471776, 8471776
287, 8633568, 8471776
285, 9290848, 8471776
284, 42124512, 8471776
1050, 109429984, 109429984
999999, 113978, 1
557, 8471777, 8471777
286, 8633569, 8471777
285, 9290849, 8471777
283, 42124513, 8471777
1050, 109429985, 109429985
999999, 113978, 190
557, 8471967, 8471967
285, 8633759, 8471967
284, 9291039, 8471967
282, 42124703, 8471967
1050, 109430175, 109430175
999999, 113843, 61
283, 9291100, 9291100
1050, 109430236, 109430236
999999, 113783, 1
282, 9291101, 9291101
1050, 109430237, 109430237
999999, 114079, 250
1050, 109430487, 109430487
999999, 113830, 51
284, 8634122, 8634122
1050, 109430538, 109430538
999999, 113784, 1
283, 8634123, 8634123
1050, 109430539, 109430539
999999, 114043, 273
1050, 109430812, 109430812
999999, 113771, 1
519, 3295239, 3295239
999999, 113879, 90
1050, 109430903, 109430903
999999, 113790, 226
1050, 109431129, 109431129
999999, 113769, 55
285, 9292048, 9292048
1050, 109431184, 109431184
999999, 113810, 267
567, 8473243, 8473243
284, 9292315, 8473243
1050, 109431451, 109431451
999999, 113544, 48
283, 9292363, 9292363
1050, 109431499, 109431499
999999, 113777, 305
1050, 109431804, 109431804
999999, 113529, 1
1050, 109431805, 109431805
999999, 113747, 47
999999, 113701, 1
1050, 109431853, 109431853
999999, 113781, 217
1050, 109432070, 109432070
999999, 113565, 1
1050, 109432071, 109432071
999999, 113842, 65
1050, 109432136, 109432136
999999, 113818, 1
1050, 109432137, 109432137
999999, 113818, 299
1050, 109432436, 109432436
999999, 113776, 1
1050, 109432437, 109432437
999999, 113776, 45
262, 42086562, 42086562
1050, 109432482, 109432482
999999, 113790, 1
262, 42086563, 42086563
1050, 109432483, 109432483
999999, 113979, 249
262, 42086812, 42086812
1050, 109432732, 109432732
262, 109776540, 109432732
999999, 113731, 1
1050, 109432733, 109432733
262, 109776541, 109432733
999999, 114041, 47
1050, 109432780, 109432780
999999, 113995, 1
1050, 109432781, 109432781
999999, 114047, 268
1050, 109433049, 109433049
999999, 113780, 307
1050, 109433356, 109433356
263, 109777164, 109433356
999999, 113778, 1
1050, 109433357, 109433357
263, 109777165, 109433357
999999, 113778, 53
1050, 109433410, 109433410
999999, 113737, 1
1050, 109433411, 109433411
999999, 113988, 257
589, 8475460, 8475460
294, 42128196, 8475460
1050, 109433668, 109433668
263, 109777476, 109433668
999999, 113790, 1
589, 8475461, 8475461
293, 42128197, 8475461
1050, 109433669, 109433669
263, 109777477, 109433669
999999, 113790, 100
1050, 109433769, 109433769
262, 109777577, 109433769
999999, 113969, 226
1050, 109433995, 109433995
999999, 113744, 61
1050, 109434056, 109434056
999999, 113774, 1
1050, 109434057, 109434057
999999, 114021, 298
999999, 113724, 14
594, 8476161, 8476161
295, 9295233, 8476161
1050, 109434369, 109434369
264, 109778177, 109434369
999999, 113779, 319
594, 8476480, 8476480
294, 9295552, 8476480
1050, 109434688, 109434688
263, 109778496, 109434688
999999, 113722, 1
594, 8476481, 8476481
293, 9295553, 8476481
1050, 109434689, 109434689
262, 109778497, 109434689
999999, 113722, 255
594, 8476736, 8476736
293, 8638528, 8476736
1050, 109434944, 109434944
999999, 113477, 1
594, 8476737, 8476737
292, 8638529, 8476737
1050, 109434945, 109434945
999999, 113831, 95
594, 8476832, 8476832
291, 8638624, 8476832
294, 9295904, 8476832
295, 42129568, 8476832
1050, 109435040, 109435040
263, 109778848, 109435040
999999, 113737, 1
594, 8476833, 8476833
290, 8638625, 8476833
293, 9295905, 8476833
294, 42129569, 8476833
1050, 109435041, 109435041
262, 109778849, 109435041
999999, 113973, 189
594, 8477022, 8477022
289, 8638814, 8477022
292, 9296094, 8477022
293, 42129758, 8477022
1050, 109435230, 109435230
999999, 113785, 1
594, 8477023, 8477023
288, 8638815, 8477023
291, 9296095, 8477023
292, 42129759, 8477023
1050, 109435231, 109435231
999999, 113844, 95
999999, 113996, 1
594, 8477119, 8477119
286, 8638911, 8477119
289, 9296191, 8477119
1050, 109435327, 109435327
999999, 114087, 269
288, 9296460, 9296460
1050, 109435596, 109435596
999999, 113819, 270
595, 8477658, 8477658
1050, 109435866, 109435866
999999, 113773, 1
595, 8477659, 8477659
1050, 109435867, 109435867
999999, 113885, 97
1050, 109435964, 109435964
999999, 113789, 1
1050, 109435965, 109435965
999999, 114003, 253
597, 8478010, 8478010
289, 9297082, 8478010
294, 42130746, 8478010
1050, 109436218, 109436218
999999, 113751, 62
288, 9297144, 9297144
1050, 109436280, 109436280
999999, 113784, 228
1050, 109436508, 109436508
999999, 113557, 1
1050, 109436509, 109436509
999999, 113817, 45
1050, 109436554, 109436554
999999, 113773, 348
1050, 109436902, 109436902
999999, 113692, 1
1050, 109436903, 109436903
999999, 113801, 263
1050, 109437166, 109437166
999999, 113539, 1
1050, 109437167, 109437167
999999, 113747, 34
1050, 109437201, 109437201
999999, 113816, 289
