777777, 400, 3000
105, 9190014, 9190014
106, 75514622, 75514622
157, 75676414, 75676414
400, 109329150, 109329150
999999, 43629, 208
104, 9190222, 9190222
400, 109329358, 109329358
100, 109455758, 109329358
999999, 43636, 1
103, 9190223, 9190223
400, 109329359, 109329359
100, 109455759, 109329359
999999, 43636, 61
110, 42023948, 42023948
400, 109329420, 109329420
999999, 43684, 1
109, 42023949, 42023949
400, 109329421, 109329421
999999, 43684, 269
104, 42934298, 42934298
157, 75676954, 75676954
101, 75757850, 75676954
107, 76040986, 75676954
400, 109329690, 109329690
100, 109451034, 109329690
999999, 43680, 1
103, 42934299, 42934299
157, 75676955, 75676955
100, 75757851, 75676955
106, 76040987, 75676955
400, 109329691, 109329691
999999, 43742, 317
156, 75677272, 75677272
400, 109330008, 109330008
999999, 43669, 1
155, 75677273, 75677273
400, 109330009, 109330009
999999, 43687, 96
154, 75677369, 75677369
400, 109330105, 109330105
999999, 43900, 227
153, 75677596, 75677596
400, 109330332, 109330332
999999, 43685, 1
152, 75677597, 75677597
400, 109330333, 109330333
999999, 43988, 95
152, 75677692, 75677692
400, 109330428, 109330428
999999, 43940, 1
152, 75677693, 75677693
400, 109330429, 109330429
999999, 43940, 201
117, 10961090, 10961090
999999, 43929, 1
151, 75677895, 75677895
400, 109330631, 109330631
999999, 44024, 101
120, 75516204, 75516204
101, 76178540, 75516204
400, 109330732, 109330732
104, 109897004, 109330732
999999, 44144, 1
120, 75516205, 75516205
101, 76178541, 75516205
400, 109330733, 109330733
103, 109897005, 109330733
999999, 44144, 231
400, 109330964, 109330964
999999, 44002, 1
400, 109330965, 109330965
999999, 44002, 99
152, 75678328, 75678328
400, 109331064, 109331064
999999, 44130, 1
151, 75678329, 75678329
400, 109331065, 109331065
999999, 44130, 203
112, 42025796, 42025796
151, 75678532, 75678532
400, 109331268, 109331268
999999, 43970, 1
111, 42025797, 42025797
150, 75678533, 75678533
400, 109331269, 109331269
999999, 44273, 93
149, 75678626, 75678626
400, 109331362, 109331362
102, 109457762, 109331362
999999, 44181, 284
148, 75678910, 75678910
102, 76179454, 75678910
105, 76305854, 75678910
400, 109331646, 109331646
101, 109458046, 109331646
999999, 43956, 1
147, 75678911, 75678911
101, 76179455, 75678911
104, 76305855, 75678911
400, 109331647, 109331647
100, 109458047, 109331647
999999, 43956, 55
112, 41950390, 41950390
111, 76042998, 41950390
400, 109331702, 109331702
999999, 44135, 1
111, 41950391, 41950391
110, 76042999, 41950391
400, 109331703, 109331703
999999, 44188, 262
111, 41950653, 41950653
148, 75679229, 75679229
400, 109331965, 109331965
999999, 44169, 45
112, 9192874, 9192874
102, 75760170, 9192874
400, 109332010, 109332010
101, 109989290, 109332010
999999, 44125, 1
111, 9192875, 9192875
101, 75760171, 9192875
400, 109332011, 109332011
100, 109989291, 109332011
999999, 44225, 238
110, 9193113, 9193113
148, 75679513, 75679513
400, 109332249, 109332249
999999, 43988, 81
111, 41951018, 41951018
100, 75760490, 41951018
100, 76180138, 41951018
400, 109332330, 109332330
999999, 44124, 1
111, 41951019, 41951019
400, 109332331, 109332331
999999, 44238, 278
111, 42937217, 42937217
149, 75679873, 75679873
400, 109332609, 109332609
103, 109453953, 109332609
999999, 44167, 265
103, 42386378, 42386378
109, 76044170, 76044170
400, 109332874, 109332874
999999, 43998, 1
102, 42386379, 42386379
108, 76044171, 76044171
400, 109332875, 109332875
999999, 43998, 61
400, 109332936, 109332936
102, 109454280, 109332936
999999, 44166, 301
114, 42937845, 42937845
100, 76181045, 42937845
400, 109333237, 109333237
999999, 43866, 311
400, 109333548, 109333548
100, 109459948, 109333548
107, 109899820, 109333548
999999, 43906, 54
115, 42938210, 42938210
149, 75680866, 75680866
400, 109333602, 109333602
102, 109454946, 109333602
999999, 43927, 262
114, 42028392, 42028392
138, 75519336, 75519336
400, 109333864, 109333864
106, 109900136, 109333864
999999, 43870, 1
113, 42028393, 42028393
137, 75519337, 75519337
400, 109333865, 109333865
105, 109900137, 109333865
999999, 43870, 55
100, 8416160, 8416160
101, 9124000, 9124000
111, 9194784, 9194784
111, 41952608, 41952608
113, 42028448, 42028448
103, 42387424, 42028448
114, 42938528, 42938528
136, 75519392, 75519392
150, 75681184, 75681184
107, 76045216, 75681184
108, 76308128, 75681184
400, 109333920, 109333920
101, 109455264, 109333920
100, 109824352, 109333920
104, 109900192, 109333920
999999, 43922, 1
100, 9124001, 9124001
110, 9194785, 9194785
111, 41952609, 41952609
113, 42028449, 42028449
102, 42387425, 42028449
113, 42938529, 42938529
135, 75519393, 75519393
149, 75681185, 75681185
106, 76045217, 75681185
107, 76308129, 75681185
400, 109333921, 109333921
100, 109455265, 109333921
103, 109900193, 109333921
999999, 43922, 189
109, 9194974, 9194974
110, 41952798, 41952798
112, 42028638, 42028638
102, 42387614, 42028638
112, 42938718, 42938718
134, 75519582, 75519582
148, 75681374, 75681374
105, 76045406, 75681374
106, 76308318, 75681374
400, 109334110, 109334110
102, 109900382, 109334110
999999, 43990, 48
108, 9195022, 9195022
102, 42387662, 9195022
105, 76308366, 9195022
400, 109334158, 109334158
999999, 43943, 1
108, 9195023, 9195023
101, 42387663, 9195023
104, 76308367, 9195023
400, 109334159, 109334159
999999, 43989, 303
107, 9195326, 9195326
147, 75681726, 75681726
104, 76045758, 75681726
400, 109334462, 109334462
999999, 43924, 15
106, 9195341, 9195341
112, 42029005, 42029005
400, 109334477, 109334477
999999, 44215, 272
105, 9195613, 9195613
111, 41953437, 41953437
100, 42388253, 41953437
148, 75682013, 75682013
400, 109334749, 109334749
999999, 43944, 54
104, 9195667, 9195667
133, 75520275, 75520275
400, 109334803, 109334803
999999, 43989, 257
110, 41953748, 41953748
400, 109335060, 109335060
999999, 43733, 96
400, 109335156, 109335156
999999, 43856, 230
116, 42939994, 42939994
132, 75520858, 75520858
149, 75682650, 75682650
103, 76046682, 75682650
103, 76309594, 75682650
400, 109335386, 109335386
999999, 43627, 1
115, 42939995, 42939995
131, 75520859, 75520859
148, 75682651, 75682651
102, 76046683, 75682651
102, 76309595, 75682651
400, 109335387, 109335387
999999, 43725, 98
147, 75682749, 75682749
400, 109335485, 109335485
999999, 43891, 262
146, 75683011, 75683011
400, 109335747, 109335747
999999, 43630, 265
118, 42030540, 42030540
115, 42940620, 42030540
400, 109336012, 109336012
999999, 43413, 1
118, 42030541, 42030541
115, 42940621, 42030541
400, 109336013, 109336013
999999, 43601, 101
117, 42030642, 42030642
115, 42940722, 42030642
400, 109336114, 109336114
999999, 43562, 1
116, 42030643, 42030643
115, 42940723, 42030643
400, 109336115, 109336115
999999, 43562, 207
111, 41955010, 41955010
149, 75683586, 75683586
400, 109336322, 109336322
999999, 43604, 1
110, 41955011, 41955011
149, 75683587, 75683587
400, 109336323, 109336323
999999, 43669, 95
149, 75683682, 75683682
400, 109336418, 109336418
104, 109457762, 109336418
999999, 43575, 1
148, 75683683, 75683683
400, 109336419, 109336419
103, 109457763, 109336419
999999, 43827, 296
400, 109336715, 109336715
102, 109458059, 109336715
999999, 43532, 292
400, 109337007, 109337007
999999, 43328, 20
147, 75684291, 75684291
400, 109337027, 109337027
101, 109458371, 109337027
999999, 43535, 277
111, 41955992, 41955992
146, 75684568, 75684568
103, 76311512, 75684568
400, 109337304, 109337304
999999, 43259, 1
213, 26499831, 26499831
999999, 43355, 44
115, 42031877, 42031877
100, 42390853, 42031877
144, 75684613, 75684613
400, 109337349, 109337349
999999, 43529, 307
104, 8642360, 8642360
109, 41956344, 41956344
143, 75684920, 75684920
400, 109337656, 109337656
100, 109459000, 109337656
999999, 43223, 1
103, 8642361, 8642361
108, 41956345, 41956345
143, 75684921, 75684921
400, 109337657, 109337657
999999, 43277, 55
102, 8642416, 8642416
100, 9021616, 8642416
106, 76049008, 76049008
101, 76311920, 76049008
400, 109337712, 109337712
105, 109903984, 109337712
999999, 43223, 1
101, 8642417, 8642417
105, 76049009, 76049009
100, 76311921, 76049009
400, 109337713, 109337713
104, 109903985, 109337713
999999, 43492, 219
114, 42032460, 42032460
400, 109337932, 109337932
999999, 43358, 1
113, 42032461, 42032461
400, 109337933, 109337933
999999, 43358, 55
100, 8642692, 8642692
107, 41956676, 41956676
112, 42032516, 42032516
144, 75685252, 75685252
104, 76049284, 75685252
400, 109337988, 109337988
999999, 43577, 1
100, 8642693, 8642693
106, 41956677, 41956677
111, 42032517, 42032517
143, 75685253, 75685253
103, 76049285, 75685253
400, 109337989, 109337989
999999, 43621, 303
400, 109338292, 109338292
103, 109904564, 109338292
999999, 43319, 1
400, 109338293, 109338293
102, 109904565, 109338293
999999, 43570, 319
100, 8643316, 8643316
101, 9305652, 9305652
108, 41947188, 41947188
400, 109338612, 109338612
102, 109904884, 109338612
999999, 43277, 1
100, 9305653, 9305653
108, 41947189, 41947189
400, 109338613, 109338613
101, 109904885, 109338613
999999, 43545, 47
107, 41957348, 41957348
114, 42943268, 42943268
135, 75524132, 75524132
144, 75685924, 75685924
400, 109338660, 109338660
102, 109576292, 109338660
999999, 43499, 1
106, 41957349, 41957349
113, 42943269, 42943269
134, 75524133, 75524133
143, 75685925, 75685925
400, 109338661, 109338661
101, 109576293, 109338661
999999, 43557, 253
105, 8421154, 8421154
100, 9128994, 8421154
112, 9199778, 9199778
142, 75686178, 75686178
103, 76050210, 75686178
400, 109338914, 109338914
100, 109429922, 109338914
999999, 43305, 62
104, 8421216, 8421216
101, 9189728, 8421216
111, 9199840, 9199840
108, 41947552, 9199840
105, 41957664, 9199840
110, 42033504, 9199840
112, 42943584, 42943584
133, 75524448, 75524448
141, 75686240, 75686240
101, 75767136, 75686240
101, 75772192, 75686240
102, 76050272, 75686240
400, 109338976, 109338976
100, 109576608, 109338976
100, 109905248, 109338976
999999, 43543, 1
103, 8421217, 8421217
101, 9189729, 8421217
110, 9199841, 9199841
107, 41947553, 9199841
104, 41957665, 9199841
109, 42033505, 9199841
111, 42943585, 42943585
132, 75524449, 75524449
140, 75686241, 75686241
100, 75767137, 75686241
100, 75772193, 75686241
101, 76050273, 75686241
400, 109338977, 109338977
999999, 43559, 189
102, 8421406, 8421406
101, 9189918, 8421406
109, 9200030, 9200030
106, 41947742, 9200030
103, 41957854, 9200030
108, 42033694, 9200030
110, 42943774, 42943774
131, 75524638, 75524638
139, 75686430, 75686430
100, 76050462, 75686430
400, 109339166, 109339166
999999, 43371, 56
101, 8421462, 8421462
107, 42033750, 42033750
400, 109339222, 109339222
999999, 43586, 296
999999, 43291, 1
107, 9200383, 9200383
104, 41948095, 9200383
129, 75524991, 75524991
139, 75686783, 75686783
400, 109339519, 109339519
999999, 43379, 7
138, 75686790, 75686790
400, 109339526, 109339526
999999, 43586, 278
106, 9200668, 9200668
109, 42944412, 42944412
137, 75687068, 75687068
400, 109339804, 109339804
999999, 43309, 1
105, 9200669, 9200669
108, 42944413, 42944413
136, 75687069, 75687069
400, 109339805, 109339805
999999, 43403, 94
106, 42034427, 42034427
130, 75525371, 75525371
135, 75687163, 75687163
400, 109339899, 109339899
999999, 43310, 209
104, 9200972, 9200972
105, 42034636, 42034636
400, 109340108, 109340108
999999, 43370, 1
103, 9200973, 9200973
104, 42034637, 42034637
400, 109340109, 109340109
999999, 43429, 67
104, 41958864, 41958864
400, 109340176, 109340176
999999, 43363, 358
400, 109340534, 109340534
999999, 43212, 1
400, 109340535, 109340535
999999, 43212, 281
103, 41949392, 41949392
400, 109340816, 109340816
999999, 43032, 298
104, 42035642, 42035642
137, 75688378, 75688378
400, 109341114, 109341114
999999, 42954, 1
104, 42035643, 42035643
137, 75688379, 75688379
400, 109341115, 109341115
999999, 42954, 21
400, 109341136, 109341136
999999, 43032, 290
103, 42035954, 42035954
400, 109341426, 109341426
999999, 42743, 1
102, 42035955, 42035955
400, 109341427, 109341427
999999, 43005, 49
100, 8423716, 8423716
136, 75688740, 75688740
105, 75769636, 75688740
103, 76189284, 75688740
400, 109341476, 109341476
999999, 42957, 1
100, 8423717, 8423717
136, 75688741, 75688741
105, 75769637, 75688741
103, 76189285, 75688741
400, 109341477, 109341477
999999, 43003, 241
103, 42036246, 42036246
105, 75769878, 75769878
103, 76189526, 75769878
400, 109341718, 109341718
100, 109832150, 109341718
999999, 42763, 1
103, 42036247, 42036247
105, 75769879, 75769879
103, 76189527, 75769879
400, 109341719, 109341719
100, 109832151, 109341719
999999, 42951, 95
105, 41950390, 41950390
400, 109341814, 109341814
999999, 42912, 226
103, 9309080, 9309080
106, 41960728, 41960728
138, 75689304, 75689304
103, 76189848, 75689304
400, 109342040, 109342040
999999, 42946, 1
103, 9309081, 9309081
105, 41960729, 41960729
138, 75689305, 75689305
103, 76189849, 75689305
400, 109342041, 109342041
999999, 42946, 77
137, 75689382, 75689382
400, 109342118, 109342118
999999, 42961, 1
137, 75689383, 75689383
400, 109342119, 109342119
999999, 43190, 278
136, 75689661, 75689661
400, 109342397, 109342397
999999, 42993, 45
105, 8424682, 8424682
104, 41951018, 8424682
102, 76190250, 8424682
400, 109342442, 109342442
999999, 43217, 1
104, 8424683, 8424683
103, 41951019, 8424683
101, 76190251, 8424683
400, 109342443, 109342443
999999, 43264, 265
103, 8424948, 8424948
100, 9178292, 8424948
400, 109342708, 109342708
999999, 43227, 52
108, 9203624, 9203624
102, 41951336, 9203624
104, 42037288, 9203624
105, 42684456, 9203624
100, 76190568, 9203624
400, 109342760, 109342760
999999, 43282, 236
400, 109342996, 109342996
999999, 43047, 60
400, 109343056, 109343056
999999, 43244, 1
400, 109343057, 109343057
999999, 43244, 281
101, 41951914, 41951914
104, 41962026, 41962026
400, 109343338, 109343338
999999, 43017, 22
107, 9204224, 9204224
115, 42947968, 42947968
137, 75528832, 75528832
140, 75690624, 75690624
400, 109343360, 109343360
101, 109833792, 109343360
999999, 43246, 1
106, 9204225, 9204225
114, 42947969, 42947969
136, 75528833, 75528833
139, 75690625, 75690625
400, 109343361, 109343361
100, 109833793, 109343361
999999, 43246, 311
102, 9310712, 9310712
138, 75690936, 75690936
400, 109343672, 109343672
999999, 42969, 8
105, 9204544, 9204544
103, 41962368, 9204544
114, 42948288, 42948288
135, 75529152, 75529152
137, 75690944, 75690944
400, 109343680, 109343680
999999, 43245, 1
104, 9204545, 9204545
102, 41962369, 9204545
114, 42948289, 42948289
134, 75529153, 75529153
137, 75690945, 75690945
400, 109343681, 109343681
999999, 43545, 256
103, 9204801, 9204801
133, 75529409, 75529409
137, 75691201, 75691201
400, 109343937, 109343937
999999, 43290, 285
102, 8426462, 8426462
102, 9179806, 9179806
111, 9194974, 9194974
102, 9205086, 9194974
101, 9311262, 9194974
100, 41952798, 9194974
101, 41962910, 9194974
104, 42038750, 9194974
115, 42685918, 42685918
114, 42948830, 42685918
132, 75529694, 75529694
136, 75691486, 75691486
105, 75772382, 75691486
100, 75812830, 75691486
103, 76055518, 75691486
400, 109344222, 109344222
100, 109581854, 109344222
999999, 43053, 1
101, 8426463, 8426463
101, 9179807, 9179807
110, 9194975, 9194975
101, 9205087, 9194975
100, 9311263, 9194975
100, 41962911, 9194975
103, 42038751, 9194975
115, 42685919, 42685919
113, 42948831, 42685919
131, 75529695, 75529695
135, 75691487, 75691487
104, 75772383, 75691487
102, 76055519, 75691487
400, 109344223, 109344223
999999, 43309, 55
102, 42038806, 42038806
115, 42685974, 42685974
103, 75772438, 42685974
400, 109344278, 109344278
999999, 43363, 1
102, 42038807, 42038807
114, 42685975, 42685975
102, 75772439, 42685975
400, 109344279, 109344279
999999, 43619, 247
400, 109344526, 109344526
999999, 43373, 1
400, 109344527, 109344527
999999, 43381, 67
102, 9205458, 9205458
400, 109344594, 109344594
999999, 43315, 1
101, 9205459, 9205459
400, 109344595, 109344595
999999, 43567, 265
109, 9195612, 9195612
141, 75692124, 75692124
101, 75773020, 75692124
400, 109344860, 109344860
999999, 43364, 1
108, 9195613, 9195613
141, 75692125, 75692125
100, 75773021, 75692125
400, 109344861, 109344861
999999, 43364, 93
100, 9180538, 9180538
104, 42039482, 42039482
141, 75692218, 75692218
400, 109344954, 109344954
999999, 43550, 1
103, 42039483, 42039483
141, 75692219, 75692219
400, 109344955, 109344955
999999, 43550, 251
102, 9312246, 9312246
400, 109345206, 109345206
999999, 43390, 1
101, 9312247, 9312247
400, 109345207, 109345207
999999, 43643, 287
100, 9206358, 9206358
102, 42040022, 42040022
113, 42687190, 42687190
400, 109345494, 109345494
999999, 43357, 1
101, 42040023, 42040023
112, 42687191, 42687191
400, 109345495, 109345495
999999, 43369, 51
112, 42950154, 42950154
400, 109345546, 109345546
999999, 43319, 258
100, 42040332, 42040332
400, 109345804, 109345804
999999, 43416, 94
104, 8428138, 8428138
111, 42950506, 42950506
107, 76057194, 42950506
400, 109345898, 109345898
999999, 43323, 1
104, 8428139, 8428139
110, 42950507, 42950507
106, 76057195, 42950507
400, 109345899, 109345899
999999, 43581, 334
100, 9313273, 9313273
144, 75693497, 75693497
400, 109346233, 109346233
999999, 43248, 215
105, 8428688, 8428688
100, 9313488, 8428688
106, 76057744, 76057744
400, 109346448, 109346448
999999, 43278, 1
105, 8428689, 8428689
100, 9313489, 8428689
106, 76057745, 76057745
400, 109346449, 109346449
999999, 43278, 47
105, 8428736, 8428736
145, 75693760, 75693760
105, 76057792, 75693760
400, 109346496, 109346496
999999, 43286, 1
105, 8428737, 8428737
144, 75693761, 75693761
104, 76057793, 75693761
400, 109346497, 109346497
999999, 43533, 317
105, 8429054, 8429054
105, 8530174, 8530174
102, 9182398, 8530174
143, 75694078, 75694078
103, 76058110, 75694078
400, 109346814, 109346814
102, 109488382, 109346814
100, 109584446, 109346814
999999, 43217, 1
999999, 43285, 315
105, 8651834, 8651834
101, 42041658, 8651834
113, 42688826, 42688826
109, 42951738, 42688826
141, 75694394, 75694394
400, 109347130, 109347130
999999, 42971, 22
111, 9197904, 9197904
108, 42951760, 9197904
400, 109347152, 109347152
999999, 43198, 1
110, 9197905, 9197905
107, 42951761, 9197905
400, 109347153, 109347153
999999, 43198, 297
103, 8429690, 8429690
104, 8652154, 8652154
101, 42041978, 8652154
112, 42689146, 42689146
106, 42952058, 42689146
141, 75694714, 75694714
101, 76058746, 75694714
400, 109347450, 109347450
999999, 43008, 10
102, 8429700, 8429700
103, 8652164, 8652164
101, 42041988, 8652164
111, 42689156, 42689156
105, 42952068, 42689156
141, 75694724, 75694724
100, 76058756, 75694724
400, 109347460, 109347460
999999, 42999, 1
101, 8429701, 8429701
102, 8652165, 8652165
100, 42041989, 8652165
110, 42689157, 42689157
104, 42952069, 42689157
141, 75694725, 75694725
400, 109347461, 109347461
999999, 43201, 351
100, 8430052, 8430052
103, 9208676, 9208676
103, 42952420, 42952420
138, 75533284, 75533284
400, 109347812, 109347812
999999, 42851, 267
110, 9198831, 9198831
103, 9208943, 9198831
101, 75776239, 9198831
400, 109348079, 109348079
999999, 42643, 25
110, 9198856, 9198856
102, 42952712, 9198856
400, 109348104, 109348104
999999, 42619, 1
110, 9198857, 9198857
101, 42952713, 9198857
400, 109348105, 109348105
999999, 42893, 347
101, 8430692, 8430692
101, 41967140, 41967140
137, 75533924, 75533924
100, 75776612, 75533924
102, 75817060, 75533924
400, 109348452, 109348452
999999, 42594, 1
100, 8430693, 8430693
100, 41967141, 41967141
136, 75533925, 75533925
101, 75817061, 75533925
400, 109348453, 109348453
999999, 42903, 283
111, 9199488, 9199488
105, 9209600, 9199488
100, 42953344, 9199488
400, 109348736, 109348736
999999, 42621, 297
999999, 42369, 55
109, 26511615, 26511615
999999, 42315, 1
104, 8532449, 8532449
100, 8653793, 8532449
101, 9184673, 8532449
111, 9199841, 9199841
105, 9209953, 9199841
108, 42690785, 9199841
134, 75534561, 75534561
145, 75696353, 75696353
400, 109349089, 109349089
101, 109490657, 109349089
999999, 42539, 189
103, 8532638, 8532638
100, 9184862, 8532638
110, 9200030, 9200030
104, 9210142, 9200030
107, 42690974, 9200030
133, 75534750, 75534750
144, 75696542, 75696542
400, 109349278, 109349278
100, 109490846, 109349278
999999, 42351, 1
102, 8532639, 8532639
110, 9200031, 9200031
103, 9210143, 9200031
106, 42690975, 9200031
132, 75534751, 75534751
144, 75696543, 75696543
400, 109349279, 109349279
999999, 42403, 55
400, 109349334, 109349334
999999, 42606, 1
400, 109349335, 109349335
999999, 42943, 261
102, 9210460, 9210460
144, 75696860, 75696860
400, 109349596, 109349596
999999, 42778, 83
400, 109349679, 109349679
999999, 42943, 232
400, 109349911, 109349911
999999, 42712, 65
400, 109349976, 109349976
999999, 42680, 1
400, 109349977, 109349977
999999, 42680, 238
144, 75697479, 75697479
400, 109350215, 109350215
999999, 42739, 62
105, 42691973, 42691973
144, 75697541, 75697541
400, 109350277, 109350277
999999, 42678, 265
101, 8533902, 8533902
110, 9201294, 9201294
400, 109350542, 109350542
102, 109492110, 109350542
999999, 42426, 96
400, 109350638, 109350638
999999, 42331, 1
400, 109350639, 109350639
999999, 42675, 227
131, 75536338, 75536338
400, 109350866, 109350866
999999, 42449, 48
400, 109350914, 109350914
999999, 42632, 1
400, 109350915, 109350915
999999, 42687, 265
400, 109351180, 109351180
999999, 42423, 1
400, 109351181, 109351181
999999, 42719, 93
100, 8534634, 8534634
400, 109351274, 109351274
102, 109492842, 109351274
999999, 42627, 1
400, 109351275, 109351275
101, 109492843, 109351275
999999, 42693, 229
400, 109351504, 109351504
100, 109493072, 109351504
999999, 42680, 1
400, 109351505, 109351505
999999, 42680, 83
133, 75537060, 75537060
400, 109351588, 109351588
999999, 43004, 1
133, 75537061, 75537061
400, 109351589, 109351589
999999, 43004, 245
108, 9212698, 9212698
100, 41970522, 9212698
133, 75537306, 75537306
400, 109351834, 109351834
999999, 42948, 1
108, 9212699, 9212699
100, 41970523, 9212699
133, 75537307, 75537307
400, 109351835, 109351835
999999, 42948, 47
100, 8434122, 8434122
107, 9212746, 9212746
400, 109351882, 109351882
999999, 42960, 1
106, 9212747, 9212747
400, 109351883, 109351883
999999, 42960, 255
400, 109352138, 109352138
999999, 42962, 106
400, 109352244, 109352244
999999, 42938, 1
400, 109352245, 109352245
999999, 42938, 261
111, 42694202, 42694202
154, 75699770, 75699770
400, 109352506, 109352506
999999, 42908, 44
400, 109352550, 109352550
999999, 42865, 1
400, 109352551, 109352551
999999, 42964, 267
400, 109352818, 109352818
999999, 42948, 1
400, 109352819, 109352819
999999, 43240, 53
122, 9203624, 9203624
100, 9385640, 9203624
134, 75538344, 75538344
400, 109352872, 109352872
102, 109494440, 109352872
999999, 43236, 1
121, 9203625, 9203625
133, 75538345, 75538345
400, 109352873, 109352873
101, 109494441, 109352873
999999, 43236, 261
108, 9213998, 9213998
132, 75538606, 75538606
400, 109353134, 109353134
999999, 43264, 1
107, 9213999, 9213999
131, 75538607, 75538607
400, 109353135, 109353135
999999, 43264, 59
400, 109353194, 109353194
102, 109494762, 109353194
999999, 43274, 1
999999, 43274, 265
999999, 43258, 1
400, 109353461, 109353461
999999, 43258, 45
104, 9189090, 9189090
106, 9214370, 9214370
101, 9320546, 9214370
100, 41972194, 9214370
130, 75538978, 75538978
155, 75700770, 75700770
400, 109353506, 109353506
103, 109495074, 109353506
999999, 43246, 1
103, 9189091, 9189091
105, 9214371, 9214371
100, 9320547, 9214371
129, 75538979, 75538979
154, 75700771, 75700771
400, 109353507, 109353507
103, 109495075, 109353507
999999, 43246, 237
101, 9012368, 9012368
128, 75539216, 75539216
400, 109353744, 109353744
999999, 43304, 82
102, 9189410, 9189410
104, 9214690, 9214690
127, 75539298, 75539298
155, 75701090, 75701090
400, 109353826, 109353826
999999, 43223, 1
101, 9189411, 9189411
103, 9214691, 9214691
126, 75539299, 75539299
154, 75701091, 75701091
400, 109353827, 109353827
999999, 43278, 255
126, 75539554, 75539554
154, 75701346, 75701346
400, 109354082, 109354082
102, 109495650, 109354082
102, 109591714, 109354082
999999, 43292, 1
126, 75539555, 75539555
154, 75701347, 75701347
400, 109354083, 109354083
101, 109495651, 109354083
101, 109591715, 109354083
999999, 43292, 61
104, 8658848, 8658848
100, 9012768, 8658848
100, 9189728, 8658848
122, 9204896, 9204896
102, 9215008, 9204896
100, 9321184, 9204896
107, 42534048, 9204896
111, 42695840, 9204896
125, 75539616, 75539616
153, 75701408, 75701408
400, 109354144, 109354144
101, 109495712, 109354144
100, 109591776, 109354144
999999, 43250, 1
103, 8658849, 8658849
122, 9204897, 9204897
101, 9215009, 9204897
106, 42534049, 9204897
110, 42695841, 9204897
124, 75539617, 75539617
152, 75701409, 75701409
400, 109354145, 109354145
101, 109495713, 109354145
999999, 43250, 189
102, 8659038, 8659038
121, 9205086, 9205086
100, 9215198, 9205086
105, 42534238, 9205086
109, 42696030, 9205086
124, 75539806, 75539806
151, 75701598, 75701598
400, 109354334, 109354334
100, 109495902, 109354334
999999, 43353, 1
101, 8659039, 8659039
120, 9205087, 9205087
104, 42534239, 9205087
108, 42696031, 9205087
123, 75539807, 75539807
151, 75701599, 75701599
400, 109354335, 109354335
999999, 43623, 61
100, 8659100, 8659100
122, 75539868, 75539868
151, 75701660, 75701660
400, 109354396, 109354396
999999, 43563, 1
121, 75539869, 75539869
150, 75701661, 75701661
400, 109354397, 109354397
999999, 43636, 249
400, 109354646, 109354646
999999, 43677, 1
400, 109354647, 109354647
999999, 43737, 99
108, 42696442, 42696442
150, 75702010, 75702010
400, 109354746, 109354746
999999, 43870, 1
108, 42696443, 42696443
150, 75702011, 75702011
400, 109354747, 109354747
999999, 43870, 211
119, 9205710, 9205710
400, 109354958, 109354958
999999, 43706, 1
118, 9205711, 9205711
400, 109354959, 109354959
999999, 43706, 55
103, 8659718, 8659718
150, 75702278, 75702278
400, 109355014, 109355014
999999, 43955, 297
400, 109355311, 109355311
999999, 43702, 55
400, 109355366, 109355366
999999, 43908, 240
103, 8660310, 8660310
117, 9206358, 9206358
120, 75541078, 75541078
400, 109355606, 109355606
999999, 43669, 1
102, 8660311, 8660311
116, 9206359, 9206359
119, 75541079, 75541079
400, 109355607, 109355607
999999, 43725, 102
400, 109355709, 109355709
999999, 43891, 253
101, 8660666, 8660666
151, 75703226, 75703226
400, 109355962, 109355962
999999, 43639, 1
101, 8660667, 8660667
151, 75703227, 75703227
400, 109355963, 109355963
999999, 43685, 319
101, 8660986, 8660986
151, 75703546, 75703546
400, 109356282, 109356282
999999, 43367, 10
151, 75703556, 75703556
400, 109356292, 109356292
999999, 43546, 1
150, 75703557, 75703557
400, 109356293, 109356293
999999, 43593, 254
400, 109356547, 109356547
999999, 43923, 61
101, 9323648, 9323648
400, 109356608, 109356608
999999, 43863, 1
100, 9323649, 9323649
400, 109356609, 109356609
999999, 43950, 281
123, 75542362, 75542362
400, 109356890, 109356890
999999, 43898, 50
400, 109356940, 109356940
999999, 43849, 1
400, 109356941, 109356941
999999, 43893, 301
151, 75704506, 75704506
400, 109357242, 109357242
999999, 43872, 1
999999, 43872, 43
100, 76063526, 76063526
400, 109357286, 109357286
999999, 43884, 1
400, 109357287, 109357287
999999, 44179, 278
999999, 43911, 47
119, 9208364, 9208364
122, 75543084, 75543084
400, 109357612, 109357612
999999, 44163, 1
118, 9208365, 9208365
121, 75543085, 75543085
400, 109357613, 109357613
999999, 44479, 219
400, 109357832, 109357832
999999, 44261, 1
400, 109357833, 109357833
999999, 44316, 95
100, 9324968, 9324968
101, 76190568, 76190568
400, 109357928, 109357928
999999, 44468, 1
100, 76190569, 76190569
400, 109357929, 109357929
999999, 44468, 275
400, 109358204, 109358204
999999, 44288, 1
400, 109358205, 109358205
999999, 44288, 47
121, 9209004, 9209004
120, 75543724, 9209004
400, 109358252, 109358252
999999, 44454, 1
120, 9209005, 9209005
119, 75543725, 9209005
400, 109358253, 109358253
999999, 44454, 309
106, 8663266, 8663266
157, 75705826, 75705826
400, 109358562, 109358562
999999, 44234, 320
106, 8663586, 8663586
156, 75706146, 75706146
400, 109358882, 109358882
999999, 43915, 258
119, 9209892, 9209892
118, 75544612, 9209892
400, 109359140, 109359140
999999, 43922, 1
118, 9209893, 9209893
117, 75544613, 9209893
400, 109359141, 109359141
999999, 43922, 249
105, 8664094, 8664094
117, 9210142, 9210142
112, 42539294, 9210142
117, 42701086, 42701086
116, 75544862, 42701086
155, 75706654, 75706654
400, 109359390, 109359390
999999, 43724, 60
116, 9210202, 9210202
115, 75544922, 9210202
400, 109359450, 109359450
999999, 43665, 1
115, 9210203, 9210203
114, 75544923, 9210203
400, 109359451, 109359451
999999, 43921, 244
116, 42701391, 42701391
400, 109359695, 109359695
999999, 43745, 69
400, 109359764, 109359764
999999, 43902, 1
400, 109359765, 109359765
999999, 43902, 249
115, 42701710, 42701710
400, 109360014, 109360014
999999, 43701, 110
400, 109360124, 109360124
999999, 43896, 1
400, 109360125, 109360125
999999, 43907, 214
117, 9211091, 9211091
113, 75545811, 9211091
400, 109360339, 109360339
999999, 43694, 87
400, 109360426, 109360426
999999, 43864, 1
400, 109360427, 109360427
999999, 43864, 290
400, 109360717, 109360717
999999, 43671, 253
106, 8665674, 8665674
400, 109360970, 109360970
999999, 43419, 106
105, 8665780, 8665780
400, 109361076, 109361076
999999, 43566, 1
104, 8665781, 8665781
400, 109361077, 109361077
999999, 43566, 215
104, 8665996, 8665996
115, 75546764, 75546764
400, 109361292, 109361292
999999, 43412, 1
104, 8665997, 8665997
115, 75546765, 75546765
400, 109361293, 109361293
999999, 43601, 67
115, 75546832, 75546832
400, 109361360, 109361360
999999, 43535, 1
114, 75546833, 75546833
400, 109361361, 109361361
999999, 43589, 243
166, 75708868, 75708868
100, 76189188, 75708868
400, 109361604, 109361604
999999, 43347, 1
166, 75708869, 75708869
400, 109361605, 109361605
999999, 43667, 338
104, 8666647, 8666647
400, 109361943, 109361943
999999, 43575, 96
103, 8666743, 8666743
400, 109362039, 109362039
999999, 43480, 226
102, 8666969, 8666969
400, 109362265, 109362265
999999, 43327, 77
101, 8667046, 8667046
400, 109362342, 109362342
999999, 43251, 1
101, 8667047, 8667047
400, 109362343, 109362343
999999, 43541, 276
169, 75709883, 75709883
400, 109362619, 109362619
999999, 43266, 49
125, 9213420, 9213420
114, 75548140, 9213420
400, 109362668, 109362668
999999, 43538, 1
124, 9213421, 9213421
114, 75548141, 9213421
400, 109362669, 109362669
999999, 43538, 213
113, 75548354, 75548354
100, 75619138, 75548354
400, 109362882, 109362882
999999, 43338, 110
101, 42623792, 42623792
128, 42704688, 42704688
112, 75548464, 42704688
400, 109362992, 109362992
999999, 43229, 1
999999, 43477, 254
101, 8445487, 8445487
125, 9213999, 9213999
100, 76195887, 9213999
400, 109363247, 109363247
999999, 43224, 329
124, 9214328, 9214328
172, 75710840, 75710840
400, 109363576, 109363576
999999, 42960, 1
123, 9214329, 9214329
171, 75710841, 75710841
400, 109363577, 109363577
999999, 42960, 41
101, 8668322, 8668322
123, 9214370, 9214370
116, 42543522, 9214370
171, 75710882, 75710882
107, 76277154, 75710882
400, 109363618, 109363618
999999, 43226, 1
100, 8668323, 8668323
123, 9214371, 9214371
115, 42543523, 9214371
171, 75710883, 75710883
106, 76277155, 75710883
400, 109363619, 109363619
999999, 43226, 225
123, 9214596, 9214596
171, 75711108, 75711108
112, 76358276, 75711108
400, 109363844, 109363844
999999, 43006, 94
123, 9214690, 9214690
114, 42543842, 9214690
171, 75711202, 75711202
105, 76277474, 75711202
400, 109363938, 109363938
999999, 42913, 1
999999, 43215, 222
121, 9214913, 9214913
400, 109364161, 109364161
999999, 42994, 95
100, 8446496, 8446496
121, 9215008, 9215008
104, 9295904, 9215008
112, 42544160, 9215008
104, 42625056, 9215008
131, 42705952, 42705952
110, 75549728, 42705952
101, 75620512, 42705952
170, 75711520, 75711520
104, 76277792, 75711520
111, 76358688, 75711520
400, 109364256, 109364256
105, 110011424, 109364256
999999, 42946, 1
121, 9215009, 9215009
103, 9295905, 9215009
111, 42544161, 9215009
104, 42625057, 9215009
131, 42705953, 42705953
109, 75549729, 42705953
100, 75620513, 42705953
170, 75711521, 75711521
104, 76277793, 75711521
110, 76358689, 75711521
400, 109364257, 109364257
105, 110011425, 109364257
999999, 42946, 190
120, 9215199, 9215199
102, 9296095, 9215199
110, 42544351, 9215199
103, 42625247, 9215199
131, 42706143, 42706143
108, 75549919, 42706143
169, 75711711, 75711711
104, 76277983, 75711711
110, 76358879, 75711711
400, 109364447, 109364447
104, 110011615, 109364447
999999, 42991, 61
119, 9215260, 9215260
109, 42544412, 9215260
168, 75711772, 75711772
104, 76278044, 75711772
400, 109364508, 109364508
999999, 42931, 1
119, 9215261, 9215261
108, 42544413, 9215261
168, 75711773, 75711773
103, 76278045, 75711773
400, 109364509, 109364509
999999, 43037, 254
118, 9215515, 9215515
102, 9296411, 9215515
107, 75550235, 9215515
400, 109364763, 109364763
999999, 43035, 91
118, 9215606, 9215606
400, 109364854, 109364854
999999, 42958, 320
118, 9215926, 9215926
400, 109365174, 109365174
999999, 42639, 1
999999, 42943, 225
400, 109365400, 109365400
999999, 42719, 1
400, 109365401, 109365401
999999, 42735, 55
400, 109365456, 109365456
999999, 42681, 1
400, 109365457, 109365457
999999, 42943, 265
105, 9297370, 9297370
101, 42100698, 9297370
400, 109365722, 109365722
999999, 42774, 44
100, 42100742, 42100742
169, 75713030, 75713030
400, 109365766, 109365766
999999, 42959, 1
169, 75713031, 75713031
400, 109365767, 109365767
999999, 43039, 304
107, 42545975, 42545975
400, 109366071, 109366071
999999, 42736, 13
169, 75713348, 75713348
119, 76360516, 75713348
400, 109366084, 109366084
999999, 42985, 1
168, 75713349, 75713349
119, 76360517, 75713349
400, 109366085, 109366085
999999, 43051, 261
106, 42546250, 42546250
400, 109366346, 109366346
999999, 43002, 1
105, 42546251, 42546251
400, 109366347, 109366347
999999, 43095, 106
104, 42546357, 42546357
400, 109366453, 109366453
999999, 42990, 253
117, 9217458, 9217458
400, 109366706, 109366706
999999, 42994, 63
102, 75724145, 75724145
103, 76280305, 76280305
400, 109366769, 109366769
999999, 42991, 235
105, 42546908, 42546908
173, 75714268, 75714268
400, 109367004, 109367004
999999, 42757, 1
105, 42546909, 42546909
173, 75714269, 75714269
400, 109367005, 109367005
999999, 42945, 45
105, 42546954, 42546954
400, 109367050, 109367050
999999, 42901, 1
104, 42546955, 42546955
400, 109367051, 109367051
999999, 42955, 251
174, 75714566, 75714566
400, 109367302, 109367302
999999, 43000, 1
174, 75714567, 75714567
400, 109367303, 109367303
999999, 43061, 319
174, 75714886, 75714886
104, 75724998, 75714886
400, 109367622, 109367622
999999, 42743, 114
173, 75715000, 75715000
400, 109367736, 109367736
999999, 42942, 1
172, 75715001, 75715001
400, 109367737, 109367737
999999, 42942, 215
100, 9274320, 9274320
100, 42911888, 42911888
101, 76195536, 76195536
400, 109367952, 109367952
999999, 42952, 1
100, 76195537, 76195537
400, 109367953, 109367953
999999, 42952, 95
108, 9299696, 9299696
400, 109368048, 109368048
999999, 42904, 1
107, 9299697, 9299697
400, 109368049, 109368049
999999, 42904, 225
124, 9219026, 9219026
113, 75553746, 9219026
400, 109368274, 109368274
999999, 43002, 1
123, 9219027, 9219027
112, 75553747, 9219027
400, 109368275, 109368275
999999, 43299, 89
122, 9219116, 9219116
111, 75553836, 9219116
103, 75624620, 9219116
400, 109368364, 109368364
102, 109413868, 109368364
999999, 43211, 1
122, 9219117, 9219117
110, 75553837, 9219117
102, 75624621, 9219117
400, 109368365, 109368365
101, 109413869, 109368365
999999, 43221, 249
400, 109368614, 109368614
999999, 42973, 1
400, 109368615, 109368615
999999, 43284, 285
123, 9219652, 9219652
101, 42103876, 9219652
107, 42629700, 9219652
176, 75716164, 75716164
103, 75726276, 75716164
133, 76363332, 75716164
400, 109368900, 109368900
999999, 43012, 1
122, 9219653, 9219653
101, 42103877, 9219653
106, 42629701, 9219653
175, 75716165, 75716165
102, 75726277, 75716165
132, 76363333, 75716165
400, 109368901, 109368901
999999, 43309, 99
121, 9219752, 9219752
109, 75554472, 9219752
400, 109369000, 109369000
999999, 43211, 216
121, 9219968, 9219968
102, 42104192, 9219968
400, 109369216, 109369216
999999, 43044, 1
121, 9219969, 9219969
102, 42104193, 9219969
400, 109369217, 109369217
999999, 43044, 95
121, 9220064, 9220064
106, 9300960, 9220064
103, 41962720, 9220064
101, 42104288, 9220064
104, 42549216, 9220064
105, 42630112, 9220064
161, 42711008, 42711008
108, 75554784, 42711008
101, 75625568, 42711008
177, 75716576, 75716576
103, 75726688, 75716576
107, 76282848, 75716576
131, 76363744, 75716576
400, 109369312, 109369312
100, 109414816, 109369312
129, 110016480, 109369312
999999, 43183, 1
120, 9220065, 9220065
105, 9300961, 9220065
102, 41962721, 9220065
100, 42104289, 9220065
103, 42549217, 9220065
104, 42630113, 9220065
160, 42711009, 42711009
107, 75554785, 42711009
100, 75625569, 42711009
176, 75716577, 75716577
102, 75726689, 75716577
106, 76282849, 75716577
130, 76363745, 75716577
400, 109369313, 109369313
128, 110016481, 109369313
999999, 43237, 189
119, 9220254, 9220254
104, 9301150, 9220254
101, 41962910, 9220254
102, 42549406, 9220254
103, 42630302, 9220254
159, 42711198, 42711198
106, 75554974, 42711198
175, 75716766, 75716766
101, 75726878, 75716766
105, 76283038, 75716766
129, 76363934, 75716766
400, 109369502, 109369502
127, 110016670, 109369502
999999, 43049, 1
118, 9220255, 9220255
103, 9301151, 9220255
100, 41962911, 9220255
101, 42549407, 9220255
103, 42630303, 9220255
158, 42711199, 42711199
105, 75554975, 42711199
174, 75716767, 75716767
100, 75726879, 75716767
104, 76283039, 75716767
128, 76363935, 75716767
400, 109369503, 109369503
126, 110016671, 109369503
999999, 43309, 59
400, 109369562, 109369562
999999, 43251, 1
400, 109369563, 109369563
999999, 43343, 257
175, 75717084, 75717084
400, 109369820, 109369820
999999, 43087, 43
174, 75717127, 75717127
400, 109369863, 109369863
999999, 43317, 278
173, 75717405, 75717405
400, 109370141, 109370141
999999, 43040, 81
400, 109370222, 109370222
999999, 43004, 1
400, 109370223, 109370223
999999, 43004, 227
117, 9221202, 9221202
106, 9302098, 9221202
104, 75555922, 9221202
103, 76283986, 9221202
400, 109370450, 109370450
999999, 43040, 62
102, 76284048, 76284048
400, 109370512, 109370512
999999, 42979, 1
101, 76284049, 76284049
400, 109370513, 109370513
999999, 43027, 261
103, 42631574, 42631574
100, 76284310, 42631574
400, 109370774, 109370774
999999, 43032, 1
102, 42631575, 42631575
400, 109370775, 109370775
999999, 43032, 62
101, 42631637, 42631637
400, 109370837, 109370837
999999, 43031, 293
174, 75718394, 75718394
127, 76365562, 75718394
400, 109371130, 109371130
999999, 42739, 1
173, 75718395, 75718395
126, 76365563, 75718395
400, 109371131, 109371131
999999, 42966, 49
999999, 43004, 1
115, 9221933, 9221933
108, 9302829, 9221933
104, 75556653, 9221933
400, 109371181, 109371181
999999, 43004, 271
107, 9303100, 9303100
104, 75556924, 9303100
400, 109371452, 109371452
133, 110018620, 109371452
999999, 42956, 1
106, 9303101, 9303101
104, 75556925, 9303101
400, 109371453, 109371453
132, 110018621, 109371453
999999, 42956, 303
114, 9222508, 9222508
105, 9303404, 9222508
103, 75557228, 9222508
400, 109371756, 109371756
999999, 43004, 1
113, 9222509, 9222509
104, 9303405, 9222509
102, 75557229, 9222509
400, 109371757, 109371757
999999, 43004, 53
104, 9303458, 9303458
101, 42551714, 9303458
102, 75557282, 9303458
173, 75719074, 75719074
400, 109371810, 109371810
999999, 43006, 1
104, 9303459, 9303459
101, 42551715, 9303459
102, 75557283, 9303459
173, 75719075, 75719075
400, 109371811, 109371811
999999, 43006, 243
101, 8676758, 8676758
115, 9222806, 9222806
103, 9303702, 9222806
110, 42107030, 9222806
101, 75557526, 9222806
100, 75628310, 9222806
400, 109372054, 109372054
999999, 43013, 1
100, 8676759, 8676759
115, 9222807, 9222807
102, 9303703, 9222807
109, 42107031, 9222807
100, 75557527, 9222807
400, 109372055, 109372055
999999, 43255, 61
101, 9303764, 9303764
108, 42107092, 42107092
159, 42713812, 42713812
127, 76366548, 42713812
400, 109372116, 109372116
999999, 43268, 1
100, 9303765, 9303765
107, 42107093, 42107093
158, 42713813, 42713813
126, 76366549, 42713813
400, 109372117, 109372117
999999, 43268, 289
400, 109372406, 109372406
999999, 43272, 1
400, 109372407, 109372407
999999, 43294, 52
157, 42714155, 42714155
126, 76366891, 42714155
400, 109372459, 109372459
999999, 43531, 320
194, 109372778, 109372778
999999, 43212, 215
102, 42633794, 42633794
101, 75619138, 42633794
400, 109372994, 109372994
137, 110020162, 109372994
999999, 43056, 1
101, 42633795, 42633795
100, 75619139, 42633795
400, 109372995, 109372995
136, 110020163, 109372995
999999, 43056, 109
100, 42310320, 42310320
124, 76367536, 76367536
400, 109373104, 109373104
999999, 43180, 1
100, 42310321, 42310321
123, 76367537, 76367537
400, 109373105, 109373105
999999, 43273, 265
100, 42553274, 42553274
176, 75720634, 75720634
122, 76367802, 75720634
400, 109373370, 109373370
999999, 43009, 63
175, 75720697, 75720697
400, 109373433, 109373433
999999, 43161, 244
999999, 43019, 19
101, 42310912, 42310912
400, 109373696, 109373696
999999, 43001, 309
400, 109374005, 109374005
999999, 42909, 12
102, 42311233, 42311233
400, 109374017, 109374017
999999, 42988, 304
100, 8456561, 8456561
103, 8679025, 8679025
121, 76368753, 76368753
400, 109374321, 109374321
999999, 42951, 47
102, 8679072, 8679072
117, 9225120, 9225120
106, 42109344, 9225120
101, 42311584, 9225120
100, 42635168, 9225120
100, 42675616, 9225120
155, 42716064, 42716064
174, 75721632, 75721632
120, 76368800, 75721632
400, 109374368, 109374368
137, 110021536, 109374368
999999, 42905, 1
101, 8679073, 8679073
116, 9225121, 9225121
105, 42109345, 9225121
100, 42311585, 9225121
154, 42716065, 42716065
173, 75721633, 75721633
119, 76368801, 75721633
400, 109374369, 109374369
136, 110021537, 109374369
999999, 42951, 190
100, 8679263, 8679263
115, 9225311, 9225311
104, 42109535, 9225311
153, 42716255, 42716255
172, 75721823, 75721823
118, 76368991, 75721823
400, 109374559, 109374559
135, 110021727, 109374559
999999, 42762, 96
104, 42109631, 42109631
400, 109374655, 109374655
999999, 42907, 221
100, 8457116, 8457116
171, 75722140, 75722140
400, 109374876, 109374876
999999, 42687, 1
170, 75722141, 75722141
400, 109374877, 109374877
999999, 42735, 89
400, 109374966, 109374966
999999, 42647, 1
400, 109374967, 109374967
999999, 42899, 227
104, 42110170, 42110170
400, 109375194, 109375194
999999, 42673, 1
103, 42110171, 42110171
400, 109375195, 109375195
999999, 42769, 43
100, 8457478, 8457478
169, 75722502, 75722502
400, 109375238, 109375238
999999, 42727, 304
400, 109375542, 109375542
999999, 42655, 1
400, 109375543, 109375543
999999, 42735, 59
400, 109375602, 109375602
999999, 42677, 1
400, 109375603, 109375603
999999, 42897, 234
171, 75723101, 75723101
400, 109375837, 109375837
999999, 42664, 54
120, 9226643, 9226643
400, 109375891, 109375891
999999, 42943, 243
101, 42677382, 42677382
170, 75723398, 75723398
400, 109376134, 109376134
999999, 42701, 1
100, 42677383, 42677383
169, 75723399, 75723399
400, 109376135, 109376135
999999, 42795, 101
119, 9226988, 9226988
400, 109376236, 109376236
999999, 42695, 1
118, 9226989, 9226989
400, 109376237, 109376237
999999, 42938, 217
168, 75723718, 75723718
400, 109376454, 109376454
999999, 42786, 115
191, 109376568, 109376568
999999, 42926, 207
400, 109376776, 109376776
999999, 42785, 96
100, 8681576, 8681576
117, 9227624, 9227624
400, 109376872, 109376872
999999, 42938, 1
100, 8681577, 8681577
116, 9227625, 9227625
400, 109376873, 109376873
999999, 42938, 229
118, 76371534, 76371534
400, 109377102, 109377102
999999, 42960, 1
117, 76371535, 76371535
400, 109377103, 109377103
999999, 43020, 351
400, 109377454, 109377454
999999, 42961, 75
167, 75724793, 75724793
400, 109377529, 109377529
999999, 42897, 205
103, 8459974, 8459974
166, 75724998, 75724998
400, 109377734, 109377734
999999, 42693, 1
102, 8459975, 8459975
166, 75724999, 75724999
400, 109377735, 109377735
999999, 42952, 107
101, 8682546, 8682546
400, 109377842, 109377842
999999, 42948, 1
100, 8682547, 8682547
400, 109377843, 109377843
999999, 42948, 257
400, 109378100, 109378100
999999, 42902, 1
400, 109378101, 109378101
999999, 42902, 47
101, 8460388, 8460388
103, 75624292, 75624292
400, 109378148, 109378148
999999, 42952, 238
120, 9229138, 9229138
400, 109378386, 109378386
999999, 42715, 306
102, 75624836, 75624836
165, 75725956, 75725956
118, 76373124, 75725956
400, 109378692, 109378692
999999, 42642, 1
101, 75624837, 75624837
164, 75725957, 75725957
117, 76373125, 75725957
400, 109378693, 109378693
999999, 42642, 99
102, 42639592, 42639592
400, 109378792, 109378792
999999, 42604, 1
102, 42639593, 42639593
400, 109378793, 109378793
999999, 42604, 219
166, 75726276, 75726276
116, 76373444, 75726276
400, 109379012, 109379012
999999, 42640, 1
166, 75726277, 75726277
115, 76373445, 75726277
400, 109379013, 109379013
999999, 42640, 99
101, 42639912, 42639912
400, 109379112, 109379112
999999, 42626, 264
108, 42114352, 42114352
100, 42640176, 42114352
102, 42680624, 42114352
114, 76373808, 76373808
400, 109379376, 109379376
999999, 42363, 1
107, 42114353, 42114353
101, 42680625, 42114353
113, 76373809, 76373809
400, 109379377, 109379377
999999, 42629, 48
999999, 42582, 189
118, 9230366, 9230366
105, 42114590, 9230366
100, 42680862, 9230366
156, 42721310, 42721310
167, 75726878, 75726878
111, 76374046, 75726878
400, 109379614, 109379614
145, 110026782, 109379614
999999, 42444, 62
155, 42721372, 42721372
167, 75726940, 75726940
110, 76374108, 75726940
400, 109379676, 109379676
999999, 42383, 1
155, 42721373, 42721373
166, 75726941, 75726941
109, 76374109, 75726941
400, 109379677, 109379677
999999, 42646, 249
154, 42721622, 42721622
108, 76374358, 42721622
400, 109379926, 109379926
999999, 42410, 66
100, 8462232, 8462232
153, 42721688, 42721688
165, 75727256, 75727256
400, 109379992, 109379992
999999, 42345, 1
100, 8462233, 8462233
152, 42721689, 42721689
164, 75727257, 75727257
400, 109379993, 109379993
999999, 42627, 253
106, 42115222, 42115222
151, 42721942, 42721942
107, 76374678, 42721942
400, 109380246, 109380246
999999, 42375, 1
105, 42115223, 42115223
150, 42721943, 42721943
106, 76374679, 42721943
400, 109380247, 109380247
999999, 42429, 88
100, 8462575, 8462575
149, 42722031, 42722031
400, 109380335, 109380335
999999, 42342, 227
148, 42722258, 42722258
100, 75626706, 42722258
400, 109380562, 109380562
999999, 42396, 1
147, 42722259, 42722259
400, 109380563, 109380563
999999, 42429, 97
146, 42722356, 42722356
105, 76375092, 42722356
400, 109380660, 109380660
999999, 42333, 218
117, 9231630, 9231630
145, 42722574, 42722574
400, 109380878, 109380878
999999, 42360, 1
116, 9231631, 9231631
145, 42722575, 42722575
400, 109380879, 109380879
999999, 42467, 55
145, 42722630, 42722630
165, 75728198, 75728198
400, 109380934, 109380934
999999, 42413, 1
999999, 42621, 270
115, 9231957, 9231957
143, 42722901, 42722901
104, 76375637, 42722901
400, 109381205, 109381205
101, 109907029, 109381205
999999, 42352, 85
114, 9232042, 9232042
142, 42722986, 42722986
101, 76208874, 42722986
103, 76375722, 42722986
400, 109381290, 109381290
100, 109907114, 109381290
999999, 42362, 1
113, 9232043, 9232043
141, 42722987, 42722987
101, 76208875, 42722987
102, 76375723, 42722987
400, 109381291, 109381291
999999, 42362, 274
104, 42682813, 42682813
140, 42723261, 42723261
166, 75728829, 75728829
101, 76209149, 75728829
101, 76375997, 75728829
400, 109381565, 109381565
999999, 42365, 45
112, 9232362, 9232362
139, 42723306, 42723306
100, 76376042, 42723306
400, 109381610, 109381610
999999, 42321, 1
999999, 42585, 252
110, 9232615, 9232615
137, 42723559, 42723559
167, 75729127, 75729127
400, 109381863, 109381863
999999, 42433, 26
104, 42683137, 42683137
136, 42723585, 42723585
166, 75729153, 75729153
400, 109381889, 109381889
999999, 42661, 269
109, 9232910, 9232910
109, 42117134, 42117134
105, 42642958, 42117134
135, 42723854, 42723854
400, 109382158, 109382158
999999, 42393, 1
108, 9232911, 9232911
108, 42117135, 42117135
104, 42642959, 42117135
134, 42723855, 42723855
400, 109382159, 109382159
999999, 42457, 59
133, 42723914, 42723914
101, 76209802, 42723914
400, 109382218, 109382218
999999, 42399, 1
132, 42723915, 42723915
100, 76209803, 42723915
400, 109382219, 109382219
999999, 42613, 300
107, 9233271, 9233271
131, 42724215, 42724215
400, 109382519, 109382519
148, 110029687, 109382519
999999, 42314, 17
107, 9233288, 9233288
131, 42724232, 42724232
400, 109382536, 109382536
148, 110029704, 109382536
999999, 42393, 1
107, 9233289, 9233289
131, 42724233, 42724233
400, 109382537, 109382537
148, 110029705, 109382537
999999, 42581, 271
106, 9233560, 9233560
130, 42724504, 42724504
167, 75730072, 75730072
400, 109382808, 109382808
999999, 42373, 1
105, 9233561, 9233561
129, 42724505, 42724505
166, 75730073, 75730073
400, 109382809, 109382809
999999, 42626, 89
129, 42724594, 42724594
400, 109382898, 109382898
147, 110030066, 109382898
999999, 42586, 214
104, 9233864, 9233864
129, 42724808, 42724808
101, 75629256, 42724808
400, 109383112, 109383112
146, 110030280, 109383112
999999, 42373, 1
103, 9233865, 9233865
128, 42724809, 42724809
100, 75629257, 42724809
400, 109383113, 109383113
145, 110030281, 109383113
999999, 42638, 95
106, 42644008, 42644008
109, 42684456, 42684456
127, 42724904, 42724904
400, 109383208, 109383208
999999, 42630, 1
105, 42644009, 42644009
109, 42684457, 42684457
126, 42724905, 42724905
400, 109383209, 109383209
999999, 42630, 269
102, 9234230, 9234230
125, 42725174, 42725174
400, 109383478, 109383478
144, 110030646, 109383478
999999, 42628, 60
109, 42118514, 42118514
124, 42725234, 42725234
400, 109383538, 109383538
143, 110030706, 109383538
999999, 42616, 1
108, 42118515, 42118515
123, 42725235, 42725235
400, 109383539, 109383539
142, 110030707, 109383539
999999, 42616, 207
122, 42725442, 42725442
168, 75731010, 75731010
101, 76211330, 75731010
400, 109383746, 109383746
999999, 42648, 1
122, 42725443, 42725443
167, 75731011, 75731011
100, 76211331, 75731011
400, 109383747, 109383747
999999, 42697, 101
104, 42644648, 42644648
121, 42725544, 42725544
400, 109383848, 109383848
999999, 42858, 220
103, 42644868, 42644868
120, 42725764, 42725764
166, 75731332, 75731332
400, 109384068, 109384068
999999, 42639, 1
102, 42644869, 42644869
119, 42725765, 42725765
165, 75731333, 75731333
400, 109384069, 109384069
999999, 42964, 99
101, 42644968, 42644968
118, 42725864, 42725864
100, 76166248, 42725864
400, 109384168, 109384168
999999, 42942, 1
100, 42644969, 42644969
117, 42725865, 42725865
400, 109384169, 109384169
999999, 42942, 263
101, 9235184, 9235184
116, 42726128, 42726128
400, 109384432, 109384432
999999, 42900, 1
100, 9235185, 9235185
115, 42726129, 42726129
400, 109384433, 109384433
999999, 42900, 47
100, 9235232, 9235232
107, 42119456, 42119456
111, 42685728, 42685728
114, 42726176, 42726176
166, 75731744, 75731744
400, 109384480, 109384480
142, 110031648, 109384480
999999, 42912, 1
100, 9235233, 9235233
106, 42119457, 42119457
110, 42685729, 42685729
113, 42726177, 42726177
165, 75731745, 75731745
400, 109384481, 109384481
142, 110031649, 109384481
999999, 42912, 189
100, 9235422, 9235422
105, 42119646, 42119646
109, 42685918, 42685918
112, 42726366, 42726366
164, 75731934, 75731934
400, 109384670, 109384670
142, 110031838, 109384670
999999, 43040, 56
108, 42685974, 42685974
111, 42726422, 42726422
400, 109384726, 109384726
999999, 42985, 260
107, 42686234, 42686234
111, 42726682, 42726682
163, 75732250, 75732250
400, 109384986, 109384986
142, 110032154, 109384986
999999, 42738, 1
206, 26547513, 26547513
999999, 42738, 92
105, 42686327, 42686327
110, 42726775, 42726775
400, 109385079, 109385079
140, 110032247, 109385079
999999, 42909, 230
104, 42120285, 42120285
109, 42727005, 42727005
162, 75732573, 75732573
400, 109385309, 109385309
999999, 42761, 81
108, 42727086, 42727086
400, 109385390, 109385390
999999, 42918, 269
103, 42120635, 42120635
107, 42727355, 42727355
163, 75732923, 75732923
400, 109385659, 109385659
999999, 42736, 48
106, 42727403, 42727403
400, 109385707, 109385707
999999, 42945, 228
100, 9236687, 9236687
105, 42727631, 42727631
400, 109385935, 109385935
999999, 42718, 107
105, 42687290, 42687290
104, 42727738, 42687290
162, 75733306, 75733306
400, 109386042, 109386042
999999, 42670, 1
105, 42687291, 42687291
103, 42727739, 42687291
161, 75733307, 75733307
400, 109386043, 109386043
999999, 42670, 257
102, 42121276, 42121276
102, 42727996, 42727996
160, 75733564, 75733564
400, 109386300, 109386300
999999, 42639, 1
101, 42121277, 42121277
101, 42727997, 42727997
159, 75733565, 75733565
400, 109386301, 109386301
999999, 42742, 54
100, 42121331, 42121331
100, 42728051, 42728051
400, 109386355, 109386355
140, 110033523, 109386355
999999, 42931, 251
100, 42121582, 42121582
400, 109386606, 109386606
999999, 42706, 1
400, 109386607, 109386607
999999, 43000, 34
400, 109386641, 109386641
999999, 43040, 284
400, 109386925, 109386925
999999, 42998, 301
160, 75734490, 75734490
400, 109387226, 109387226
142, 110034394, 109387226
999999, 42758, 1
999999, 42758, 48
999999, 42900, 257
100, 42122508, 42122508
400, 109387532, 109387532
142, 110034700, 109387532
999999, 42704, 109
160, 75734905, 75734905
400, 109387641, 109387641
999999, 42596, 257
108, 42689146, 42689146
159, 75735162, 75735162
400, 109387898, 109387898
999999, 42589, 1
107, 42689147, 42689147
158, 75735163, 75735163
400, 109387899, 109387899
999999, 42639, 9
101, 9248772, 9248772
106, 42689156, 42689156
157, 75735172, 75735172
400, 109387908, 109387908
999999, 42631, 1
100, 9248773, 9248773
105, 42689157, 42689157
156, 75735173, 75735173
400, 109387909, 109387909
999999, 42903, 253
100, 42123138, 42123138
104, 42689410, 42689410
155, 75735426, 75735426
400, 109388162, 109388162
141, 110035330, 109388162
999999, 42651, 62
104, 42689472, 42689472
154, 75735488, 75735488
400, 109388224, 109388224
140, 110035392, 109388224
999999, 42679, 1
103, 42689473, 42689473
153, 75735489, 75735489
400, 109388225, 109388225
140, 110035393, 109388225
999999, 42904, 279
100, 8470744, 8470744
102, 42689752, 42689752
152, 75735768, 75735768
400, 109388504, 109388504
999999, 42680, 1
101, 42689753, 42689753
151, 75735769, 75735769
400, 109388505, 109388505
999999, 42946, 91
101, 42689844, 42689844
400, 109388596, 109388596
999999, 42903, 254
100, 42690098, 42690098
100, 76464178, 76464178
400, 109388850, 109388850
139, 110036018, 109388850
999999, 42954, 1
100, 76464179, 76464179
400, 109388851, 109388851
138, 110036019, 109388851
999999, 42954, 13
150, 75736128, 75736128
400, 109388864, 109388864
137, 110036032, 109388864
999999, 42988, 1
149, 75736129, 75736129
400, 109388865, 109388865
136, 110036033, 109388865
999999, 42988, 355
148, 75736484, 75736484
400, 109389220, 109389220
999999, 42850, 1
147, 75736485, 75736485
400, 109389221, 109389221
999999, 42850, 259
400, 109389480, 109389480
999999, 42656, 1
400, 109389481, 109389481
999999, 42656, 245
109, 9240478, 9240478
102, 9250590, 9240478
146, 75736990, 75736990
100, 76465054, 75736990
400, 109389726, 109389726
137, 110036894, 109389726
999999, 42710, 1
108, 9240479, 9240479
101, 9250591, 9240479
145, 75736991, 75736991
100, 76465055, 75736991
400, 109389727, 109389727
136, 110036895, 109389727
999999, 42710, 55
400, 109389782, 109389782
999999, 42700, 248
100, 9250894, 9250894
101, 76465358, 76465358
400, 109390030, 109390030
135, 110037198, 109390030
999999, 42453, 1
101, 76465359, 76465359
400, 109390031, 109390031
134, 110037199, 109390031
999999, 42701, 69
107, 9240852, 9240852
400, 109390100, 109390100
999999, 42633, 1
107, 9240853, 9240853
400, 109390101, 109390101
999999, 42679, 249
101, 76465678, 76465678
400, 109390350, 109390350
133, 110037518, 109390350
999999, 42431, 1
101, 76465679, 76465679
400, 109390351, 109390351
133, 110037519, 109390351
999999, 42698, 107
144, 75737722, 75737722
400, 109390458, 109390458
999999, 42898, 1
143, 75737723, 75737723
400, 109390459, 109390459
999999, 42898, 203
142, 75737926, 75737926
400, 109390662, 109390662
999999, 42748, 1
141, 75737927, 75737927
400, 109390663, 109390663
999999, 42748, 59
109, 9241474, 9241474
141, 75737986, 75737986
400, 109390722, 109390722
132, 110037890, 109390722
999999, 42946, 1
108, 9241475, 9241475
141, 75737987, 75737987
400, 109390723, 109390723
131, 110037891, 109390723
999999, 42946, 275
177, 47262860, 47262860
174, 114568332, 47262860
999999, 42771, 48
999999, 42949, 310
106, 9242108, 9242108
139, 75738620, 75738620
400, 109391356, 109391356
130, 110038524, 109391356
999999, 42700, 1
105, 9242109, 9242109
138, 75738621, 75738621
400, 109391357, 109391357
129, 110038525, 109391357
999999, 42700, 45
105, 9242154, 9242154
400, 109391402, 109391402
999999, 42953, 1
104, 9242155, 9242155
400, 109391403, 109391403
999999, 42966, 225
103, 76466956, 76466956
400, 109391628, 109391628
130, 110038796, 109391628
999999, 43060, 1
102, 76466957, 76466957
400, 109391629, 109391629
130, 110038797, 109391629
999999, 43060, 53
104, 9242434, 9242434
137, 75738946, 75738946
400, 109391682, 109391682
130, 110038850, 109391682
999999, 43262, 258
136, 75739204, 75739204
400, 109391940, 109391940
999999, 43005, 338
105, 9243030, 9243030
400, 109392278, 109392278
999999, 42762, 96
400, 109392374, 109392374
999999, 42667, 248
101, 42127598, 42127598
400, 109392622, 109392622
133, 110039790, 109392622
999999, 42608, 1
101, 42127599, 42127599
400, 109392623, 109392623
133, 110039791, 109392623
999999, 42608, 33
100, 42127632, 42127632
400, 109392656, 109392656
133, 110039824, 109392656
999999, 42670, 1
400, 109392657, 109392657
133, 110039825, 109392657
999999, 42670, 297
139, 75740218, 75740218
400, 109392954, 109392954
999999, 42642, 1
138, 75740219, 75740219
400, 109392955, 109392955
999999, 42911, 13
400, 109392968, 109392968
999999, 42899, 1
400, 109392969, 109392969
999999, 42995, 345
104, 9163170, 9163170
100, 75518114, 9163170
137, 75740578, 75740578
400, 109393314, 109393314
132, 110040482, 109393314
999999, 42651, 1
104, 9163171, 9163171
137, 75740579, 75740579
400, 109393315, 109393315
131, 110040483, 109393315
999999, 42903, 231
110, 9244298, 9244298
400, 109393546, 109393546
999999, 42734, 56
109, 9244354, 9244354
103, 9254466, 9244354
136, 75740866, 75740866
400, 109393602, 109393602
131, 110040770, 109393602
999999, 42906, 1
108, 9244355, 9244355
102, 9254467, 9244355
135, 75740867, 75740867
400, 109393603, 109393603
130, 110040771, 109393603
999999, 42906, 297
104, 9163756, 9163756
101, 9254764, 9163756
400, 109393900, 109393900
129, 110041068, 109393900
999999, 42654, 1
103, 9163757, 9163757
100, 9254765, 9163757
400, 109393901, 109393901
129, 110041069, 109393901
999999, 43001, 67
400, 109393968, 109393968
129, 110041136, 109393968
999999, 42935, 216
107, 9244936, 9244936
100, 76312776, 9244936
400, 109394184, 109394184
999999, 42982, 1
106, 9244937, 9244937
400, 109394185, 109394185
999999, 42982, 407
100, 8476832, 8476832
102, 9164448, 9164448
105, 9245344, 9245344
103, 9326240, 9245344
100, 75519392, 9245344
134, 75741856, 75741856
108, 76469920, 75741856
400, 109394592, 109394592
128, 110041760, 109394592
999999, 42609, 1
101, 9164449, 9164449
104, 9245345, 9245345
102, 9326241, 9245345
133, 75741857, 75741857
107, 76469921, 75741857
400, 109394593, 109394593
127, 110041761, 109394593
999999, 42897, 189
100, 9164638, 9164638
103, 9245534, 9245534
101, 9326430, 9245534
133, 75742046, 75742046
107, 76470110, 75742046
400, 109394782, 109394782
126, 110041950, 109394782
999999, 42770, 1
102, 9245535, 9245535
100, 9326431, 9245535
132, 75742047, 75742047
106, 76470111, 75742047
400, 109394783, 109394783
126, 110041951, 109394783
999999, 43039, 59
131, 75742106, 75742106
400, 109394842, 109394842
999999, 42981, 1
208, 26557369, 26557369
999999, 43002, 257
101, 9245852, 9245852
130, 75742364, 75742364
400, 109395100, 109395100
126, 110042268, 109395100
999999, 43041, 82
400, 109395182, 109395182
125, 110042350, 109395182
999999, 42979, 1
400, 109395183, 109395183
124, 110042351, 109395183
999999, 43229, 231
100, 9246166, 9246166
400, 109395414, 109395414
999999, 42999, 1
400, 109395415, 109395415
999999, 43053, 100
131, 75742779, 75742779
400, 109395515, 109395515
999999, 42954, 251
400, 109395766, 109395766
999999, 42993, 293
130, 75743323, 75743323
105, 76471387, 75743323
400, 109396059, 109396059
999999, 42761, 49
400, 109396108, 109396108
999999, 42713, 1
400, 109396109, 109396109
999999, 42943, 289
104, 76471726, 76471726
400, 109396398, 109396398
999999, 42655, 1
103, 76471727, 76471727
400, 109396399, 109396399
999999, 42710, 69
400, 109396468, 109396468
999999, 42937, 1
400, 109396469, 109396469
999999, 42989, 249
102, 76472046, 76472046
400, 109396718, 109396718
999999, 42741, 1
102, 76472047, 76472047
400, 109396719, 109396719
999999, 43013, 33
102, 76472080, 76472080
400, 109396752, 109396752
999999, 42981, 1
101, 76472081, 76472081
400, 109396753, 109396753
999999, 43025, 295
130, 75744312, 75744312
400, 109397048, 109397048
999999, 42731, 1
129, 75744313, 75744313
400, 109397049, 109397049
999999, 42987, 56
400, 109397105, 109397105
999999, 42932, 269
999999, 42722, 1
103, 75582847, 75582847
129, 75744639, 75744639
400, 109397375, 109397375
124, 110044543, 109397375
999999, 42722, 19
103, 9329042, 9329042
400, 109397394, 109397394
999999, 42892, 1
103, 9329043, 9329043
400, 109397395, 109397395
999999, 42892, 292
102, 8540599, 8540599
105, 75583159, 75583159
400, 109397687, 109397687
999999, 42659, 271
130, 75745222, 75745222
400, 109397958, 109397958
999999, 42640, 1
129, 75745223, 75745223
400, 109397959, 109397959
999999, 42727, 74
101, 9167889, 9167889
101, 9258897, 9258897
400, 109398033, 109398033
999999, 42654, 290
400, 109398323, 109398323
999999, 42595, 61
999999, 42535, 232
128, 75745880, 75745880
400, 109398616, 109398616
999999, 42356, 1
107, 37562947, 37562947
999999, 42356, 47
400, 109398664, 109398664
999999, 42570, 1
400, 109398665, 109398665
999999, 42657, 304
999999, 42630, 44
101, 9168869, 9168869
100, 42457573, 9168869
126, 75746277, 75746277
104, 76474341, 75746277
400, 109399013, 109399013
999999, 42647, 261
100, 9169130, 9169130
400, 109399274, 109399274
999999, 42641, 1
999999, 42649, 57
999999, 42890, 268
101, 9331248, 9331248
400, 109399600, 109399600
999999, 42623, 1
100, 9331249, 9331249
400, 109399601, 109399601
999999, 42641, 47
103, 8542560, 8542560
103, 9260512, 9260512
116, 75585120, 75585120
126, 75746912, 75746912
103, 76474976, 75746912
400, 109399648, 109399648
126, 110046816, 109399648
999999, 42595, 1
102, 8542561, 8542561
102, 9260513, 9260513
116, 75585121, 75585121
125, 75746913, 75746913
102, 76474977, 75746913
400, 109399649, 109399649
125, 110046817, 109399649
999999, 42885, 189
101, 8542750, 8542750
101, 9260702, 9260702
116, 75585310, 75585310
124, 75747102, 75747102
101, 76475166, 75747102
400, 109399838, 109399838
124, 110047006, 109399838
999999, 42697, 48
100, 9260750, 9260750
400, 109399886, 109399886
999999, 42722, 584
117, 75585942, 75585942
400, 109400470, 109400470
999999, 42139, 1
117, 75585943, 75585943
400, 109400471, 109400471
999999, 42368, 88
101, 9261423, 9261423
400, 109400559, 109400559
999999, 42342, 229
400, 109400788, 109400788
999999, 42372, 1
400, 109400789, 109400789
999999, 42449, 45
100, 8543746, 8543746
126, 75748098, 75748098
400, 109400834, 109400834
123, 110048002, 109400834
999999, 42405, 280
125, 75748378, 75748378
400, 109401114, 109401114
999999, 42352, 1
124, 75748379, 75748379
400, 109401115, 109401115
999999, 42352, 55
400, 109401170, 109401170
999999, 42656, 296
123, 75748730, 75748730
400, 109401466, 109401466
999999, 42374, 10
122, 75748740, 75748740
400, 109401476, 109401476
999999, 42365, 299
400, 109401775, 109401775
999999, 42333, 317
400, 109402092, 109402092
999999, 42017, 1
400, 109402093, 109402093
999999, 42075, 56
100, 9263013, 9263013
121, 75749413, 75749413
100, 76477477, 75749413
400, 109402149, 109402149
999999, 42020, 247
120, 75749660, 75749660
400, 109402396, 109402396
124, 110049564, 109402396
999999, 42058, 1
119, 75749661, 75749661
400, 109402397, 109402397
123, 110049565, 109402397
999999, 42395, 95
999999, 42309, 1
102, 42461053, 42461053
118, 75749757, 75749757
400, 109402493, 109402493
122, 110049661, 109402493
999999, 42612, 213
101, 76478034, 76478034
400, 109402706, 109402706
999999, 42446, 1
101, 76478035, 76478035
400, 109402707, 109402707
999999, 42446, 89
101, 76478124, 76478124
400, 109402796, 109402796
999999, 42546, 1
101, 76478125, 76478125
400, 109402797, 109402797
999999, 42546, 265
101, 42269494, 42269494
101, 76478390, 76478390
400, 109403062, 109403062
999999, 42343, 1
999999, 42595, 51
400, 109403114, 109403114
999999, 42588, 1
400, 109403115, 109403115
999999, 42588, 257
400, 109403372, 109403372
999999, 42642, 68
110, 42462000, 42462000
400, 109403440, 109403440
999999, 42575, 226
106, 8546578, 8546578
400, 109403666, 109403666
999999, 42357, 1
105, 8546579, 8546579
400, 109403667, 109403667
999999, 42630, 48
104, 8546627, 8546627
124, 75750979, 75750979
400, 109403715, 109403715
125, 110050883, 109403715
999999, 42629, 305
400, 109404020, 109404020
999999, 42325, 12
104, 8546944, 8546944
107, 9264896, 9264896
124, 75751296, 75751296
400, 109404032, 109404032
124, 110051200, 109404032
999999, 42586, 1
104, 8546945, 8546945
107, 9264897, 9264897
124, 75751297, 75751297
400, 109404033, 109404033
123, 110051201, 109404033
999999, 42586, 257
107, 9265154, 9265154
104, 42270722, 9265154
123, 75751554, 75751554
400, 109404290, 109404290
122, 110051458, 109404290
999999, 42372, 1
107, 9265155, 9265155
103, 42270723, 9265155
122, 75751555, 75751555
400, 109404291, 109404291
121, 110051459, 109404291
999999, 42372, 97
126, 75589860, 75589860
121, 75751652, 75589860
400, 109404388, 109404388
999999, 42570, 1
125, 75589861, 75589861
120, 75751653, 75589861
400, 109404389, 109404389
999999, 42570, 253
106, 9265506, 9265506
103, 42250850, 9265506
102, 42271074, 9265506
120, 75751906, 75751906
400, 109404642, 109404642
121, 110051810, 109404642
999999, 42338, 1
105, 9265507, 9265507
102, 42250851, 9265507
101, 42271075, 9265507
120, 75751907, 75751907
400, 109404643, 109404643
121, 110051811, 109404643
999999, 42338, 61
106, 8547616, 8547616
104, 9265568, 8547616
101, 42250912, 8547616
101, 42271136, 8547616
116, 42463264, 42463264
124, 75590176, 75590176
120, 75751968, 75590176
400, 109404704, 109404704
121, 110051872, 109404704
999999, 42586, 190
106, 8547806, 8547806
103, 9265758, 8547806
100, 42251102, 8547806
101, 42271326, 8547806
115, 42463454, 42463454
123, 75590366, 75590366
120, 75752158, 75590366
400, 109404894, 109404894
121, 110052062, 109404894
999999, 42397, 1
106, 8547807, 8547807
102, 9265759, 8547807
100, 42271327, 8547807
114, 42463455, 42463455
122, 75590367, 75590367
120, 75752159, 75590367
400, 109404895, 109404895
121, 110052063, 109404895
999999, 42405, 55
106, 8547862, 8547862
400, 109404950, 109404950
121, 110052118, 109404950
999999, 42351, 1
105, 8547863, 8547863
400, 109404951, 109404951
120, 110052119, 109404951
999999, 42603, 321
113, 42463832, 42463832
121, 75752536, 75752536
400, 109405272, 109405272
999999, 42345, 246
104, 8548430, 8548430
400, 109405518, 109405518
999999, 42383, 1
103, 8548431, 8548431
400, 109405519, 109405519
999999, 42475, 73
112, 42464152, 42464152
121, 75752856, 75752856
400, 109405592, 109405592
999999, 42618, 1
111, 42464153, 42464153
120, 75752857, 75752857
400, 109405593, 109405593
999999, 42618, 291
101, 9266748, 9266748
101, 42272316, 42272316
120, 75753148, 75753148
400, 109405884, 109405884
121, 110053052, 109405884
999999, 42376, 1
100, 9266749, 9266749
100, 42272317, 42272317
120, 75753149, 75753149
400, 109405885, 109405885
121, 110053053, 109405885
999999, 42376, 321
121, 75591678, 75591678
119, 75753470, 75591678
400, 109406206, 109406206
120, 110053374, 109406206
999999, 42324, 1
120, 75591679, 75591679
118, 75753471, 75591679
400, 109406207, 109406207
119, 110053375, 109406207
999999, 42324, 13
400, 109406220, 109406220
999999, 42400, 1
400, 109406221, 109406221
999999, 42400, 249
117, 75753734, 75753734
400, 109406470, 109406470
999999, 42370, 1
116, 75753735, 75753735
400, 109406471, 109406471
999999, 42465, 65
100, 42606664, 42606664
400, 109406536, 109406536
118, 110053704, 109406536
999999, 42626, 1
100, 42606665, 42606665
400, 109406537, 109406537
117, 110053705, 109406537
999999, 42626, 307
115, 75754108, 75754108
400, 109406844, 109406844
116, 110054012, 109406844
999999, 42423, 1
114, 75754109, 75754109
400, 109406845, 109406845
115, 110054013, 109406845
999999, 42680, 5
113, 75754114, 75754114
400, 109406850, 109406850
114, 110054018, 109406850
999999, 42998, 1
112, 75754115, 75754115
400, 109406851, 109406851
113, 110054019, 109406851
999999, 42998, 303
400, 109407154, 109407154
999999, 42736, 1
400, 109407155, 109407155
999999, 42736, 47
111, 75754466, 75754466
400, 109407202, 109407202
112, 110054370, 109407202
999999, 42950, 1
110, 75754467, 75754467
400, 109407203, 109407203
111, 110054371, 109407203
999999, 42950, 235
100, 42273870, 42273870
400, 109407438, 109407438
999999, 42770, 1
100, 42273871, 42273871
400, 109407439, 109407439
999999, 42770, 107
101, 8449338, 8449338
112, 75754810, 75754810
400, 109407546, 109407546
999999, 42852, 252
400, 109407798, 109407798
114, 110054966, 109407798
999999, 42601, 14
102, 8449604, 8449604
108, 9268676, 9268676
112, 75755076, 75755076
400, 109407812, 109407812
999999, 42634, 1
101, 8449605, 8449605
107, 9268677, 9268677
112, 75755077, 75755077
400, 109407813, 109407813
999999, 42901, 305
106, 9268982, 9268982
102, 42274550, 9268982
400, 109408118, 109408118
113, 110055286, 109408118
999999, 42655, 1
105, 9268983, 9268983
101, 42274551, 9268983
400, 109408119, 109408119
112, 110055287, 109408119
999999, 42915, 17
400, 109408136, 109408136
111, 110055304, 109408136
999999, 42899, 1
400, 109408137, 109408137
110, 110055305, 109408137
999999, 42989, 263
100, 42274832, 42274832
400, 109408400, 109408400
999999, 42727, 96
106, 8551408, 8551408
400, 109408496, 109408496
999999, 42844, 229
105, 8551637, 8551637
400, 109408725, 109408725
109, 110055893, 109408725
999999, 42616, 81
104, 8551718, 8551718
113, 75756070, 75756070
400, 109408806, 109408806
999999, 42595, 1
103, 8551719, 8551719
112, 75756071, 75756071
400, 109408807, 109408807
999999, 42929, 262
102, 8551981, 8551981
104, 9269933, 9269933
400, 109409069, 109409069
999999, 42668, 67
101, 8552048, 8552048
400, 109409136, 109409136
999999, 42838, 212
101, 8451140, 8451140
130, 75594820, 75594820
111, 75756612, 75594820
400, 109409348, 109409348
999999, 42627, 94
100, 8552354, 8552354
105, 9270306, 9270306
110, 75756706, 75756706
102, 76484770, 75756706
400, 109409442, 109409442
108, 110056610, 109409442
999999, 42640, 1
104, 9270307, 9270307
109, 75756707, 75756707
101, 76484771, 75756707
400, 109409443, 109409443
107, 110056611, 109409443
999999, 42640, 257
129, 75595172, 75595172
109, 75756964, 75595172
400, 109409700, 109409700
999999, 42646, 60
102, 8451552, 8451552
103, 9270624, 9270624
101, 42205408, 9270624
118, 42468320, 42468320
128, 75595232, 75595232
109, 75757024, 75595232
100, 76485088, 75595232
400, 109409760, 109409760
108, 110056928, 109409760
999999, 42587, 1
101, 8451553, 8451553
102, 9270625, 9270625
101, 42205409, 9270625
117, 42468321, 42468321
127, 75595233, 75595233
108, 75757025, 75595233
400, 109409761, 109409761
107, 110056929, 109409761
999999, 42636, 189
100, 8451742, 8451742
101, 9270814, 9270814
100, 42205598, 9270814
116, 42468510, 42468510
126, 75595422, 75595422
107, 75757214, 75595422
400, 109409950, 109409950
106, 110057118, 109409950
999999, 42708, 1
100, 9270815, 9270815
115, 42468511, 42468511
125, 75595423, 75595423
106, 75757215, 75595423
400, 109409951, 109409951
105, 110057119, 109409951
999999, 42708, 55
400, 109410006, 109410006
104, 110057174, 109410006
999999, 42667, 296
124, 75595774, 75595774
106, 75757566, 75595774
400, 109410302, 109410302
103, 110057470, 109410302
999999, 42641, 62
105, 75757628, 75757628
400, 109410364, 109410364
102, 110057532, 109410364
999999, 42674, 1
104, 75757629, 75757629
400, 109410365, 109410365
101, 110057533, 109410365
999999, 42674, 313
400, 109410678, 109410678
100, 110057846, 109410678
999999, 42580, 1
999999, 42580, 225
103, 75758168, 75758168
400, 109410904, 109410904
999999, 42464, 1
102, 75758169, 75758169
400, 109410905, 109410905
999999, 42783, 47
400, 109410952, 109410952
999999, 42737, 1
400, 109410953, 109410953
999999, 42985, 323
400, 109411276, 109411276
999999, 42663, 298
400, 109411574, 109411574
999999, 42379, 1
400, 109411575, 109411575
999999, 42657, 11
102, 75758850, 75758850
400, 109411586, 109411586
999999, 42647, 1
101, 75758851, 75758851
400, 109411587, 109411587
999999, 42694, 312
100, 75759163, 75759163
400, 109411899, 109411899
999999, 42673, 13
400, 109411912, 109411912
999999, 42714, 298
400, 109412210, 109412210
999999, 42417, 1
400, 109412211, 109412211
999999, 42689, 49
400, 109412260, 109412260
999999, 42641, 1
400, 109412261, 109412261
999999, 42685, 234
400, 109412495, 109412495
999999, 42452, 55
100, 76487878, 76487878
400, 109412550, 109412550
999999, 42666, 1
400, 109412551, 109412551
999999, 42666, 261
400, 109412812, 109412812
999999, 42453, 1
400, 109412813, 109412813
999999, 42641, 93
105, 75497258, 75497258
400, 109412906, 109412906
999999, 42610, 1
105, 75497259, 75497259
400, 109412907, 109412907
999999, 42610, 273
999999, 42578, 1
101, 76488509, 76488509
400, 109413181, 109413181
999999, 42909, 45
110, 9274090, 9274090
104, 42208874, 9274090
104, 75497578, 9274090
100, 76331818, 9274090
400, 109413226, 109413226
999999, 42865, 1
109, 9274091, 9274091
103, 42208875, 9274091
103, 75497579, 9274091
400, 109413227, 109413227
999999, 42955, 263
102, 75497842, 75497842
100, 76488818, 75497842
400, 109413490, 109413490
999999, 42693, 1
101, 75497843, 75497843
400, 109413491, 109413491
999999, 42918, 49
103, 8455332, 8455332
105, 8556452, 8556452
102, 42209188, 8556452
100, 75497892, 8556452
400, 109413540, 109413540
999999, 42924, 266
104, 8627502, 8627502
108, 9274670, 9274670
101, 42209454, 9274670
400, 109413806, 109413806
999999, 42659, 1
104, 8627503, 8627503
107, 9274671, 9274671
101, 42209455, 9274671
400, 109413807, 109413807
999999, 42959, 61
106, 9274732, 9274732
400, 109413868, 109413868
999999, 42899, 1
105, 9274733, 9274733
400, 109413869, 109413869
999999, 42917, 228
104, 8627793, 8627793
104, 9274961, 9274961
400, 109414097, 109414097
999999, 42938, 87
101, 42209832, 42209832
123, 42472744, 42472744
126, 75599656, 75599656
400, 109414184, 109414184
999999, 42948, 1
999999, 42948, 223
104, 8557320, 8557320
124, 75599880, 75599880
400, 109414408, 109414408
999999, 42946, 1
103, 8557321, 8557321
123, 75599881, 75599881
400, 109414409, 109414409
999999, 42946, 351
400, 109414760, 109414760
999999, 42650, 1
400, 109414761, 109414761
999999, 42941, 55
102, 8456608, 8456608
102, 8557728, 8557728
103, 8628512, 8628512
105, 9275680, 9275680
123, 42473376, 42473376
122, 75600288, 42473376
103, 76045216, 42473376
100, 76237344, 42473376
400, 109414816, 109414816
999999, 42887, 1
101, 8456609, 8456609
102, 8557729, 8557729
102, 8628513, 8628513
104, 9275681, 9275681
122, 42473377, 42473377
121, 75600289, 42473377
102, 76045217, 42473377
400, 109414817, 109414817
999999, 42945, 250
221, 26577593, 26577593
999999, 42696, 243
101, 8629006, 8629006
103, 9276174, 9276174
400, 109415310, 109415310
999999, 42736, 74
400, 109415384, 109415384
999999, 42674, 1
400, 109415385, 109415385
999999, 42977, 293
101, 8457470, 8457470
102, 8558590, 8558590
100, 8629374, 8558590
102, 9276542, 9276542
400, 109415678, 109415678
999999, 42685, 23
100, 76046101, 76046101
400, 109415701, 109415701
999999, 42669, 289
999999, 42381, 1
119, 75601463, 75601463
400, 109415991, 109415991
999999, 42645, 59
400, 109416050, 109416050
999999, 42587, 1
400, 109416051, 109416051
999999, 42654, 233
400, 109416284, 109416284
999999, 42716, 94
100, 8458170, 8458170
400, 109416378, 109416378
999999, 42623, 1
400, 109416379, 109416379
999999, 42669, 215
400, 109416594, 109416594
999999, 42691, 102
999999, 42636, 1
400, 109416697, 109416697
999999, 42985, 217
400, 109416914, 109416914
999999, 42769, 91
400, 109417005, 109417005
999999, 42943, 267
100, 42238200, 42238200
121, 42475832, 42475832
400, 109417272, 109417272
101, 109922872, 109417272
999999, 42677, 1
100, 42238201, 42238201
120, 42475833, 42475833
400, 109417273, 109417273
100, 109922873, 109417273
999999, 42729, 47
101, 8560232, 8560232
100, 8590568, 8560232
119, 42475880, 42475880
119, 75602792, 75602792
100, 76047720, 75602792
400, 109417320, 109417320
999999, 42683, 1
100, 8560233, 8560233
118, 42475881, 42475881
119, 75602793, 75602793
400, 109417321, 109417321
999999, 42903, 241
100, 8459354, 8459354
400, 109417562, 109417562
999999, 42663, 1
100, 8459355, 8459355
400, 109417563, 109417563
999999, 42757, 49
104, 76240140, 76240140
400, 109417612, 109417612
999999, 42898, 1
104, 76240141, 76240141
400, 109417613, 109417613
999999, 42953, 253
101, 8560778, 8560778
102, 8591114, 8591114
104, 76240394, 76240394
400, 109417866, 109417866
999999, 42701, 1
100, 8560779, 8560779
101, 8591115, 8591115
103, 76240395, 76240395
400, 109417867, 109417867
999999, 43003, 97
400, 109417964, 109417964
999999, 42907, 1
400, 109417965, 109417965
999999, 43181, 232
102, 75765461, 75765461
104, 76048597, 76048597
400, 109418197, 109418197
999999, 42950, 81
108, 8631974, 8631974
102, 42213926, 8631974
103, 76048678, 8631974
400, 109418278, 109418278
999999, 42967, 1
107, 8631975, 8631975
101, 42213927, 8631975
102, 76048679, 8631975
400, 109418279, 109418279
999999, 43171, 221
100, 8460292, 8460292
101, 75765764, 75765764
400, 109418500, 109418500
999999, 42951, 1
100, 75765765, 75765765
400, 109418501, 109418501
999999, 43011, 333
400, 109418834, 109418834
999999, 42679, 1
400, 109418835, 109418835
999999, 42988, 95
194, 109418931, 109418931
999999, 42954, 1
109, 9279795, 9279795
101, 76241459, 9279795
100, 76246515, 9279795
400, 109418931, 109418931
999999, 42954, 244
100, 76241703, 76241703
400, 109419175, 109419175
999999, 42917, 65
121, 42477800, 42477800
106, 76049640, 42477800
400, 109419240, 109419240
999999, 42853, 255
400, 109419495, 109419495
999999, 42699, 66
101, 8592809, 8592809
120, 42478121, 42478121
105, 76049961, 42478121
400, 109419561, 109419561
999999, 42634, 249
108, 9280674, 9280674
100, 42215458, 9280674
127, 75605282, 75605282
104, 76050210, 75605282
400, 109419810, 109419810
999999, 42600, 1
107, 9280675, 9280675
126, 75605283, 75605283
103, 76050211, 75605283
400, 109419811, 109419811
999999, 42600, 251
100, 8593310, 8593310
106, 8633758, 8633758
106, 9280926, 9280926
102, 42240990, 9280926
121, 42478622, 42478622
126, 75605534, 75605534
100, 75767326, 75605534
102, 76050462, 75605534
400, 109420062, 109420062
999999, 42452, 61
400, 109420123, 109420123
999999, 42392, 292
106, 8634111, 8634111
105, 9281279, 8634111
101, 76050815, 8634111
400, 109420415, 109420415
999999, 42321, 11
105, 8634122, 8634122
127, 75605898, 75605898
400, 109420426, 109420426
999999, 42394, 1
104, 8634123, 8634123
127, 75605899, 75605899
400, 109420427, 109420427
999999, 42394, 260
104, 8634383, 8634383
104, 9281551, 9281551
122, 42479247, 42479247
101, 75767951, 42479247
400, 109420687, 109420687
999999, 42375, 103
101, 42241718, 42241718
121, 42479350, 42479350
126, 75606262, 75606262
400, 109420790, 109420790
999999, 42273, 1
100, 42241719, 42241719
120, 42479351, 42479351
126, 75606263, 75606263
400, 109420791, 109420791
999999, 42367, 211
119, 42479562, 42479562
400, 109421002, 109421002
999999, 42157, 1
118, 42479563, 42479563
400, 109421003, 109421003
999999, 42381, 97
400, 109421100, 109421100
999999, 42587, 1
400, 109421101, 109421101
999999, 42659, 233
108, 8635030, 8635030
103, 9282198, 8635030
126, 75606806, 75606806
400, 109421334, 109421334
999999, 42427, 1
107, 8635031, 8635031
103, 9282199, 8635031
125, 75606807, 75606807
400, 109421335, 109421335
999999, 42704, 61
102, 9282260, 9282260
100, 75768660, 9282260
400, 109421396, 109421396
999999, 42702, 1
999999, 42947, 255
121, 42480212, 42480212
400, 109421652, 109421652
999999, 42748, 1
999999, 42748, 85
106, 8635434, 8635434
120, 42480298, 42480298
400, 109421738, 109421738
999999, 42954, 1
105, 8635435, 8635435
119, 42480299, 42480299
400, 109421739, 109421739
999999, 42954, 267
124, 75607478, 75607478
400, 109422006, 109422006
999999, 42970, 1
123, 75607479, 75607479
400, 109422007, 109422007
999999, 42970, 51
118, 42480618, 42480618
400, 109422058, 109422058
999999, 43000, 1
117, 42480619, 42480619
400, 109422059, 109422059
999999, 43261, 264
103, 42243251, 42243251
400, 109422323, 109422323
999999, 42998, 13
123, 75607808, 75607808
400, 109422336, 109422336
999999, 43040, 1
123, 75607809, 75607809
400, 109422337, 109422337
999999, 43040, 283
102, 8793052, 8793052
100, 76250204, 8793052
400, 109422620, 109422620
999999, 42947, 1
101, 8793053, 8793053
400, 109422621, 109422621
999999, 43005, 55
101, 41980692, 41980692
400, 109422676, 109422676
999999, 42951, 1
100, 41980693, 41980693
400, 109422677, 109422677
999999, 43201, 281
107, 76053358, 76053358
400, 109422958, 109422958
105, 109766766, 109422958
999999, 42921, 34
100, 8793424, 8793424
106, 76053392, 76053392
400, 109422992, 109422992
104, 109766800, 109422992
999999, 42938, 1
105, 76053393, 76053393
400, 109422993, 109422993
103, 109766801, 109422993
999999, 42938, 245
105, 42244166, 42244166
400, 109423238, 109423238
999999, 42966, 108
108, 8637042, 8637042
400, 109423346, 109423346
999999, 42859, 1
107, 8637043, 8637043
400, 109423347, 109423347
999999, 42939, 209
100, 8793988, 8793988
400, 109423556, 109423556
999999, 42731, 1
400, 109423557, 109423557
999999, 42945, 95
100, 42194020, 42194020
400, 109423652, 109423652
999999, 42851, 1
400, 109423653, 109423653
999999, 42945, 277
999999, 42909, 1
400, 109423931, 109423931
999999, 42995, 265
100, 42194564, 42194564
400, 109424196, 109424196
999999, 42731, 100
106, 8597544, 8597544
106, 42245224, 42245224
119, 42482856, 42482856
400, 109424296, 109424296
101, 109874280, 109424296
999999, 42852, 254
105, 42245478, 42245478
119, 42483110, 42483110
400, 109424550, 109424550
100, 109874534, 109424550
999999, 42692, 1
104, 42245479, 42245479
119, 42483111, 42483111
400, 109424551, 109424551
999999, 42692, 65
105, 8597864, 8597864
100, 41982632, 8597864
118, 42483176, 42483176
400, 109424616, 109424616
999999, 42847, 1
104, 8597865, 8597865
117, 42483177, 42483177
400, 109424617, 109424617
999999, 42959, 215
111, 8638528, 8638528
110, 9285696, 8638528
103, 42245760, 8638528
116, 42483392, 42483392
126, 75610304, 75610304
400, 109424832, 109424832
999999, 42745, 1
111, 8638529, 8638529
109, 9285697, 8638529
102, 42245761, 8638529
115, 42483393, 42483393
125, 75610305, 75610305
400, 109424833, 109424833
999999, 42988, 96
104, 8598177, 8598177
111, 8638625, 8638625
108, 9285793, 8638625
103, 42079009, 8638625
102, 42245857, 8638625
114, 42483489, 42483489
124, 75610401, 75610401
107, 76055329, 75610401
104, 109303585, 75610401
400, 109424929, 109424929
106, 109768737, 109424929
108, 109930529, 109424929
999999, 42951, 189
103, 8598366, 8598366
111, 8638814, 8638814
107, 9285982, 8638814
102, 42079198, 8638814
102, 42246046, 8638814
113, 42483678, 42483678
123, 75610590, 75610590
106, 76055518, 75610590
103, 109303774, 75610590
400, 109425118, 109425118
105, 109768926, 109425118
107, 109930718, 109425118
999999, 42763, 63
102, 8598429, 8598429
101, 42079261, 8598429
400, 109425181, 109425181
106, 109930781, 109425181
999999, 42938, 254
106, 9286299, 9286299
103, 109304091, 9286299
400, 109425435, 109425435
999999, 42779, 49
105, 9286348, 9286348
400, 109425484, 109425484
999999, 42731, 1
104, 9286349, 9286349
400, 109425485, 109425485
999999, 42992, 266
110, 8639447, 8639447
103, 9286615, 8639447
112, 42484311, 42484311
122, 75611223, 75611223
105, 76056151, 75611223
400, 109425751, 109425751
999999, 43045, 87
109, 8639534, 8639534
102, 9286702, 8639534
400, 109425838, 109425838
105, 109769646, 109425838
999999, 42959, 1
108, 8639535, 8639535
101, 9286703, 8639535
400, 109425839, 109425839
104, 109769647, 109425839
999999, 42964, 267
103, 8599354, 8599354
100, 42080186, 8599354
104, 76056506, 76056506
400, 109426106, 109426106
999999, 43000, 48
400, 109426154, 109426154
999999, 42953, 1
400, 109426155, 109426155
999999, 42999, 239
102, 8599642, 8599642
103, 109305050, 109305050
400, 109426394, 109426394
999999, 42761, 50
400, 109426444, 109426444
999999, 42978, 262
101, 9287570, 9287570
104, 42247634, 42247634
111, 42485266, 42485266
103, 76057106, 42485266
400, 109426706, 109426706
109, 109932306, 109426706
999999, 42738, 1
100, 9287571, 9287571
103, 42247635, 42247635
110, 42485267, 42485267
102, 76057107, 42485267
400, 109426707, 109426707
108, 109932307, 109426707
999999, 42738, 326
107, 8640729, 8640729
109, 42485593, 42485593
121, 75612505, 75612505
101, 76057433, 75612505
400, 109427033, 109427033
103, 109770841, 109427033
107, 109932633, 109427033
999999, 42666, 77
106, 8640806, 8640806
101, 8797542, 8640806
108, 42485670, 42485670
120, 75612582, 75612582
100, 76057510, 75612582
400, 109427110, 109427110
102, 109770918, 109427110
106, 109932710, 109427110
999999, 42908, 1
105, 8640807, 8640807
100, 8797543, 8640807
107, 42485671, 42485671
119, 75612583, 75612583
400, 109427111, 109427111
101, 109770919, 109427111
105, 109932711, 109427111
999999, 42908, 221
400, 109427332, 109427332
104, 109932932, 109427332
999999, 42788, 1
400, 109427333, 109427333
103, 109932933, 109427333
999999, 43052, 59
104, 42081472, 42081472
103, 42248320, 42081472
100, 76057792, 42081472
400, 109427392, 109427392
999999, 43041, 1
104, 42081473, 42081473
103, 42248321, 42081473
100, 76057793, 42081473
400, 109427393, 109427393
999999, 43229, 317
104, 42081790, 42081790
103, 42248638, 42081790
100, 76058110, 42081790
400, 109427710, 109427710
105, 109933310, 109427710
999999, 42913, 1
104, 42081791, 42081791
102, 42248639, 42081791
400, 109427711, 109427711
104, 109933311, 109427711
999999, 42960, 13
121, 75613196, 75613196
400, 109427724, 109427724
101, 109523788, 109427724
999999, 43216, 1
120, 75613197, 75613197
400, 109427725, 109427725
100, 109523789, 109427725
999999, 43216, 263
109, 8641684, 8641684
400, 109427988, 109427988
999999, 43042, 82
108, 8641766, 8641766
107, 9288934, 8641766
119, 75613542, 75613542
400, 109428070, 109428070
104, 109771878, 109428070
103, 109933670, 109428070
999999, 42961, 238
110, 8601556, 8601556
107, 9289172, 8601556
103, 42249236, 8601556
400, 109428308, 109428308
999999, 42952, 87
101, 76250923, 76250923
400, 109428395, 109428395
999999, 42866, 257
109, 42487212, 42487212
100, 109297196, 42487212
400, 109428652, 109428652
999999, 42654, 1
108, 42487213, 42487213
400, 109428653, 109428653
999999, 42654, 59
107, 42487272, 42487272
400, 109428712, 109428712
999999, 42908, 1
106, 42487273, 42487273
400, 109428713, 109428713
999999, 42908, 226
100, 8910603, 8910603
400, 109428939, 109428939
999999, 42947, 104
400, 109429043, 109429043
999999, 42844, 243
110, 8602534, 8602534
107, 8642982, 8602534
107, 9290150, 8602534
101, 76256870, 8602534
102, 76479334, 8602534
112, 109307942, 109307942
400, 109429286, 109429286
999999, 42662, 26
102, 42224960, 42224960
120, 75614784, 75614784
102, 76251840, 75614784
100, 76256896, 75614784
102, 76479360, 75614784
111, 109307968, 75614784
400, 109429312, 109429312
999999, 42637, 295
999999, 42643, 74
107, 9290545, 9290545
102, 42250609, 9290545
109, 109308337, 109308337
400, 109429681, 109429681
999999, 42591, 242
104, 8800355, 8800355
106, 9290787, 9290787
107, 42084003, 42084003
101, 42250851, 42084003
400, 109429923, 109429923
999999, 42350, 61
109, 8603232, 8603232
106, 8643680, 8603232
103, 8800416, 8603232
105, 9290848, 8603232
106, 42084064, 8603232
101, 42225632, 8603232
100, 42250912, 8603232
110, 42488544, 42488544
119, 75615456, 75615456
101, 75655904, 75615456
100, 75676128, 75615456
101, 76252512, 75615456
102, 76480032, 75615456
108, 109308640, 75615456
400, 109429984, 109429984
104, 109773792, 109429984
105, 109935584, 109429984
999999, 42588, 1
108, 8603233, 8603233
105, 8643681, 8603233
102, 8800417, 8603233
104, 9290849, 8603233
105, 42084065, 8603233
100, 42225633, 8603233
110, 42488545, 42488545
118, 75615457, 75615457
100, 75655905, 75615457
100, 76252513, 75615457
102, 76480033, 75615457
107, 109308641, 75615457
400, 109429985, 109429985
103, 109773793, 109429985
104, 109935585, 109429985
999999, 42588, 190
107, 8603423, 8603423
104, 8643871, 8603423
101, 8800607, 8603423
103, 9291039, 8603423
104, 42084255, 8603423
110, 42488735, 42488735
117, 75615647, 75615647
101, 76480223, 75615647
106, 109308831, 75615647
400, 109430175, 109430175
102, 109773983, 109430175
104, 109935775, 109430175
999999, 42405, 61
100, 8800668, 8800668
102, 9291100, 9291100
103, 42084316, 42084316
400, 109430236, 109430236
101, 109774044, 109430236
999999, 42345, 1
100, 8800669, 8800669
101, 9291101, 9291101
102, 42084317, 42084317
400, 109430237, 109430237
100, 109774045, 109430237
999999, 42700, 250
101, 42084567, 42084567
112, 42489047, 42489047
116, 75615959, 75615959
400, 109430487, 109430487
999999, 42688, 51
105, 109309194, 109309194
400, 109430538, 109430538
999999, 42732, 1
104, 109309195, 109309195
400, 109430539, 109430539
999999, 42732, 273
108, 8604060, 8604060
103, 8644508, 8604060
103, 109309468, 8604060
400, 109430812, 109430812
999999, 42721, 1
196, 3295239, 3295239
120, 104253447, 3295239
999999, 42725, 90
115, 75616375, 75616375
101, 109309559, 75616375
400, 109430903, 109430903
999999, 42943, 226
400, 109431129, 109431129
999999, 42718, 55
106, 8604432, 8604432
103, 9292048, 8604432
400, 109431184, 109431184
999999, 42980, 267
102, 9292315, 9292315
400, 109431451, 109431451
999999, 42714, 48
101, 9292363, 9292363
102, 76481547, 76481547
400, 109431499, 109431499
999999, 42712, 305
400, 109431804, 109431804
999999, 42646, 1
400, 109431805, 109431805
999999, 42646, 47
999999, 42647, 1
400, 109431853, 109431853
999999, 42955, 217
101, 8574982, 8574982
103, 42086150, 42086150
100, 42227718, 42086150
400, 109432070, 109432070
100, 109775878, 109432070
999999, 42739, 1
100, 8574983, 8574983
103, 42086151, 42086151
100, 42227719, 42086151
400, 109432071, 109432071
100, 109775879, 109432071
999999, 42782, 65
115, 75617608, 75617608
400, 109432136, 109432136
999999, 42944, 1
114, 75617609, 75617609
400, 109432137, 109432137
999999, 42944, 299
101, 76482484, 76482484
400, 109432436, 109432436
999999, 42736, 1
100, 76482485, 76482485
400, 109432437, 109432437
999999, 42736, 45
106, 42086562, 42086562
116, 42491042, 42491042
102, 75658402, 42491042
100, 75678626, 42491042
400, 109432482, 109432482
999999, 42958, 1
105, 42086563, 42086563
115, 42491043, 42491043
101, 75658403, 42491043
400, 109432483, 109432483
999999, 42958, 249
101, 8803164, 8803164
105, 42086812, 42086812
115, 42491292, 42491292
101, 75658652, 42491292
400, 109432732, 109432732
100, 109776540, 109432732
106, 109938332, 109432732
999999, 42757, 1
101, 8803165, 8803165
105, 42086813, 42086813
115, 42491293, 42491293
101, 75658653, 42491293
400, 109432733, 109432733
100, 109776541, 109432733
106, 109938333, 109432733
999999, 42945, 47
400, 109432780, 109432780
106, 109938380, 109432780
999999, 42899, 1
400, 109432781, 109432781
105, 109938381, 109432781
999999, 42945, 268
400, 109433049, 109433049
104, 109938649, 109433049
999999, 42947, 307
400, 109433356, 109433356
101, 109777164, 109433356
999999, 42641, 1
400, 109433357, 109433357
100, 109777165, 109433357
999999, 42733, 53
400, 109433410, 109433410
999999, 42681, 1
400, 109433411, 109433411
999999, 42995, 257
100, 42128196, 42128196
400, 109433668, 109433668
999999, 42739, 1
400, 109433669, 109433669
999999, 42985, 100
115, 42492329, 42492329
120, 75619241, 75619241
400, 109433769, 109433769
999999, 43182, 226
400, 109433995, 109433995
999999, 43043, 61
114, 42492616, 42492616
120, 75619528, 75619528
104, 76256584, 75619528
400, 109434056, 109434056
999999, 43204, 1
113, 42492617, 42492617
119, 75619529, 75619529
104, 76256585, 75619529
400, 109434057, 109434057
999999, 43204, 298
999999, 43013, 14
102, 8577281, 8577281
113, 8607617, 8607617
110, 8648065, 8607617
104, 8804801, 8607617
110, 9295233, 8607617
103, 42230017, 8607617
102, 42781121, 8607617
118, 75619841, 75619841
103, 76256897, 75619841
102, 109302913, 75619841
105, 109313025, 75619841
400, 109434369, 109434369
999999, 43000, 319
101, 8577600, 8577600
109, 8648384, 8648384
103, 8805120, 8648384
109, 9295552, 9295552
102, 42230336, 9295552
101, 42781440, 9295552
117, 75620160, 75620160
102, 76257216, 75620160
101, 109303232, 75620160
104, 109313344, 75620160
400, 109434688, 109434688
101, 109530752, 109434688
999999, 42892, 1
100, 8577601, 8577601
108, 8648385, 8648385
102, 8805121, 8648385
108, 9295553, 9295553
101, 42230337, 9295553
100, 42781441, 9295553
116, 75620161, 75620161
101, 76257217, 75620161
100, 109303233, 75620161
103, 109313345, 75620161
400, 109434689, 109434689
100, 109530753, 109434689
999999, 42892, 255
112, 8608192, 8608192
128, 8638528, 8638528
107, 42089024, 8638528
100, 76257472, 8638528
103, 76484992, 8638528
400, 109434944, 109434944
999999, 42738, 1
111, 8608193, 8608193
128, 8638529, 8638529
106, 42089025, 8638529
102, 76484993, 8638529
400, 109434945, 109434945
999999, 42738, 95
110, 8608288, 8608288
127, 8638624, 8638624
107, 8648736, 8638624
101, 8739744, 8638624
103, 8805472, 8638624
100, 9290848, 8638624
107, 9295904, 8638624
105, 42089120, 8638624
105, 42129568, 8638624
100, 42230688, 8638624
112, 42493600, 8638624
108, 42776736, 8638624
115, 75620512, 8638624
103, 75660960, 8638624
104, 75681184, 8638624
102, 76485088, 8638624
100, 109303584, 8638624
102, 109313696, 8638624
400, 109435040, 109435040
100, 109536160, 109435040
104, 109940640, 109435040
999999, 42864, 1
109, 8608289, 8608289
126, 8638625, 8638625
106, 8648737, 8638625
100, 8739745, 8638625
102, 8805473, 8638625
107, 9295905, 8638625
104, 42089121, 8638625
104, 42129569, 8638625
100, 42230689, 8638625
111, 42493601, 8638625
107, 42776737, 8638625
114, 75620513, 8638625
102, 75660961, 8638625
103, 75681185, 8638625
101, 76485089, 8638625
100, 109303585, 8638625
102, 109313697, 8638625
400, 109435041, 109435041
103, 109940641, 109435041
999999, 42912, 189
108, 8608478, 8608478
125, 8638814, 8638814
105, 8648926, 8638814
101, 8805662, 8638814
107, 9296094, 8638814
104, 42089310, 8638814
103, 42129758, 8638814
110, 42493790, 8638814
106, 42776926, 8638814
114, 75620702, 8638814
101, 75661150, 8638814
102, 75681374, 8638814
100, 76485278, 8638814
102, 109313886, 8638814
400, 109435230, 109435230
102, 109940830, 109435230
999999, 43004, 1
107, 8608479, 8608479
124, 8638815, 8638815
104, 8648927, 8638815
100, 8805663, 8638815
107, 9296095, 8638815
104, 42089311, 8638815
102, 42129759, 8638815
109, 42493791, 8638815
105, 42776927, 8638815
114, 75620703, 8638815
100, 75661151, 8638815
101, 75681375, 8638815
102, 109313887, 8638815
400, 109435231, 109435231
101, 109940831, 109435231
999999, 43004, 95
999999, 42952, 1
122, 8638911, 8638911
102, 8649023, 8638911
107, 9296191, 8638911
102, 42089407, 8638911
400, 109435327, 109435327
999999, 42952, 269
106, 9296460, 9296460
400, 109435596, 109435596
999999, 42943, 270
106, 8609114, 8609114
108, 42494426, 42494426
400, 109435866, 109435866
999999, 42730, 1
105, 8609115, 8609115
107, 42494427, 42494427
400, 109435867, 109435867
999999, 42730, 97
104, 8609212, 8609212
106, 42494524, 42494524
400, 109435964, 109435964
999999, 42931, 1
103, 8609213, 8609213
105, 42494525, 42494525
400, 109435965, 109435965
999999, 42991, 253
101, 8740922, 8740922
105, 9297082, 9297082
103, 42130746, 9297082
104, 42494778, 9297082
400, 109436218, 109436218
999999, 42739, 62
101, 8649976, 8649976
100, 8740984, 8649976
104, 9297144, 9297144
102, 42090360, 9297144
103, 42494840, 9297144
400, 109436280, 109436280
999999, 42930, 228
100, 8650204, 8650204
102, 42495068, 42495068
400, 109436508, 109436508
999999, 42703, 1
101, 42495069, 42495069
400, 109436509, 109436509
999999, 42763, 45
400, 109436554, 109436554
999999, 42719, 348
100, 42495462, 42495462
113, 75622374, 75622374
400, 109436902, 109436902
999999, 42646, 1
112, 75622375, 75622375
400, 109436903, 109436903
999999, 42646, 263
102, 8610414, 8610414
111, 75622638, 75622638
400, 109437166, 109437166
999999, 42438, 1
101, 8610415, 8610415
110, 75622639, 75622639
400, 109437167, 109437167
999999, 42438, 34
100, 8610449, 8610449
109, 75622673, 75622673
400, 109437201, 109437201
999999, 42663, 289
