777777, 450, 3000
118, 9190014, 9190014
141, 75514622, 75514622
174, 75676414, 75676414
450, 109329150, 109329150
999999, 49542, 208
117, 9190222, 9190222
450, 109329358, 109329358
112, 109455758, 109329358
999999, 49335, 1
116, 9190223, 9190223
450, 109329359, 109329359
999999, 49433, 61
124, 42023948, 42023948
450, 109329420, 109329420
999999, 49373, 1
124, 42023949, 42023949
450, 109329421, 109329421
999999, 49591, 269
124, 42934298, 42934298
176, 75676954, 75676954
112, 75757850, 75676954
113, 76040986, 75676954
450, 109329690, 109329690
114, 109451034, 109329690
999999, 49323, 1
123, 42934299, 42934299
175, 75676955, 75676955
112, 75757851, 75676955
112, 76040987, 75676955
450, 109329691, 109329691
113, 109451035, 109329691
999999, 49421, 317
174, 75677272, 75677272
450, 109330008, 109330008
999999, 49368, 1
173, 75677273, 75677273
450, 109330009, 109330009
999999, 49368, 96
173, 75677369, 75677369
450, 109330105, 109330105
999999, 49320, 227
173, 75677596, 75677596
450, 109330332, 109330332
114, 109451676, 109330332
999999, 49282, 1
173, 75677597, 75677597
450, 109330333, 109330333
113, 109451677, 109330333
999999, 49343, 95
173, 75677692, 75677692
450, 109330428, 109330428
999999, 49249, 1
172, 75677693, 75677693
450, 109330429, 109330429
999999, 49497, 201
134, 10961090, 10961090
999999, 49362, 1
172, 75677895, 75677895
450, 109330631, 109330631
999999, 49362, 101
144, 75516204, 75516204
450, 109330732, 109330732
999999, 49514, 1
144, 75516205, 75516205
450, 109330733, 109330733
999999, 49514, 231
450, 109330964, 109330964
999999, 49371, 1
450, 109330965, 109330965
999999, 49597, 99
171, 75678328, 75678328
450, 109331064, 109331064
999999, 49499, 1
170, 75678329, 75678329
450, 109331065, 109331065
999999, 49595, 203
127, 42025796, 42025796
169, 75678532, 75678532
450, 109331268, 109331268
999999, 49610, 1
126, 42025797, 42025797
168, 75678533, 75678533
450, 109331269, 109331269
999999, 49610, 93
168, 75678626, 75678626
450, 109331362, 109331362
999999, 49572, 284
168, 75678910, 75678910
112, 76305854, 75678910
450, 109331646, 109331646
999999, 49289, 1
167, 75678911, 75678911
450, 109331647, 109331647
999999, 49558, 55
123, 41950390, 41950390
116, 76042998, 41950390
450, 109331702, 109331702
999999, 49588, 1
122, 41950391, 41950391
115, 76042999, 41950391
450, 109331703, 109331703
999999, 49588, 262
121, 41950653, 41950653
167, 75679229, 75679229
450, 109331965, 109331965
999999, 49600, 45
124, 9192874, 9192874
113, 75760170, 9192874
450, 109332010, 109332010
999999, 49600, 1
123, 9192875, 9192875
113, 75760171, 9192875
450, 109332011, 109332011
999999, 49600, 238
122, 9193113, 9193113
167, 75679513, 75679513
450, 109332249, 109332249
999999, 49614, 81
120, 41951018, 41951018
112, 75760490, 41951018
112, 76180138, 41951018
450, 109332330, 109332330
999999, 49559, 1
120, 41951019, 41951019
112, 75760491, 41951019
450, 109332331, 109332331
999999, 49827, 278
113, 8637313, 8637313
126, 42937217, 42937217
167, 75679873, 75679873
112, 75760769, 75679873
450, 109332609, 109332609
999999, 49550, 265
115, 76044170, 76044170
450, 109332874, 109332874
999999, 49344, 1
114, 76044171, 76044171
450, 109332875, 109332875
999999, 49344, 61
450, 109332936, 109332936
999999, 49583, 301
113, 8415477, 8415477
112, 8637941, 8415477
125, 42937845, 42937845
450, 109333237, 109333237
999999, 49299, 311
450, 109333548, 109333548
112, 109899820, 109333548
999999, 48989, 54
124, 42938210, 42938210
167, 75680866, 75680866
450, 109333602, 109333602
999999, 49206, 262
125, 42028392, 42028392
143, 75519336, 75519336
450, 109333864, 109333864
999999, 48945, 1
124, 42028393, 42028393
142, 75519337, 75519337
450, 109333865, 109333865
999999, 49033, 55
112, 8416160, 8416160
121, 9194784, 9194784
122, 41952608, 41952608
123, 42028448, 42028448
123, 42938528, 42938528
141, 75519392, 75519392
167, 75681184, 75681184
113, 76045216, 75681184
450, 109333920, 109333920
999999, 49192, 1
120, 9194785, 9194785
121, 41952609, 41952609
122, 42028449, 42028449
122, 42938529, 42938529
140, 75519393, 75519393
166, 75681185, 75681185
112, 76045217, 75681185
450, 109333921, 109333921
999999, 49192, 189
119, 9194974, 9194974
120, 41952798, 41952798
121, 42028638, 42028638
121, 42938718, 42938718
140, 75519582, 75519582
165, 75681374, 75681374
112, 76045406, 75681374
450, 109334110, 109334110
999999, 49098, 48
118, 9195022, 9195022
450, 109334158, 109334158
999999, 49051, 1
117, 9195023, 9195023
450, 109334159, 109334159
999999, 49319, 303
116, 9195326, 9195326
164, 75681726, 75681726
112, 76045758, 75681726
450, 109334462, 109334462
999999, 49076, 15
115, 9195341, 9195341
120, 42029005, 42029005
450, 109334477, 109334477
999999, 49062, 272
114, 9195613, 9195613
119, 41953437, 41953437
164, 75682013, 75682013
450, 109334749, 109334749
999999, 48997, 54
113, 9195667, 9195667
140, 75520275, 75520275
450, 109334803, 109334803
999999, 48944, 257
118, 41953748, 41953748
450, 109335060, 109335060
999999, 48788, 96
450, 109335156, 109335156
999999, 48912, 230
112, 41943962, 41943962
121, 42939994, 42939994
140, 75520858, 75520858
166, 75682650, 75682650
450, 109335386, 109335386
999999, 48683, 1
120, 42939995, 42939995
140, 75520859, 75520859
165, 75682651, 75682651
450, 109335387, 109335387
999999, 48781, 98
164, 75682749, 75682749
450, 109335485, 109335485
999999, 48684, 262
163, 75683011, 75683011
450, 109335747, 109335747
999999, 48685, 265
121, 42030540, 42030540
119, 42940620, 42030540
450, 109336012, 109336012
999999, 48421, 1
121, 42030541, 42030541
119, 42940621, 42030541
450, 109336013, 109336013
999999, 48467, 101
121, 42030642, 42030642
119, 42940722, 42030642
450, 109336114, 109336114
999999, 48367, 1
121, 42030643, 42030643
119, 42940723, 42030643
450, 109336115, 109336115
999999, 48555, 207
120, 41955010, 41955010
165, 75683586, 75683586
450, 109336322, 109336322
999999, 48404, 1
119, 41955011, 41955011
165, 75683587, 75683587
450, 109336323, 109336323
999999, 48663, 95
113, 9303458, 9303458
165, 75683682, 75683682
115, 75764578, 75683682
450, 109336418, 109336418
999999, 48569, 1
112, 9303459, 9303459
164, 75683683, 75683683
114, 75764579, 75683683
450, 109336419, 109336419
999999, 48660, 296
450, 109336715, 109336715
999999, 48594, 292
113, 75765167, 75765167
450, 109337007, 109337007
999999, 48383, 20
114, 9187779, 9187779
165, 75684291, 75684291
112, 75765187, 75684291
450, 109337027, 109337027
999999, 48632, 277
118, 41955992, 41955992
164, 75684568, 75684568
450, 109337304, 109337304
999999, 48403, 1
241, 26499831, 26499831
999999, 48630, 44
122, 42031877, 42031877
163, 75684613, 75684613
450, 109337349, 109337349
999999, 48693, 307
116, 41956344, 41956344
163, 75684920, 75684920
450, 109337656, 109337656
999999, 48387, 1
115, 41956345, 41956345
163, 75684921, 75684921
450, 109337657, 109337657
999999, 48643, 55
113, 75806320, 75806320
114, 76049008, 76049008
113, 76185520, 76049008
450, 109337712, 109337712
999999, 48589, 1
113, 75806321, 75806321
113, 76049009, 76049009
112, 76185521, 76049009
450, 109337713, 109337713
999999, 48642, 219
122, 42032460, 42032460
450, 109337932, 109337932
999999, 48674, 1
121, 42032461, 42032461
450, 109337933, 109337933
999999, 48674, 55
114, 41956676, 41956676
120, 42032516, 42032516
163, 75685252, 75685252
112, 75806596, 75685252
112, 76049284, 75685252
450, 109337988, 109337988
999999, 48653, 1
113, 41956677, 41956677
119, 42032517, 42032517
162, 75685253, 75685253
112, 75806597, 75685253
450, 109337989, 109337989
999999, 48936, 303
112, 75806900, 75806900
450, 109338292, 109338292
999999, 48934, 1
112, 75806901, 75806901
450, 109338293, 109338293
999999, 48934, 319
113, 41947188, 41947188
450, 109338612, 109338612
999999, 48663, 1
112, 41947189, 41947189
450, 109338613, 109338613
999999, 48919, 47
112, 41957348, 41957348
125, 42943268, 42943268
145, 75524132, 75524132
164, 75685924, 75685924
450, 109338660, 109338660
999999, 48981, 1
124, 42943269, 42943269
144, 75524133, 75524133
164, 75685925, 75685925
450, 109338661, 109338661
999999, 49237, 253
112, 8421154, 8421154
118, 9199778, 9199778
164, 75686178, 75686178
112, 76050210, 75686178
450, 109338914, 109338914
999999, 48985, 62
114, 9189728, 9189728
118, 9199840, 9199840
121, 42033504, 42033504
124, 42680672, 42680672
123, 42943584, 42680672
143, 75524448, 75524448
164, 75686240, 75686240
112, 75767136, 75686240
112, 76050272, 75686240
112, 76186784, 75686240
450, 109338976, 109338976
999999, 48932, 1
113, 9189729, 9189729
118, 9199841, 9199841
121, 42033505, 42033505
123, 42680673, 42680673
122, 42943585, 42680673
142, 75524449, 75524449
164, 75686241, 75686241
112, 76050273, 75686241
450, 109338977, 109338977
999999, 48932, 189
112, 9189918, 9189918
117, 9200030, 9200030
120, 42033694, 42033694
122, 42680862, 42680862
121, 42943774, 42680862
141, 75524638, 75524638
164, 75686430, 75686430
450, 109339166, 109339166
999999, 48996, 56
119, 42033750, 42033750
121, 42680918, 42680918
450, 109339222, 109339222
999999, 49002, 296
999999, 48707, 1
115, 9200383, 9200383
141, 75524991, 75524991
165, 75686783, 75686783
450, 109339519, 109339519
999999, 48985, 7
165, 75686790, 75686790
450, 109339526, 109339526
999999, 48979, 278
114, 9200668, 9200668
120, 42944412, 42944412
164, 75687068, 75687068
450, 109339804, 109339804
999999, 48792, 1
113, 9200669, 9200669
119, 42944413, 42944413
163, 75687069, 75687069
450, 109339805, 109339805
999999, 49045, 94
118, 42034427, 42034427
142, 75525371, 75525371
162, 75687163, 75687163
450, 109339899, 109339899
999999, 48952, 209
112, 9200972, 9200972
117, 42034636, 42034636
450, 109340108, 109340108
999999, 48756, 1
116, 42034637, 42034637
450, 109340109, 109340109
999999, 48756, 67
450, 109340176, 109340176
999999, 49044, 358
450, 109340534, 109340534
999999, 48687, 1
450, 109340535, 109340535
999999, 48945, 281
450, 109340816, 109340816
999999, 48665, 298
116, 42035642, 42035642
166, 75688378, 75688378
450, 109341114, 109341114
999999, 48612, 1
116, 42035643, 42035643
166, 75688379, 75688379
450, 109341115, 109341115
999999, 48612, 21
450, 109341136, 109341136
999999, 48646, 290
115, 42035954, 42035954
450, 109341426, 109341426
999999, 48604, 1
114, 42035955, 42035955
450, 109341427, 109341427
999999, 48604, 49
118, 8423716, 8423716
165, 75688740, 75688740
113, 76189284, 75688740
450, 109341476, 109341476
999999, 48624, 1
117, 8423717, 8423717
164, 75688741, 75688741
112, 76189285, 75688741
450, 109341477, 109341477
999999, 48624, 241
113, 42036246, 42036246
122, 42683414, 42683414
450, 109341718, 109341718
999999, 48632, 1
112, 42036247, 42036247
121, 42683415, 42683415
450, 109341719, 109341719
999999, 48632, 95
114, 8646518, 8646518
450, 109341814, 109341814
999999, 48644, 226
112, 41960728, 41960728
165, 75689304, 75689304
450, 109342040, 109342040
999999, 48419, 1
165, 75689305, 75689305
450, 109342041, 109342041
999999, 48621, 77
165, 75689382, 75689382
450, 109342118, 109342118
999999, 48545, 1
165, 75689383, 75689383
450, 109342119, 109342119
999999, 48603, 278
165, 75689661, 75689661
450, 109342397, 109342397
999999, 48326, 45
118, 8424682, 8424682
450, 109342442, 109342442
999999, 48556, 1
117, 8424683, 8424683
450, 109342443, 109342443
999999, 48603, 265
116, 8424948, 8424948
450, 109342708, 109342708
999999, 48648, 52
120, 9203624, 9203624
113, 42037288, 9203624
120, 42684456, 42684456
450, 109342760, 109342760
999999, 48597, 236
450, 109342996, 109342996
999999, 48406, 60
450, 109343056, 109343056
999999, 48347, 1
450, 109343057, 109343057
999999, 48571, 281
450, 109343338, 109343338
999999, 48291, 22
113, 8648064, 8648064
121, 9204224, 9204224
118, 42947968, 9204224
145, 75528832, 75528832
168, 75690624, 75690624
450, 109343360, 109343360
999999, 48322, 1
112, 8648065, 8648065
120, 9204225, 9204225
117, 42947969, 9204225
144, 75528833, 75528833
168, 75690625, 75690625
450, 109343361, 109343361
999999, 48579, 311
167, 75690936, 75690936
450, 109343672, 109343672
999999, 48606, 8
119, 9204544, 9204544
116, 42948288, 9204544
143, 75529152, 75529152
166, 75690944, 75690944
450, 109343680, 109343680
999999, 48694, 1
118, 9204545, 9204545
115, 42948289, 9204545
142, 75529153, 75529153
165, 75690945, 75690945
450, 109343681, 109343681
999999, 48941, 256
117, 9204801, 9204801
141, 75529409, 75529409
164, 75691201, 75691201
450, 109343937, 109343937
999999, 48686, 285
118, 8426462, 8426462
124, 9194974, 9194974
116, 9205086, 9194974
113, 42038750, 9194974
119, 42685918, 9194974
114, 42948830, 9194974
140, 75529694, 75529694
163, 75691486, 75691486
450, 109344222, 109344222
999999, 48434, 1
117, 8426463, 8426463
123, 9194975, 9194975
115, 9205087, 9194975
112, 42038751, 9194975
118, 42685919, 9194975
113, 42948831, 9194975
139, 75529695, 75529695
162, 75691487, 75691487
450, 109344223, 109344223
999999, 48434, 55
112, 42038806, 42038806
117, 42685974, 42685974
450, 109344278, 109344278
999999, 48676, 1
112, 42038807, 42038807
116, 42685975, 42685975
450, 109344279, 109344279
999999, 48676, 247
450, 109344526, 109344526
999999, 48442, 1
450, 109344527, 109344527
999999, 48442, 67
114, 9205458, 9205458
450, 109344594, 109344594
999999, 48720, 1
113, 9205459, 9205459
450, 109344595, 109344595
999999, 48720, 265
123, 9195612, 9195612
165, 75692124, 75692124
450, 109344860, 109344860
999999, 48686, 1
123, 9195613, 9195613
165, 75692125, 75692125
450, 109344861, 109344861
999999, 48741, 93
112, 42524858, 42524858
165, 75692218, 75692218
450, 109344954, 109344954
999999, 48649, 1
164, 75692219, 75692219
450, 109344955, 109344955
999999, 48945, 251
450, 109345206, 109345206
999999, 48695, 1
450, 109345207, 109345207
999999, 48761, 287
116, 9206358, 9206358
117, 42687190, 42687190
450, 109345494, 109345494
999999, 48690, 1
115, 9206359, 9206359
116, 42687191, 42687191
450, 109345495, 109345495
999999, 48690, 51
115, 9206410, 9206410
112, 42950154, 9206410
450, 109345546, 109345546
999999, 49046, 258
450, 109345804, 109345804
999999, 48789, 94
121, 8428138, 8428138
112, 42525802, 8428138
113, 76057194, 8428138
450, 109345898, 109345898
999999, 48884, 1
121, 8428139, 8428139
112, 42525803, 8428139
113, 76057195, 8428139
450, 109345899, 109345899
999999, 48884, 334
168, 75693497, 75693497
450, 109346233, 109346233
999999, 48609, 215
120, 8428688, 8428688
112, 76057744, 8428688
450, 109346448, 109346448
999999, 48395, 1
119, 8428689, 8428689
450, 109346449, 109346449
999999, 48651, 47
118, 8428736, 8428736
169, 75693760, 75693760
450, 109346496, 109346496
999999, 48686, 1
117, 8428737, 8428737
168, 75693761, 75693761
450, 109346497, 109346497
999999, 48686, 317
116, 8429054, 8429054
167, 75694078, 75694078
450, 109346814, 109346814
115, 109488382, 109346814
999999, 48600, 1
999999, 48600, 315
113, 8651834, 8651834
120, 42688826, 42688826
166, 75694394, 75694394
450, 109347130, 109347130
999999, 48385, 22
133, 9197904, 9197904
450, 109347152, 109347152
999999, 48614, 1
132, 9197905, 9197905
450, 109347153, 109347153
999999, 48906, 297
114, 8429690, 8429690
112, 8652154, 8429690
120, 42689146, 42689146
166, 75694714, 75694714
450, 109347450, 109347450
999999, 48658, 10
113, 8429700, 8429700
119, 42689156, 42689156
165, 75694724, 75694724
450, 109347460, 109347460
999999, 48649, 1
112, 8429701, 8429701
118, 42689157, 42689157
164, 75694725, 75694725
450, 109347461, 109347461
999999, 48937, 351
120, 9208676, 9208676
146, 75533284, 75533284
450, 109347812, 109347812
999999, 48587, 267
131, 9198831, 9198831
119, 9208943, 9198831
450, 109348079, 109348079
999999, 48389, 25
130, 9198856, 9198856
450, 109348104, 109348104
999999, 48365, 1
129, 9198857, 9198857
450, 109348105, 109348105
999999, 48613, 347
145, 75533924, 75533924
450, 109348452, 109348452
999999, 48267, 1
144, 75533925, 75533925
450, 109348453, 109348453
999999, 48299, 283
128, 9199488, 9199488
118, 9209600, 9199488
450, 109348736, 109348736
999999, 48017, 297
999999, 48015, 55
125, 26511615, 26511615
999999, 47961, 1
127, 9199841, 9199841
116, 9209953, 9199841
112, 42528993, 9199841
116, 42690785, 9199841
142, 75534561, 75534561
164, 75696353, 75696353
450, 109349089, 109349089
118, 109490657, 109349089
999999, 48016, 189
126, 9200030, 9200030
115, 9210142, 9200030
112, 42529182, 9200030
115, 42690974, 9200030
142, 75534750, 75534750
164, 75696542, 75696542
450, 109349278, 109349278
117, 109490846, 109349278
999999, 48096, 1
125, 9200031, 9200031
114, 9210143, 9200031
112, 42529183, 9200031
114, 42690975, 9200031
142, 75534751, 75534751
164, 75696543, 75696543
450, 109349279, 109349279
116, 109490847, 109349279
999999, 48096, 55
450, 109349334, 109349334
999999, 48060, 1
450, 109349335, 109349335
999999, 48060, 261
113, 9210460, 9210460
163, 75696860, 75696860
450, 109349596, 109349596
999999, 48091, 83
450, 109349679, 109349679
999999, 48279, 232
450, 109349911, 109349911
999999, 48048, 65
450, 109349976, 109349976
999999, 48057, 1
450, 109349977, 109349977
999999, 48346, 238
164, 75697479, 75697479
450, 109350215, 109350215
999999, 48169, 62
114, 42691973, 42691973
164, 75697541, 75697541
450, 109350277, 109350277
999999, 48339, 265
126, 9201294, 9201294
450, 109350542, 109350542
117, 109492110, 109350542
999999, 48075, 96
450, 109350638, 109350638
999999, 48026, 1
450, 109350639, 109350639
999999, 48026, 227
142, 75536338, 75536338
450, 109350866, 109350866
999999, 48103, 48
450, 109350914, 109350914
999999, 48099, 1
450, 109350915, 109350915
999999, 48359, 265
450, 109351180, 109351180
999999, 48095, 1
450, 109351181, 109351181
999999, 48151, 93
450, 109351274, 109351274
117, 109492842, 109351274
999999, 48326, 1
450, 109351275, 109351275
117, 109492843, 109351275
999999, 48326, 229
450, 109351504, 109351504
117, 109493072, 109351504
999999, 48144, 1
450, 109351505, 109351505
117, 109493073, 109351505
999999, 48144, 83
144, 75537060, 75537060
450, 109351588, 109351588
117, 109493156, 109351588
999999, 48250, 1
143, 75537061, 75537061
450, 109351589, 109351589
116, 109493157, 109351589
999999, 48297, 245
117, 9212698, 9212698
143, 75537306, 75537306
450, 109351834, 109351834
999999, 48636, 1
116, 9212699, 9212699
143, 75537307, 75537307
450, 109351835, 109351835
999999, 48636, 47
116, 9212746, 9212746
450, 109351882, 109351882
999999, 48677, 1
115, 9212747, 9212747
450, 109351883, 109351883
999999, 48905, 255
450, 109352138, 109352138
999999, 48651, 106
450, 109352244, 109352244
999999, 48590, 1
450, 109352245, 109352245
999999, 48869, 261
121, 42694202, 42694202
173, 75699770, 75699770
450, 109352506, 109352506
999999, 48609, 44
450, 109352550, 109352550
999999, 48620, 1
450, 109352551, 109352551
999999, 48915, 267
450, 109352818, 109352818
999999, 48658, 1
450, 109352819, 109352819
999999, 48956, 53
129, 9203624, 9203624
142, 75538344, 75538344
450, 109352872, 109352872
118, 109494440, 109352872
999999, 49220, 1
128, 9203625, 9203625
141, 75538345, 75538345
450, 109352873, 109352873
117, 109494441, 109352873
999999, 49220, 261
115, 9213998, 9213998
140, 75538606, 75538606
450, 109353134, 109353134
999999, 49015, 1
114, 9213999, 9213999
139, 75538607, 75538607
450, 109353135, 109353135
999999, 49261, 59
450, 109353194, 109353194
116, 109494762, 109353194
999999, 49203, 1
999999, 49297, 265
999999, 49033, 1
450, 109353461, 109353461
999999, 49245, 45
114, 9189090, 9189090
113, 9214370, 9189090
113, 9320546, 9189090
138, 75538978, 75538978
179, 75700770, 75700770
450, 109353506, 109353506
114, 109495074, 109353506
999999, 49201, 1
113, 9189091, 9189091
112, 9214371, 9189091
112, 9320547, 9189091
137, 75538979, 75538979
178, 75700771, 75700771
450, 109353507, 109353507
113, 109495075, 109353507
999999, 49289, 237
136, 75539216, 75539216
450, 109353744, 109353744
999999, 49053, 82
112, 9189410, 9189410
135, 75539298, 75539298
177, 75701090, 75701090
450, 109353826, 109353826
999999, 49236, 1
134, 75539299, 75539299
176, 75701091, 75701091
450, 109353827, 109353827
999999, 49236, 255
133, 75539554, 75539554
175, 75701346, 75701346
450, 109354082, 109354082
112, 109495650, 109354082
112, 109591714, 109354082
999999, 49032, 1
132, 75539555, 75539555
174, 75701347, 75701347
450, 109354083, 109354083
999999, 49032, 61
119, 8658848, 8658848
131, 9204896, 9204896
112, 9321184, 9204896
113, 9386912, 9204896
116, 42534048, 9204896
123, 42695840, 9204896
131, 75539616, 75539616
173, 75701408, 75701408
450, 109354144, 109354144
999999, 49228, 1
118, 8658849, 8658849
130, 9204897, 9204897
112, 9386913, 9204897
115, 42534049, 9204897
122, 42695841, 9204897
130, 75539617, 75539617
172, 75701409, 75701409
450, 109354145, 109354145
999999, 49295, 189
117, 8659038, 8659038
129, 9205086, 9205086
114, 42534238, 9205086
121, 42696030, 9205086
129, 75539806, 75539806
171, 75701598, 75701598
450, 109354334, 109354334
999999, 49332, 1
116, 8659039, 8659039
128, 9205087, 9205087
113, 42534239, 9205087
120, 42696031, 9205087
128, 75539807, 75539807
170, 75701599, 75701599
450, 109354335, 109354335
999999, 49332, 61
115, 8659100, 8659100
127, 75539868, 75539868
170, 75701660, 75701660
450, 109354396, 109354396
999999, 49319, 1
114, 8659101, 8659101
126, 75539869, 75539869
169, 75701661, 75701661
450, 109354397, 109354397
999999, 49623, 249
450, 109354646, 109354646
999999, 49386, 1
450, 109354647, 109354647
999999, 49386, 99
113, 9387514, 9387514
119, 42696442, 42696442
171, 75702010, 75702010
450, 109354746, 109354746
999999, 49544, 1
112, 9387515, 9387515
118, 42696443, 42696443
171, 75702011, 75702011
450, 109354747, 109354747
999999, 49544, 211
132, 9205710, 9205710
450, 109354958, 109354958
999999, 49430, 1
131, 9205711, 9205711
450, 109354959, 109354959
999999, 49430, 55
115, 8659718, 8659718
173, 75702278, 75702278
450, 109355014, 109355014
999999, 49628, 297
450, 109355311, 109355311
999999, 49332, 55
450, 109355366, 109355366
999999, 49338, 240
116, 8660310, 8660310
132, 9206358, 9206358
129, 75541078, 9206358
450, 109355606, 109355606
112, 109542678, 109355606
999999, 49288, 1
116, 8660311, 8660311
132, 9206359, 9206359
129, 75541079, 9206359
450, 109355607, 109355607
112, 109542679, 109355607
999999, 49288, 102
450, 109355709, 109355709
999999, 49241, 253
115, 8660666, 8660666
176, 75703226, 75703226
450, 109355962, 109355962
999999, 48989, 1
114, 8660667, 8660667
176, 75703227, 75703227
450, 109355963, 109355963
999999, 49309, 319
113, 8660986, 8660986
175, 75703546, 75703546
450, 109356282, 109356282
999999, 49236, 10
174, 75703556, 75703556
450, 109356292, 109356292
999999, 49227, 1
174, 75703557, 75703557
450, 109356293, 109356293
999999, 49299, 254
450, 109356547, 109356547
999999, 49046, 61
113, 9323648, 9323648
450, 109356608, 109356608
999999, 49276, 1
113, 9323649, 9323649
450, 109356609, 109356609
999999, 49276, 281
129, 75542362, 75542362
450, 109356890, 109356890
999999, 49316, 50
450, 109356940, 109356940
999999, 49267, 1
450, 109356941, 109356941
999999, 49279, 301
178, 75704506, 75704506
112, 76270778, 75704506
450, 109357242, 109357242
999999, 48979, 1
999999, 49227, 43
450, 109357286, 109357286
999999, 49185, 1
450, 109357287, 109357287
999999, 49249, 278
999999, 48972, 47
138, 9208364, 9208364
129, 75543084, 9208364
450, 109357612, 109357612
999999, 49232, 1
138, 9208365, 9208365
128, 75543085, 9208365
450, 109357613, 109357613
999999, 49232, 219
450, 109357832, 109357832
999999, 49018, 1
450, 109357833, 109357833
999999, 49018, 95
112, 9324968, 9324968
450, 109357928, 109357928
999999, 49226, 1
450, 109357929, 109357929
999999, 49226, 275
450, 109358204, 109358204
999999, 48998, 1
450, 109358205, 109358205
999999, 48998, 47
141, 9209004, 9209004
127, 75543724, 9209004
450, 109358252, 109358252
999999, 49186, 1
140, 9209005, 9209005
126, 75543725, 9209005
450, 109358253, 109358253
999999, 49186, 309
114, 8663266, 8663266
185, 75705826, 75705826
450, 109358562, 109358562
999999, 48984, 320
113, 8663586, 8663586
184, 75706146, 75706146
450, 109358882, 109358882
999999, 48916, 258
141, 9209892, 9209892
125, 75544612, 9209892
450, 109359140, 109359140
999999, 48672, 1
141, 9209893, 9209893
124, 75544613, 9209893
450, 109359141, 109359141
999999, 48672, 249
112, 8664094, 8664094
140, 9210142, 9210142
117, 42539294, 9210142
141, 42701086, 42701086
123, 75544862, 42701086
185, 75706654, 75706654
114, 76272926, 75706654
117, 76353822, 75706654
450, 109359390, 109359390
999999, 48728, 60
139, 9210202, 9210202
122, 75544922, 9210202
450, 109359450, 109359450
999999, 48669, 1
138, 9210203, 9210203
121, 75544923, 9210203
450, 109359451, 109359451
999999, 48685, 244
143, 42701391, 42701391
450, 109359695, 109359695
999999, 48442, 69
113, 76273300, 76273300
450, 109359764, 109359764
999999, 48636, 1
112, 76273301, 76273301
450, 109359765, 109359765
999999, 48731, 249
143, 42701710, 42701710
450, 109360014, 109360014
999999, 48711, 110
450, 109360124, 109360124
999999, 48682, 1
450, 109360125, 109360125
999999, 48682, 214
137, 9211091, 9211091
120, 75545811, 9211091
450, 109360339, 109360339
999999, 48730, 87
450, 109360426, 109360426
999999, 48710, 1
450, 109360427, 109360427
999999, 48921, 290
450, 109360717, 109360717
999999, 48725, 253
450, 109360970, 109360970
999999, 48473, 106
450, 109361076, 109361076
999999, 48624, 1
450, 109361077, 109361077
999999, 48683, 215
123, 75546764, 75546764
450, 109361292, 109361292
999999, 48469, 1
123, 75546765, 75546765
450, 109361293, 109361293
999999, 48657, 67
123, 75546832, 75546832
450, 109361360, 109361360
999999, 48591, 1
122, 75546833, 75546833
450, 109361361, 109361361
999999, 48645, 243
195, 75708868, 75708868
113, 76189188, 75708868
450, 109361604, 109361604
999999, 48698, 1
195, 75708869, 75708869
112, 76189189, 75708869
450, 109361605, 109361605
999999, 48759, 338
112, 8666647, 8666647
450, 109361943, 109361943
999999, 48422, 96
112, 8666743, 8666743
450, 109362039, 109362039
999999, 48639, 226
112, 8666969, 8666969
112, 41970841, 41970841
450, 109362265, 109362265
999999, 48414, 77
112, 8667046, 8667046
450, 109362342, 109362342
999999, 48562, 1
112, 8667047, 8667047
450, 109362343, 109362343
999999, 48562, 276
197, 75709883, 75709883
450, 109362619, 109362619
999999, 48333, 49
145, 9213420, 9213420
122, 75548140, 9213420
450, 109362668, 109362668
999999, 48285, 1
144, 9213421, 9213421
121, 75548141, 9213421
450, 109362669, 109362669
999999, 48607, 213
113, 42097858, 42097858
120, 75548354, 75548354
112, 75619138, 75548354
450, 109362882, 109362882
999999, 48692, 110
112, 42623792, 42623792
161, 42704688, 42704688
119, 75548464, 42704688
450, 109362992, 109362992
116, 109408496, 109362992
999999, 48583, 1
999999, 48593, 254
145, 9213999, 9213999
450, 109363247, 109363247
999999, 48340, 329
145, 9214328, 9214328
199, 75710840, 75710840
450, 109363576, 109363576
999999, 48323, 1
144, 9214329, 9214329
198, 75710841, 75710841
450, 109363577, 109363577
999999, 48335, 41
113, 8668322, 8668322
143, 9214370, 9214370
121, 42543522, 9214370
197, 75710882, 75710882
115, 76277154, 75710882
450, 109363618, 109363618
999999, 48592, 1
112, 8668323, 8668323
142, 9214371, 9214371
120, 42543523, 9214371
196, 75710883, 75710883
114, 76277155, 75710883
450, 109363619, 109363619
999999, 48592, 225
142, 9214596, 9214596
196, 75711108, 75711108
139, 76358276, 75711108
450, 109363844, 109363844
114, 109409348, 109363844
999999, 48416, 94
142, 9214690, 9214690
119, 42543842, 9214690
196, 75711202, 75711202
115, 76277474, 75711202
450, 109363938, 109363938
113, 109409442, 109363938
999999, 48323, 1
999999, 48556, 222
141, 9214913, 9214913
450, 109364161, 109364161
999999, 48389, 95
112, 8446496, 8446496
140, 9215008, 9215008
113, 9295904, 9215008
118, 42099232, 9215008
117, 42544160, 9215008
164, 42705952, 42705952
117, 75549728, 42705952
195, 75711520, 75711520
113, 76277792, 75711520
138, 76358688, 75711520
450, 109364256, 109364256
132, 110011424, 109364256
999999, 48295, 1
139, 9215009, 9215009
112, 9295905, 9215009
117, 42099233, 9215009
116, 42544161, 9215009
163, 42705953, 42705953
116, 75549729, 42705953
194, 75711521, 75711521
112, 76277793, 75711521
137, 76358689, 75711521
450, 109364257, 109364257
131, 110011425, 109364257
999999, 48555, 190
138, 9215199, 9215199
116, 42099423, 9215199
115, 42544351, 9215199
162, 42706143, 42706143
115, 75549919, 42706143
193, 75711711, 75711711
136, 76358879, 75711711
450, 109364447, 109364447
130, 110011615, 109364447
999999, 48366, 61
137, 9215260, 9215260
116, 42099484, 9215260
114, 42544412, 9215260
193, 75711772, 75711772
450, 109364508, 109364508
999999, 48398, 1
136, 9215261, 9215261
116, 42099485, 9215261
113, 42544413, 9215261
193, 75711773, 75711773
450, 109364509, 109364509
999999, 48398, 254
135, 9215515, 9215515
112, 9296411, 9215515
115, 42099739, 9215515
114, 75550235, 9215515
450, 109364763, 109364763
999999, 48417, 91
134, 9215606, 9215606
450, 109364854, 109364854
999999, 48327, 320
133, 9215926, 9215926
450, 109365174, 109365174
999999, 48052, 1
999999, 48052, 225
450, 109365400, 109365400
999999, 48090, 1
450, 109365401, 109365401
999999, 48090, 55
450, 109365456, 109365456
999999, 48084, 1
450, 109365457, 109365457
999999, 48349, 265
116, 9297370, 9297370
121, 42100698, 42100698
450, 109365722, 109365722
999999, 48085, 44
121, 42100742, 42100742
194, 75713030, 75713030
450, 109365766, 109365766
999999, 48102, 1
121, 42100743, 42100743
193, 75713031, 75713031
450, 109365767, 109365767
999999, 48102, 304
112, 42545975, 42545975
450, 109366071, 109366071
999999, 48026, 13
192, 75713348, 75713348
135, 76360516, 75713348
450, 109366084, 109366084
999999, 48100, 1
191, 75713349, 75713349
134, 76360517, 75713349
450, 109366085, 109366085
999999, 48100, 261
120, 42101322, 42101322
450, 109366346, 109366346
999999, 48062, 1
119, 42101323, 42101323
450, 109366347, 109366347
999999, 48062, 106
118, 42101429, 42101429
450, 109366453, 109366453
999999, 48307, 253
131, 9217458, 9217458
112, 75622962, 9217458
450, 109366706, 109366706
999999, 48055, 63
118, 42101745, 42101745
112, 75623025, 42101745
450, 109366769, 109366769
999999, 48047, 235
192, 75714268, 75714268
450, 109367004, 109367004
999999, 47813, 1
191, 75714269, 75714269
450, 109367005, 109367005
999999, 48062, 45
450, 109367050, 109367050
999999, 48260, 1
450, 109367051, 109367051
999999, 48333, 251
191, 75714566, 75714566
450, 109367302, 109367302
999999, 48083, 1
190, 75714567, 75714567
450, 109367303, 109367303
999999, 48375, 319
190, 75714886, 75714886
450, 109367622, 109367622
999999, 48079, 114
189, 75715000, 75715000
450, 109367736, 109367736
999999, 48254, 1
188, 75715001, 75715001
450, 109367737, 109367737
999999, 48254, 215
450, 109367952, 109367952
999999, 48098, 1
450, 109367953, 109367953
999999, 48098, 95
118, 9299696, 9299696
450, 109368048, 109368048
999999, 48236, 1
117, 9299697, 9299697
450, 109368049, 109368049
999999, 48329, 225
138, 9219026, 9219026
121, 75553746, 9219026
450, 109368274, 109368274
999999, 48105, 1
137, 9219027, 9219027
120, 75553747, 9219027
450, 109368275, 109368275
999999, 48319, 89
136, 9219116, 9219116
119, 75553836, 9219116
115, 75624620, 9219116
450, 109368364, 109368364
999999, 48332, 1
135, 9219117, 9219117
118, 75553837, 9219117
114, 75624621, 9219117
450, 109368365, 109368365
999999, 48332, 249
450, 109368614, 109368614
999999, 48300, 1
450, 109368615, 109368615
999999, 48390, 285
114, 8451140, 8451140
134, 9219652, 9219652
119, 42103876, 9219652
189, 75716164, 75716164
136, 76363332, 75716164
450, 109368900, 109368900
999999, 48372, 1
113, 8451141, 8451141
133, 9219653, 9219653
118, 42103877, 9219653
188, 75716165, 75716165
135, 76363333, 75716165
450, 109368901, 109368901
999999, 48372, 99
113, 8451240, 8451240
132, 9219752, 9219752
118, 75554472, 9219752
450, 109369000, 109369000
999999, 48320, 216
113, 8451456, 8451456
131, 9219968, 9219968
117, 42104192, 9219968
450, 109369216, 109369216
999999, 48105, 1
113, 8451457, 8451457
131, 9219969, 9219969
117, 42104193, 9219969
450, 109369217, 109369217
999999, 48345, 95
113, 8451552, 8451552
113, 8674016, 8674016
131, 9220064, 9220064
118, 9300960, 9220064
117, 42104288, 9220064
163, 42711008, 42711008
118, 75554784, 42711008
117, 75625568, 42711008
187, 75716576, 75716576
134, 76363744, 75716576
450, 109369312, 109369312
147, 110016480, 109369312
999999, 48251, 1
112, 8451553, 8451553
112, 8674017, 8674017
130, 9220065, 9220065
117, 9300961, 9220065
116, 42104289, 9220065
162, 42711009, 42711009
117, 75554785, 42711009
116, 75625569, 42711009
186, 75716577, 75716577
133, 76363745, 75716577
450, 109369313, 109369313
146, 110016481, 109369313
999999, 48299, 189
129, 9220254, 9220254
116, 9301150, 9220254
115, 42104478, 9220254
161, 42711198, 42711198
116, 75554974, 42711198
115, 75625758, 42711198
185, 75716766, 75716766
132, 76363934, 75716766
450, 109369502, 109369502
145, 110016670, 109369502
999999, 48111, 1
129, 9220255, 9220255
115, 9301151, 9220255
114, 42104479, 9220255
161, 42711199, 42711199
115, 75554975, 42711199
114, 75625759, 42711199
184, 75716767, 75716767
131, 76363935, 75716767
450, 109369503, 109369503
145, 110016671, 109369503
999999, 48363, 59
113, 75625818, 75625818
450, 109369562, 109369562
999999, 48305, 1
112, 75625819, 75625819
450, 109369563, 109369563
999999, 48401, 257
183, 75717084, 75717084
450, 109369820, 109369820
999999, 48145, 43
183, 75717127, 75717127
450, 109369863, 109369863
999999, 48334, 278
182, 75717405, 75717405
450, 109370141, 109370141
999999, 48137, 81
450, 109370222, 109370222
999999, 48057, 1
450, 109370223, 109370223
999999, 48277, 227
131, 9221202, 9221202
116, 9302098, 9221202
114, 75555922, 9221202
450, 109370450, 109370450
999999, 48051, 62
450, 109370512, 109370512
999999, 48322, 1
450, 109370513, 109370513
999999, 48322, 261
450, 109370774, 109370774
999999, 48156, 1
450, 109370775, 109370775
999999, 48156, 62
450, 109370837, 109370837
999999, 48338, 293
183, 75718394, 75718394
130, 76365562, 75718394
450, 109371130, 109371130
999999, 48110, 1
182, 75718395, 75718395
129, 76365563, 75718395
450, 109371131, 109371131
999999, 48364, 49
999999, 48381, 1
129, 9221933, 9221933
117, 9302829, 9221933
113, 75556653, 9221933
450, 109371181, 109371181
999999, 48629, 271
116, 9303100, 9303100
113, 75556924, 9303100
450, 109371452, 109371452
148, 110018620, 109371452
999999, 48359, 1
116, 9303101, 9303101
113, 75556925, 9303101
450, 109371453, 109371453
148, 110018621, 109371453
999999, 48609, 303
130, 9222508, 9222508
115, 9303404, 9222508
112, 75557228, 9222508
450, 109371756, 109371756
999999, 48367, 1
130, 9222509, 9222509
114, 9303405, 9222509
450, 109371757, 109371757
999999, 48658, 53
113, 9303458, 9303458
112, 42551714, 9303458
182, 75719074, 75719074
450, 109371810, 109371810
999999, 48616, 1
112, 9303459, 9303459
181, 75719075, 75719075
450, 109371811, 109371811
999999, 48616, 243
131, 9222806, 9222806
117, 42107030, 9222806
450, 109372054, 109372054
999999, 48633, 1
130, 9222807, 9222807
116, 42107031, 9222807
450, 109372055, 109372055
999999, 48735, 61
115, 42107092, 42107092
164, 42713812, 42713812
131, 76366548, 42713812
450, 109372116, 109372116
999999, 48675, 1
114, 42107093, 42107093
163, 42713813, 42713813
130, 76366549, 42713813
450, 109372117, 109372117
999999, 48885, 289
450, 109372406, 109372406
999999, 48597, 1
450, 109372407, 109372407
999999, 48693, 52
162, 42714155, 42714155
129, 76366891, 42714155
450, 109372459, 109372459
999999, 48642, 320
220, 109372778, 109372778
999999, 48555, 215
450, 109372994, 109372994
151, 110020162, 109372994
999999, 48341, 1
450, 109372995, 109372995
150, 110020163, 109372995
999999, 48401, 109
127, 76367536, 76367536
450, 109373104, 109373104
999999, 48293, 1
126, 76367537, 76367537
450, 109373105, 109373105
999999, 48547, 265
185, 75720634, 75720634
125, 76367802, 75720634
450, 109373370, 109373370
999999, 48283, 63
185, 75720697, 75720697
450, 109373433, 109373433
999999, 48305, 244
999999, 48062, 19
450, 109373696, 109373696
999999, 48310, 309
450, 109374005, 109374005
999999, 48002, 12
450, 109374017, 109374017
999999, 48041, 304
124, 76368753, 76368753
450, 109374321, 109374321
999999, 47738, 47
128, 9225120, 9225120
114, 42109344, 9225120
113, 42675616, 9225120
161, 42716064, 42716064
187, 75721632, 75721632
123, 76368800, 75721632
450, 109374368, 109374368
149, 110021536, 109374368
999999, 47955, 1
127, 9225121, 9225121
114, 42109345, 9225121
113, 42675617, 9225121
160, 42716065, 42716065
186, 75721633, 75721633
122, 76368801, 75721633
450, 109374369, 109374369
149, 110021537, 109374369
999999, 47967, 190
126, 9225311, 9225311
114, 42109535, 9225311
113, 42675807, 9225311
159, 42716255, 42716255
185, 75721823, 75721823
121, 76368991, 75721823
450, 109374559, 109374559
149, 110021727, 109374559
999999, 47778, 96
113, 42109631, 42109631
450, 109374655, 109374655
999999, 47965, 221
112, 42676124, 42676124
184, 75722140, 75722140
450, 109374876, 109374876
999999, 47745, 1
184, 75722141, 75722141
450, 109374877, 109374877
999999, 47799, 89
450, 109374966, 109374966
999999, 47711, 1
450, 109374967, 109374967
999999, 47991, 227
114, 42110170, 42110170
450, 109375194, 109375194
999999, 47798, 1
114, 42110171, 42110171
450, 109375195, 109375195
999999, 47798, 43
184, 75722502, 75722502
450, 109375238, 109375238
999999, 48000, 304
450, 109375542, 109375542
999999, 47804, 1
450, 109375543, 109375543
999999, 47804, 59
450, 109375602, 109375602
999999, 47954, 1
450, 109375603, 109375603
999999, 47954, 234
185, 75723101, 75723101
450, 109375837, 109375837
999999, 47815, 54
125, 9226643, 9226643
450, 109375891, 109375891
999999, 47762, 243
112, 42677382, 42677382
185, 75723398, 75723398
450, 109376134, 109376134
999999, 47796, 1
185, 75723399, 75723399
450, 109376135, 109376135
999999, 47796, 101
124, 9226988, 9226988
450, 109376236, 109376236
999999, 47960, 1
123, 9226989, 9226989
450, 109376237, 109376237
999999, 48059, 217
185, 75723718, 75723718
450, 109376454, 109376454
999999, 48096, 115
216, 109376568, 109376568
999999, 47982, 207
450, 109376776, 109376776
999999, 47840, 96
122, 9227624, 9227624
450, 109376872, 109376872
999999, 47745, 1
121, 9227625, 9227625
450, 109376873, 109376873
999999, 47959, 229
120, 76371534, 76371534
450, 109377102, 109377102
999999, 47731, 1
120, 76371535, 76371535
450, 109377103, 109377103
999999, 47826, 351
450, 109377454, 109377454
999999, 47664, 75
185, 75724793, 75724793
450, 109377529, 109377529
999999, 47652, 205
112, 8459974, 8459974
184, 75724998, 75724998
450, 109377734, 109377734
999999, 47701, 1
183, 75724999, 75724999
450, 109377735, 109377735
999999, 47749, 107
450, 109377842, 109377842
999999, 47643, 1
450, 109377843, 109377843
999999, 47908, 257
450, 109378100, 109378100
999999, 47738, 1
450, 109378101, 109378101
999999, 47738, 47
450, 109378148, 109378148
999999, 47958, 238
122, 9229138, 9229138
450, 109378386, 109378386
999999, 47768, 306
185, 75725956, 75725956
120, 76373124, 75725956
450, 109378692, 109378692
999999, 47463, 1
184, 75725957, 75725957
119, 76373125, 75725957
450, 109378693, 109378693
999999, 47701, 99
115, 42639592, 42639592
450, 109378792, 109378792
999999, 47652, 1
114, 42639593, 42639593
450, 109378793, 109378793
999999, 47913, 219
183, 75726276, 75726276
118, 76373444, 75726276
450, 109379012, 109379012
999999, 47695, 1
182, 75726277, 75726277
117, 76373445, 75726277
450, 109379013, 109379013
999999, 48020, 99
113, 42639912, 42639912
450, 109379112, 109379112
999999, 47998, 264
117, 42114352, 42114352
112, 42640176, 42114352
119, 42680624, 42680624
116, 76373808, 42680624
450, 109379376, 109379376
999999, 47735, 1
116, 42114353, 42114353
118, 42680625, 42680625
115, 76373809, 42680625
450, 109379377, 109379377
999999, 47955, 48
999999, 47908, 189
121, 9230366, 9230366
114, 42114590, 9230366
116, 42680862, 9230366
164, 42721310, 42721310
182, 75726878, 75726878
113, 76374046, 75726878
450, 109379614, 109379614
152, 110026782, 109379614
999999, 47778, 62
163, 42721372, 42721372
181, 75726940, 75726940
112, 76374108, 75726940
450, 109379676, 109379676
999999, 47717, 1
162, 42721373, 42721373
180, 75726941, 75726941
450, 109379677, 109379677
999999, 48033, 249
161, 42721622, 42721622
450, 109379926, 109379926
999999, 47785, 66
161, 42721688, 42721688
179, 75727256, 75727256
450, 109379992, 109379992
999999, 47732, 1
161, 42721689, 42721689
178, 75727257, 75727257
450, 109379993, 109379993
999999, 47732, 253
113, 42115222, 42115222
160, 42721942, 42721942
450, 109380246, 109380246
999999, 47742, 1
112, 42115223, 42115223
159, 42721943, 42721943
450, 109380247, 109380247
999999, 47823, 88
158, 42722031, 42722031
450, 109380335, 109380335
999999, 47973, 227
157, 42722258, 42722258
450, 109380562, 109380562
999999, 47833, 1
156, 42722259, 42722259
450, 109380563, 109380563
999999, 48089, 97
155, 42722356, 42722356
450, 109380660, 109380660
999999, 47993, 218
123, 9231630, 9231630
154, 42722574, 42722574
450, 109380878, 109380878
999999, 47834, 1
122, 9231631, 9231631
153, 42722575, 42722575
450, 109380879, 109380879
999999, 47834, 55
152, 42722630, 42722630
180, 75728198, 75728198
450, 109380934, 109380934
999999, 48005, 1
999999, 48108, 270
122, 9231957, 9231957
150, 42722901, 42722901
450, 109381205, 109381205
999999, 48081, 85
121, 9232042, 9232042
149, 42722986, 42722986
450, 109381290, 109381290
999999, 48022, 1
120, 9232043, 9232043
148, 42722987, 42722987
450, 109381291, 109381291
999999, 48316, 274
119, 42682813, 42682813
147, 42723261, 42723261
179, 75728829, 75728829
450, 109381565, 109381565
999999, 48116, 45
121, 9232362, 9232362
146, 42723306, 42723306
450, 109381610, 109381610
999999, 48313, 1
999999, 48373, 252
121, 9232615, 9232615
146, 42723559, 42723559
180, 75729127, 75729127
450, 109381863, 109381863
999999, 48122, 26
121, 42683137, 42683137
146, 42723585, 42723585
180, 75729153, 75729153
450, 109381889, 109381889
999999, 48286, 269
122, 9232910, 9232910
117, 42117134, 9232910
113, 42642958, 9232910
145, 42723854, 42723854
450, 109382158, 109382158
999999, 48078, 1
122, 9232911, 9232911
117, 42117135, 9232911
112, 42642959, 9232911
144, 42723855, 42723855
450, 109382159, 109382159
999999, 48078, 59
143, 42723914, 42723914
450, 109382218, 109382218
999999, 48269, 1
142, 42723915, 42723915
450, 109382219, 109382219
999999, 48319, 300
121, 9233271, 9233271
141, 42724215, 42724215
450, 109382519, 109382519
160, 110029687, 109382519
999999, 48020, 17
120, 9233288, 9233288
140, 42724232, 42724232
450, 109382536, 109382536
159, 110029704, 109382536
999999, 48276, 1
119, 9233289, 9233289
139, 42724233, 42724233
450, 109382537, 109382537
158, 110029705, 109382537
999999, 48276, 271
118, 9233560, 9233560
138, 42724504, 42724504
179, 75730072, 75730072
450, 109382808, 109382808
999999, 48095, 1
117, 9233561, 9233561
137, 42724505, 42724505
178, 75730073, 75730073
450, 109382809, 109382809
999999, 48320, 89
136, 42724594, 42724594
450, 109382898, 109382898
158, 110030066, 109382898
999999, 48286, 214
116, 9233864, 9233864
135, 42724808, 42724808
450, 109383112, 109383112
157, 110030280, 109383112
999999, 48339, 1
115, 9233865, 9233865
134, 42724809, 42724809
450, 109383113, 109383113
156, 110030281, 109383113
999999, 48386, 95
113, 42644008, 42644008
122, 42684456, 42684456
133, 42724904, 42724904
450, 109383208, 109383208
999999, 48596, 1
112, 42644009, 42644009
121, 42684457, 42684457
132, 42724905, 42724905
450, 109383209, 109383209
999999, 48596, 269
115, 9234230, 9234230
131, 42725174, 42725174
450, 109383478, 109383478
155, 110030646, 109383478
999999, 48374, 60
116, 42118514, 42118514
130, 42725234, 42725234
450, 109383538, 109383538
154, 110030706, 109383538
999999, 48315, 1
115, 42118515, 42118515
129, 42725235, 42725235
450, 109383539, 109383539
154, 110030707, 109383539
999999, 48531, 207
128, 42725442, 42725442
177, 75731010, 75731010
113, 76211330, 75731010
450, 109383746, 109383746
999999, 48325, 1
127, 42725443, 42725443
176, 75731011, 75731011
112, 76211331, 75731011
450, 109383747, 109383747
999999, 48389, 101
113, 42644648, 42644648
126, 42725544, 42725544
450, 109383848, 109383848
999999, 48289, 220
112, 42644868, 42644868
125, 42725764, 42725764
175, 75731332, 75731332
450, 109384068, 109384068
999999, 48368, 1
124, 42725765, 42725765
174, 75731333, 75731333
450, 109384069, 109384069
999999, 48368, 99
123, 42725864, 42725864
450, 109384168, 109384168
999999, 48314, 1
122, 42725865, 42725865
450, 109384169, 109384169
999999, 48314, 263
115, 9235184, 9235184
121, 42726128, 42726128
450, 109384432, 109384432
999999, 48300, 1
114, 9235185, 9235185
120, 42726129, 42726129
450, 109384433, 109384433
999999, 48300, 47
113, 8466720, 8466720
114, 9235232, 9235232
114, 42119456, 42119456
120, 42685728, 42685728
119, 42726176, 42685728
173, 75731744, 75731744
117, 76459808, 75731744
450, 109384480, 109384480
154, 110031648, 109384480
999999, 48300, 1
112, 8466721, 8466721
114, 9235233, 9235233
113, 42119457, 9235233
119, 42685729, 42685729
118, 42726177, 42685729
172, 75731745, 75731745
116, 76459809, 75731745
450, 109384481, 109384481
153, 110031649, 109384481
999999, 48300, 189
113, 9235422, 9235422
112, 42119646, 9235422
118, 42685918, 42685918
117, 42726366, 42685918
171, 75731934, 75731934
116, 76459998, 75731934
450, 109384670, 109384670
153, 110031838, 109384670
999999, 48379, 56
117, 42685974, 42685974
116, 42726422, 42685974
116, 76460054, 42685974
450, 109384726, 109384726
999999, 48630, 260
116, 42686234, 42686234
115, 42726682, 42686234
170, 75732250, 75732250
450, 109384986, 109384986
152, 110032154, 109384986
999999, 48371, 1
236, 26547513, 26547513
999999, 48423, 92
114, 42686327, 42686327
113, 42726775, 42686327
450, 109385079, 109385079
150, 110032247, 109385079
999999, 48332, 230
112, 42727005, 42727005
169, 75732573, 75732573
450, 109385309, 109385309
999999, 48359, 81
450, 109385390, 109385390
999999, 48279, 269
169, 75732923, 75732923
116, 76460987, 75732923
450, 109385659, 109385659
999999, 48110, 48
450, 109385707, 109385707
999999, 48288, 228
114, 9236687, 9236687
450, 109385935, 109385935
999999, 48121, 107
113, 42687290, 42687290
168, 75733306, 75733306
450, 109386042, 109386042
999999, 48015, 1
112, 42687291, 42687291
167, 75733307, 75733307
450, 109386043, 109386043
999999, 48312, 257
166, 75733564, 75733564
450, 109386300, 109386300
999999, 48069, 1
165, 75733565, 75733565
450, 109386301, 109386301
999999, 48387, 54
450, 109386355, 109386355
152, 110033523, 109386355
999999, 48334, 251
450, 109386606, 109386606
999999, 48338, 1
450, 109386607, 109386607
999999, 48338, 34
450, 109386641, 109386641
999999, 48399, 284
450, 109386925, 109386925
999999, 48116, 301
167, 75734490, 75734490
112, 76169306, 75734490
450, 109387226, 109387226
156, 110034394, 109387226
999999, 48004, 1
999999, 48004, 48
999999, 48051, 257
119, 9157388, 9157388
120, 76462860, 76462860
450, 109387532, 109387532
157, 110034700, 109387532
999999, 47795, 109
166, 75734905, 75734905
450, 109387641, 109387641
999999, 47955, 257
118, 42689146, 42689146
165, 75735162, 75735162
450, 109387898, 109387898
999999, 47968, 1
117, 42689147, 42689147
164, 75735163, 75735163
450, 109387899, 109387899
999999, 47968, 9
115, 9248772, 9248772
116, 42689156, 42689156
163, 75735172, 75735172
450, 109387908, 109387908
999999, 48056, 1
114, 9248773, 9248773
115, 42689157, 42689157
162, 75735173, 75735173
450, 109387909, 109387909
999999, 48056, 253
114, 42689410, 42689410
162, 75735426, 75735426
113, 76170242, 75735426
450, 109388162, 109388162
156, 110035330, 109388162
999999, 48056, 62
113, 42689472, 42689472
161, 75735488, 75735488
112, 76170304, 75735488
450, 109388224, 109388224
156, 110035392, 109388224
999999, 48056, 1
112, 42689473, 42689473
160, 75735489, 75735489
450, 109388225, 109388225
155, 110035393, 109388225
999999, 48283, 279
117, 8470744, 8470744
159, 75735768, 75735768
121, 76463832, 75735768
450, 109388504, 109388504
999999, 48005, 1
117, 8470745, 8470745
158, 75735769, 75735769
121, 76463833, 75735769
450, 109388505, 109388505
999999, 48049, 91
450, 109388596, 109388596
999999, 48306, 254
120, 9158706, 9158706
120, 76464178, 76464178
450, 109388850, 109388850
156, 110036018, 109388850
999999, 48053, 1
119, 9158707, 9158707
119, 76464179, 76464179
450, 109388851, 109388851
155, 110036019, 109388851
999999, 48315, 13
116, 8471104, 8471104
118, 9158720, 9158720
157, 75736128, 75736128
450, 109388864, 109388864
154, 110036032, 109388864
999999, 48303, 1
115, 8471105, 8471105
117, 9158721, 9158721
156, 75736129, 75736129
450, 109388865, 109388865
153, 110036033, 109388865
999999, 48336, 355
116, 9159076, 9159076
155, 75736484, 75736484
118, 76464548, 75736484
450, 109389220, 109389220
999999, 48270, 1
115, 9159077, 9159077
155, 75736485, 75736485
118, 76464549, 75736485
450, 109389221, 109389221
999999, 48331, 259
114, 8471720, 8471720
114, 9159336, 9159336
450, 109389480, 109389480
999999, 48342, 1
113, 8471721, 8471721
113, 9159337, 9159337
450, 109389481, 109389481
999999, 48342, 245
112, 8471966, 8471966
112, 9159582, 9159582
123, 9240478, 9240478
115, 9250590, 9240478
155, 75736990, 75736990
117, 76465054, 75736990
450, 109389726, 109389726
154, 110036894, 109389726
999999, 48119, 1
122, 9240479, 9240479
114, 9250591, 9240479
154, 75736991, 75736991
116, 76465055, 75736991
450, 109389727, 109389727
153, 110036895, 109389727
999999, 48414, 55
450, 109389782, 109389782
999999, 48379, 248
113, 9250894, 9250894
115, 76465358, 76465358
450, 109390030, 109390030
152, 110037198, 109390030
999999, 48382, 1
112, 9250895, 9250895
114, 76465359, 76465359
450, 109390031, 109390031
151, 110037199, 109390031
999999, 48382, 69
121, 9240852, 9240852
450, 109390100, 109390100
999999, 48368, 1
120, 9240853, 9240853
450, 109390101, 109390101
999999, 48368, 249
113, 76465678, 76465678
450, 109390350, 109390350
150, 110037518, 109390350
999999, 48409, 1
112, 76465679, 76465679
450, 109390351, 109390351
149, 110037519, 109390351
999999, 48469, 107
155, 75737722, 75737722
450, 109390458, 109390458
999999, 48363, 1
154, 75737723, 75737723
450, 109390459, 109390459
999999, 48593, 203
153, 75737926, 75737926
450, 109390662, 109390662
999999, 48391, 1
153, 75737927, 75737927
450, 109390663, 109390663
999999, 48446, 59
119, 9241474, 9241474
152, 75737986, 75737986
450, 109390722, 109390722
148, 110037890, 109390722
999999, 48683, 1
118, 9241475, 9241475
151, 75737987, 75737987
450, 109390723, 109390723
147, 110037891, 109390723
999999, 48735, 275
198, 47262860, 47262860
193, 114568332, 47262860
999999, 48461, 48
999999, 48686, 310
116, 9242108, 9242108
149, 75738620, 75738620
450, 109391356, 109391356
146, 110038524, 109391356
999999, 48377, 1
115, 9242109, 9242109
148, 75738621, 75738621
450, 109391357, 109391357
145, 110038525, 109391357
999999, 48421, 45
114, 9242154, 9242154
450, 109391402, 109391402
999999, 48377, 1
113, 9242155, 9242155
450, 109391403, 109391403
999999, 48633, 225
114, 9161484, 9161484
113, 76466956, 9161484
450, 109391628, 109391628
144, 110038796, 109391628
999999, 48409, 1
114, 9161485, 9161485
113, 76466957, 9161485
450, 109391629, 109391629
144, 110038797, 109391629
999999, 48467, 53
114, 9242434, 9242434
149, 75738946, 75738946
450, 109391682, 109391682
144, 110038850, 109391682
999999, 48415, 258
149, 75739204, 75739204
450, 109391940, 109391940
999999, 48346, 338
115, 9243030, 9243030
112, 76310870, 9243030
450, 109392278, 109392278
999999, 48009, 96
450, 109392374, 109392374
999999, 47972, 248
113, 42127598, 42127598
450, 109392622, 109392622
145, 110039790, 109392622
999999, 47976, 1
113, 42127599, 42127599
450, 109392623, 109392623
144, 110039791, 109392623
999999, 48063, 33
113, 42127632, 42127632
450, 109392656, 109392656
143, 110039824, 109392656
999999, 48031, 1
112, 42127633, 42127633
450, 109392657, 109392657
142, 110039825, 109392657
999999, 48261, 297
149, 75740218, 75740218
450, 109392954, 109392954
999999, 47965, 1
148, 75740219, 75740219
450, 109392955, 109392955
999999, 48017, 13
450, 109392968, 109392968
999999, 48005, 1
450, 109392969, 109392969
999999, 48265, 345
118, 9163170, 9163170
148, 75740578, 75740578
450, 109393314, 109393314
141, 110040482, 109393314
999999, 48008, 1
117, 9163171, 9163171
147, 75740579, 75740579
450, 109393315, 109393315
141, 110040483, 109393315
999999, 48284, 231
114, 9244298, 9244298
450, 109393546, 109393546
999999, 48114, 56
113, 9244354, 9244354
115, 9254466, 9254466
147, 75740866, 75740866
450, 109393602, 109393602
140, 110040770, 109393602
999999, 48313, 1
112, 9244355, 9244355
114, 9254467, 9254467
147, 75740867, 75740867
450, 109393603, 109393603
139, 110040771, 109393603
999999, 48321, 297
117, 9163756, 9163756
113, 9254764, 9163756
124, 75579372, 75579372
450, 109393900, 109393900
138, 110041068, 109393900
999999, 48322, 1
116, 9163757, 9163757
112, 9254765, 9163757
124, 75579373, 75579373
450, 109393901, 109393901
137, 110041069, 109393901
999999, 48322, 67
450, 109393968, 109393968
136, 110041136, 109393968
999999, 48274, 216
115, 76312776, 76312776
450, 109394184, 109394184
999999, 48059, 1
114, 76312777, 76312777
450, 109394185, 109394185
999999, 48349, 407
115, 9164448, 9164448
127, 75580064, 75580064
146, 75741856, 75741856
113, 76313184, 75741856
115, 76469920, 75741856
450, 109394592, 109394592
135, 110041760, 109394592
999999, 47943, 1
114, 9164449, 9164449
127, 75580065, 75580065
146, 75741857, 75741857
112, 76313185, 75741857
114, 76469921, 75741857
450, 109394593, 109394593
134, 110041761, 109394593
999999, 48015, 189
113, 9164638, 9164638
127, 75580254, 75580254
146, 75742046, 75742046
113, 76470110, 75742046
450, 109394782, 109394782
133, 110041950, 109394782
999999, 47827, 1
112, 9164639, 9164639
127, 75580255, 75580255
145, 75742047, 75742047
112, 76470111, 75742047
450, 109394783, 109394783
132, 110041951, 109394783
999999, 48056, 59
127, 75580314, 75580314
145, 75742106, 75742106
450, 109394842, 109394842
999999, 48059, 1
233, 26557369, 26557369
999999, 48317, 257
143, 75742364, 75742364
450, 109395100, 109395100
131, 110042268, 109395100
999999, 48138, 82
450, 109395182, 109395182
130, 110042350, 109395182
999999, 48057, 1
450, 109395183, 109395183
129, 110042351, 109395183
999999, 48283, 231
450, 109395414, 109395414
999999, 48053, 1
450, 109395415, 109395415
999999, 48411, 100
142, 75742779, 75742779
450, 109395515, 109395515
999999, 48325, 251
450, 109395766, 109395766
999999, 48075, 293
141, 75743323, 75743323
450, 109396059, 109396059
999999, 48049, 49
450, 109396108, 109396108
999999, 48001, 1
450, 109396109, 109396109
999999, 48059, 289
450, 109396398, 109396398
999999, 47771, 1
450, 109396399, 109396399
999999, 48055, 69
450, 109396468, 109396468
999999, 48324, 1
450, 109396469, 109396469
999999, 48332, 249
450, 109396718, 109396718
999999, 48387, 1
450, 109396719, 109396719
999999, 48433, 33
450, 109396752, 109396752
999999, 48401, 1
450, 109396753, 109396753
999999, 48589, 295
145, 75744312, 75744312
450, 109397048, 109397048
999999, 48295, 1
144, 75744313, 75744313
450, 109397049, 109397049
999999, 48356, 56
450, 109397105, 109397105
999999, 48553, 269
999999, 48328, 1
129, 75582847, 75582847
143, 75744639, 75744639
450, 109397375, 109397375
134, 110044543, 109397375
999999, 48328, 19
450, 109397394, 109397394
999999, 48620, 1
450, 109397395, 109397395
999999, 48620, 292
112, 8540599, 8540599
128, 75583159, 75583159
450, 109397687, 109397687
999999, 48336, 271
144, 75745222, 75745222
450, 109397958, 109397958
999999, 48339, 1
143, 75745223, 75745223
450, 109397959, 109397959
999999, 48385, 74
113, 9258897, 9258897
450, 109398033, 109398033
999999, 48312, 290
450, 109398323, 109398323
999999, 48295, 61
999999, 48235, 232
144, 75745880, 75745880
450, 109398616, 109398616
999999, 48046, 1
117, 37562947, 37562947
999999, 48046, 47
450, 109398664, 109398664
999999, 48294, 1
450, 109398665, 109398665
999999, 48294, 304
999999, 48011, 44
127, 42457573, 42457573
143, 75746277, 75746277
450, 109399013, 109399013
999999, 47968, 261
126, 42457834, 42457834
450, 109399274, 109399274
999999, 48016, 1
999999, 48016, 57
999999, 47968, 268
450, 109399600, 109399600
999999, 47701, 1
450, 109399601, 109399601
999999, 47953, 47
113, 8481888, 8481888
119, 8542560, 8542560
116, 9260512, 8542560
113, 42266080, 8542560
123, 42458208, 42458208
131, 75585120, 75585120
146, 75746912, 75746912
450, 109399648, 109399648
139, 110046816, 109399648
999999, 47969, 1
112, 8481889, 8481889
118, 8542561, 8542561
115, 9260513, 8542561
113, 42266081, 8542561
122, 42458209, 42458209
130, 75585121, 75585121
145, 75746913, 75746913
450, 109399649, 109399649
138, 110046817, 109399649
999999, 48252, 189
117, 8542750, 8542750
114, 9260702, 8542750
112, 42266270, 8542750
121, 42458398, 42458398
129, 75585310, 75585310
145, 75747102, 75747102
450, 109399838, 109399838
138, 110047006, 109399838
999999, 48156, 48
113, 9260750, 9260750
450, 109399886, 109399886
999999, 48324, 584
128, 75585942, 75585942
450, 109400470, 109400470
999999, 47741, 1
127, 75585943, 75585943
450, 109400471, 109400471
999999, 47789, 88
112, 9261423, 9261423
450, 109400559, 109400559
999999, 47702, 229
450, 109400788, 109400788
999999, 47742, 1
450, 109400789, 109400789
999999, 47742, 45
116, 8543746, 8543746
120, 42459394, 42459394
146, 75748098, 75748098
450, 109400834, 109400834
139, 110048002, 109400834
999999, 47786, 280
145, 75748378, 75748378
450, 109401114, 109401114
999999, 47507, 1
144, 75748379, 75748379
450, 109401115, 109401115
999999, 47725, 55
450, 109401170, 109401170
999999, 47766, 296
143, 75748730, 75748730
450, 109401466, 109401466
999999, 47696, 10
142, 75748740, 75748740
450, 109401476, 109401476
999999, 47687, 299
450, 109401775, 109401775
999999, 47492, 317
450, 109402092, 109402092
999999, 47433, 1
450, 109402093, 109402093
999999, 47755, 56
115, 8545061, 8545061
113, 9263013, 8545061
141, 75749413, 75749413
450, 109402149, 109402149
999999, 47700, 247
140, 75749660, 75749660
450, 109402396, 109402396
138, 110049564, 109402396
999999, 47494, 1
139, 75749661, 75749661
450, 109402397, 109402397
137, 110049565, 109402397
999999, 47494, 95
999999, 47660, 1
118, 42461053, 42461053
137, 75749757, 75749757
450, 109402493, 109402493
135, 110049661, 109402493
999999, 47660, 213
450, 109402706, 109402706
999999, 47502, 1
450, 109402707, 109402707
999999, 47502, 89
450, 109402796, 109402796
999999, 47602, 1
450, 109402797, 109402797
999999, 47602, 265
115, 42269494, 42269494
113, 42754870, 42269494
450, 109403062, 109403062
999999, 47384, 1
999999, 47651, 51
450, 109403114, 109403114
999999, 47659, 1
450, 109403115, 109403115
999999, 47919, 257
114, 8617068, 8617068
450, 109403372, 109403372
999999, 47663, 68
125, 42462000, 42462000
450, 109403440, 109403440
999999, 47686, 226
118, 8546578, 8546578
450, 109403666, 109403666
999999, 47461, 1
117, 8546579, 8546579
450, 109403667, 109403667
999999, 47673, 48
116, 8546627, 8546627
113, 8617411, 8546627
143, 75750979, 75750979
450, 109403715, 109403715
138, 110050883, 109403715
999999, 47626, 305
450, 109404020, 109404020
999999, 47381, 12
115, 8546944, 8546944
113, 8617728, 8546944
119, 9264896, 9264896
142, 75751296, 75751296
450, 109404032, 109404032
137, 110051200, 109404032
999999, 47704, 1
114, 8546945, 8546945
112, 8617729, 8546945
118, 9264897, 9264897
141, 75751297, 75751297
450, 109404033, 109404033
136, 110051201, 109404033
999999, 47704, 257
118, 9265154, 9265154
113, 42270722, 9265154
140, 75751554, 75751554
450, 109404290, 109404290
135, 110051458, 109404290
999999, 47684, 1
118, 9265155, 9265155
112, 42270723, 9265155
139, 75751555, 75751555
450, 109404291, 109404291
134, 110051459, 109404291
999999, 47684, 97
137, 75589860, 75589860
138, 75751652, 75751652
450, 109404388, 109404388
999999, 47694, 1
136, 75589861, 75589861
137, 75751653, 75751653
450, 109404389, 109404389
999999, 47694, 253
117, 9265506, 9265506
112, 42756450, 9265506
137, 75751906, 75751906
450, 109404642, 109404642
134, 110051810, 109404642
999999, 47704, 1
116, 9265507, 9265507
137, 75751907, 75751907
450, 109404643, 109404643
134, 110051811, 109404643
999999, 47704, 61
113, 8547616, 8547616
115, 9265568, 9265568
124, 42463264, 42463264
135, 75590176, 75590176
136, 75751968, 75751968
450, 109404704, 109404704
133, 110051872, 109404704
999999, 47693, 190
113, 8547806, 8547806
114, 9265758, 9265758
123, 42463454, 42463454
134, 75590366, 75590366
135, 75752158, 75752158
450, 109404894, 109404894
132, 110052062, 109404894
999999, 47764, 1
113, 8547807, 8547807
113, 9265759, 9265759
122, 42463455, 42463455
133, 75590367, 75590367
134, 75752159, 75752159
450, 109404895, 109404895
131, 110052063, 109404895
999999, 47764, 55
112, 8547862, 8547862
450, 109404950, 109404950
130, 110052118, 109404950
999999, 47723, 1
450, 109404951, 109404951
129, 110052119, 109404951
999999, 47992, 321
121, 42463832, 42463832
134, 75752536, 75752536
450, 109405272, 109405272
999999, 47766, 246
450, 109405518, 109405518
999999, 47521, 1
450, 109405519, 109405519
999999, 47739, 73
120, 42464152, 42464152
133, 75752856, 75752856
450, 109405592, 109405592
999999, 47667, 1
119, 42464153, 42464153
132, 75752857, 75752857
450, 109405593, 109405593
999999, 47775, 291
112, 9266748, 9266748
131, 75753148, 75753148
450, 109405884, 109405884
128, 110053052, 109405884
999999, 47804, 1
130, 75753149, 75753149
450, 109405885, 109405885
127, 110053053, 109405885
999999, 47804, 321
132, 75591678, 75591678
129, 75753470, 75591678
450, 109406206, 109406206
126, 110053374, 109406206
999999, 47732, 1
131, 75591679, 75591679
128, 75753471, 75591679
450, 109406207, 109406207
125, 110053375, 109406207
999999, 47732, 13
450, 109406220, 109406220
999999, 47733, 1
450, 109406221, 109406221
999999, 48011, 249
128, 75753734, 75753734
450, 109406470, 109406470
999999, 47763, 1
127, 75753735, 75753735
450, 109406471, 109406471
999999, 47810, 65
450, 109406536, 109406536
124, 110053704, 109406536
999999, 48036, 1
450, 109406537, 109406537
123, 110053705, 109406537
999999, 48089, 307
126, 75754108, 75754108
450, 109406844, 109406844
122, 110054012, 109406844
999999, 47783, 1
125, 75754109, 75754109
450, 109406845, 109406845
121, 110054013, 109406845
999999, 48055, 5
124, 75754114, 75754114
450, 109406850, 109406850
120, 110054018, 109406850
999999, 48051, 1
123, 75754115, 75754115
450, 109406851, 109406851
119, 110054019, 109406851
999999, 48095, 303
450, 109407154, 109407154
999999, 47793, 1
450, 109407155, 109407155
999999, 48061, 47
112, 42759010, 42759010
122, 75754466, 75754466
450, 109407202, 109407202
118, 110054370, 109407202
999999, 48015, 1
112, 42759011, 42759011
122, 75754467, 75754467
450, 109407203, 109407203
117, 110054371, 109407203
999999, 48062, 235
112, 42759246, 42759246
450, 109407438, 109407438
999999, 48016, 1
450, 109407439, 109407439
999999, 48077, 107
122, 75754810, 75754810
450, 109407546, 109407546
999999, 47971, 252
450, 109407798, 109407798
116, 110054966, 109407798
999999, 47960, 14
122, 9268676, 9268676
122, 75755076, 75755076
450, 109407812, 109407812
999999, 48278, 1
121, 9268677, 9268677
122, 75755077, 75755077
450, 109407813, 109407813
999999, 48278, 305
120, 9268982, 9268982
450, 109408118, 109408118
115, 110055286, 109408118
999999, 48064, 1
119, 9268983, 9268983
450, 109408119, 109408119
114, 110055287, 109408119
999999, 48064, 17
450, 109408136, 109408136
113, 110055304, 109408136
999999, 48273, 1
450, 109408137, 109408137
112, 110055305, 109408137
999999, 48327, 263
450, 109408400, 109408400
999999, 48065, 96
117, 8551408, 8551408
450, 109408496, 109408496
999999, 48270, 229
116, 8551637, 8551637
117, 8622421, 8622421
450, 109408725, 109408725
999999, 48042, 81
115, 8551718, 8551718
123, 75756070, 75756070
450, 109408806, 109408806
999999, 47980, 1
114, 8551719, 8551719
122, 75756071, 75756071
450, 109408807, 109408807
999999, 48228, 262
113, 8551981, 8551981
118, 9269933, 9269933
450, 109409069, 109409069
999999, 48063, 67
112, 8552048, 8552048
450, 109409136, 109409136
999999, 47997, 212
133, 75594820, 75594820
121, 75756612, 75594820
450, 109409348, 109409348
999999, 48006, 94
116, 8623138, 8623138
119, 9270306, 9270306
120, 75756706, 75756706
450, 109409442, 109409442
999999, 47913, 1
115, 8623139, 8623139
118, 9270307, 9270307
119, 75756707, 75756707
450, 109409443, 109409443
999999, 47967, 257
132, 75595172, 75595172
118, 75756964, 75595172
450, 109409700, 109409700
999999, 48002, 60
114, 8623456, 8623456
117, 9270624, 9270624
129, 42468320, 42468320
131, 75595232, 75595232
117, 75757024, 75595232
450, 109409760, 109409760
999999, 47943, 1
113, 8623457, 8623457
116, 9270625, 9270625
128, 42468321, 42468321
130, 75595233, 75595233
116, 75757025, 75595233
450, 109409761, 109409761
999999, 48001, 189
112, 8623646, 8623646
115, 9270814, 9270814
127, 42468510, 42468510
129, 75595422, 75595422
115, 75757214, 75595422
450, 109409950, 109409950
999999, 47813, 1
112, 8623647, 8623647
114, 9270815, 9270815
126, 42468511, 42468511
128, 75595423, 75595423
115, 75757215, 75595423
450, 109409951, 109409951
999999, 48095, 55
450, 109410006, 109410006
999999, 48052, 296
113, 9271166, 9271166
127, 75595774, 75595774
115, 75757566, 75595774
450, 109410302, 109410302
999999, 48060, 62
115, 75757628, 75757628
450, 109410364, 109410364
999999, 47999, 1
114, 75757629, 75757629
450, 109410365, 109410365
999999, 48005, 313
450, 109410678, 109410678
999999, 47693, 1
999999, 47957, 225
113, 75758168, 75758168
450, 109410904, 109410904
999999, 47733, 1
112, 75758169, 75758169
450, 109410905, 109410905
999999, 47800, 47
450, 109410952, 109410952
999999, 48048, 1
450, 109410953, 109410953
999999, 48048, 323
450, 109411276, 109411276
999999, 47772, 298
450, 109411574, 109411574
999999, 47711, 1
450, 109411575, 109411575
999999, 47757, 11
112, 75758850, 75758850
450, 109411586, 109411586
999999, 48096, 1
450, 109411587, 109411587
999999, 48096, 312
450, 109411899, 109411899
999999, 48049, 13
450, 109411912, 109411912
999999, 48037, 298
450, 109412210, 109412210
999999, 47792, 1
450, 109412211, 109412211
999999, 47792, 49
113, 42233188, 42233188
450, 109412260, 109412260
999999, 47964, 1
112, 42233189, 42233189
450, 109412261, 109412261
999999, 47964, 234
450, 109412495, 109412495
999999, 47825, 55
450, 109412550, 109412550
999999, 47960, 1
450, 109412551, 109412551
999999, 48015, 261
450, 109412812, 109412812
999999, 47755, 1
450, 109412813, 109412813
999999, 48057, 93
450, 109412906, 109412906
999999, 47965, 1
450, 109412907, 109412907
999999, 48239, 273
999999, 47967, 1
450, 109413181, 109413181
999999, 48064, 45
121, 9274090, 9274090
114, 42208874, 9274090
450, 109413226, 109413226
999999, 48224, 1
120, 9274091, 9274091
113, 42208875, 9274091
450, 109413227, 109413227
999999, 48224, 263
450, 109413490, 109413490
999999, 48022, 1
450, 109413491, 109413491
999999, 48022, 49
112, 42209188, 42209188
113, 42234468, 42234468
450, 109413540, 109413540
999999, 48283, 266
117, 8627502, 8627502
119, 9274670, 9274670
450, 109413806, 109413806
999999, 48078, 1
116, 8627503, 8627503
118, 9274671, 9274671
450, 109413807, 109413807
999999, 48078, 61
117, 9274732, 9274732
450, 109413868, 109413868
999999, 48224, 1
116, 9274733, 9274733
450, 109413869, 109413869
999999, 48224, 228
115, 8627793, 8627793
115, 9274961, 9274961
450, 109414097, 109414097
999999, 48097, 87
129, 42472744, 42472744
137, 75599656, 75599656
112, 76241768, 75599656
450, 109414184, 109414184
999999, 48011, 1
999999, 48225, 223
135, 75599880, 75599880
450, 109414408, 109414408
999999, 48003, 1
135, 75599881, 75599881
450, 109414409, 109414409
999999, 48105, 351
112, 42235688, 42235688
450, 109414760, 109414760
999999, 47755, 1
450, 109414761, 109414761
999999, 47975, 55
115, 8628512, 8628512
114, 9275680, 8628512
114, 42068896, 8628512
130, 42473376, 42473376
136, 75600288, 75600288
119, 76045216, 75600288
112, 76242400, 75600288
450, 109414816, 109414816
999999, 48004, 1
114, 8628513, 8628513
113, 9275681, 8628513
114, 42068897, 42068897
130, 42473377, 42473377
136, 75600289, 75600289
118, 76045217, 75600289
450, 109414817, 109414817
999999, 48004, 250
249, 26577593, 26577593
999999, 47995, 243
114, 8629006, 8629006
112, 9276174, 8629006
112, 42069390, 8629006
450, 109415310, 109415310
999999, 47753, 74
450, 109415384, 109415384
999999, 47774, 1
450, 109415385, 109415385
999999, 47774, 293
115, 8629374, 8629374
450, 109415678, 109415678
999999, 47706, 23
114, 8629397, 8629397
116, 76046101, 76046101
450, 109415701, 109415701
999999, 47986, 289
999999, 47770, 1
136, 75601463, 75601463
114, 76046391, 75601463
112, 76243575, 75601463
450, 109415991, 109415991
999999, 47770, 59
450, 109416050, 109416050
999999, 47989, 1
450, 109416051, 109416051
999999, 48047, 233
450, 109416284, 109416284
999999, 48060, 94
450, 109416378, 109416378
999999, 48022, 1
450, 109416379, 109416379
999999, 48022, 215
450, 109416594, 109416594
999999, 48098, 102
999999, 47997, 1
112, 76047097, 76047097
450, 109416697, 109416697
999999, 48279, 217
450, 109416914, 109416914
999999, 48063, 91
450, 109417005, 109417005
999999, 48053, 267
134, 42475832, 42475832
450, 109417272, 109417272
999999, 48048, 1
133, 42475833, 42475833
450, 109417273, 109417273
999999, 48048, 47
113, 8560232, 8560232
133, 42475880, 42475880
136, 75602792, 75602792
112, 76047720, 75602792
113, 76244904, 75602792
450, 109417320, 109417320
999999, 48056, 1
113, 8560233, 8560233
133, 42475881, 42475881
136, 75602793, 75602793
112, 76047721, 75602793
113, 76244905, 75602793
450, 109417321, 109417321
999999, 48056, 241
113, 76245146, 76245146
450, 109417562, 109417562
999999, 48005, 1
112, 76245147, 76245147
450, 109417563, 109417563
999999, 48063, 49
450, 109417612, 109417612
999999, 48015, 1
450, 109417613, 109417613
999999, 48265, 253
113, 8560778, 8560778
450, 109417866, 109417866
999999, 48013, 1
112, 8560779, 8560779
450, 109417867, 109417867
999999, 48063, 97
450, 109417964, 109417964
999999, 47967, 1
450, 109417965, 109417965
999999, 48239, 232
113, 42072277, 42072277
116, 76048597, 76048597
450, 109418197, 109418197
999999, 48008, 81
119, 8631974, 8631974
115, 76048678, 8631974
450, 109418278, 109418278
999999, 48008, 1
118, 8631975, 8631975
114, 76048679, 8631975
450, 109418279, 109418279
999999, 48008, 221
450, 109418500, 109418500
999999, 48002, 1
450, 109418501, 109418501
999999, 48002, 333
450, 109418834, 109418834
999999, 47764, 1
450, 109418835, 109418835
999999, 48004, 95
220, 109418931, 109418931
999999, 47996, 1
120, 9279795, 9279795
112, 76246515, 9279795
450, 109418931, 109418931
999999, 47996, 244
450, 109419175, 109419175
999999, 47973, 65
112, 42073320, 42073320
134, 42477800, 42477800
116, 76049640, 42477800
450, 109419240, 109419240
999999, 48002, 255
450, 109419495, 109419495
999999, 47748, 66
112, 8592809, 8592809
134, 42478121, 42478121
115, 76049961, 42478121
113, 76247145, 42478121
450, 109419561, 109419561
999999, 47902, 249
119, 9280674, 9280674
139, 75605282, 75605282
114, 76050210, 75605282
450, 109419810, 109419810
999999, 47766, 1
118, 9280675, 9280675
138, 75605283, 75605283
113, 76050211, 75605283
450, 109419811, 109419811
999999, 47766, 251
112, 8593310, 8593310
123, 8633758, 8633758
117, 9280926, 8633758
133, 42478622, 42478622
137, 75605534, 75605534
112, 76050462, 75605534
112, 76247646, 75605534
113, 109298718, 75605534
450, 109420062, 109420062
115, 109925662, 109420062
999999, 47759, 61
450, 109420123, 109420123
114, 109925723, 109420123
999999, 47757, 292
124, 8634111, 8634111
116, 9281279, 8634111
450, 109420415, 109420415
113, 109926015, 109420415
999999, 47466, 11
123, 8634122, 8634122
136, 75605898, 75605898
450, 109420426, 109420426
999999, 47693, 1
122, 8634123, 8634123
135, 75605899, 75605899
450, 109420427, 109420427
999999, 47787, 260
121, 8634383, 8634383
115, 9281551, 8634383
132, 42479247, 42479247
113, 76248271, 42479247
450, 109420687, 109420687
999999, 47528, 103
113, 42241718, 42241718
131, 42479350, 42479350
134, 75606262, 75606262
112, 76248374, 75606262
450, 109420790, 109420790
999999, 47687, 1
112, 42241719, 42241719
130, 42479351, 42479351
133, 75606263, 75606263
450, 109420791, 109420791
999999, 48005, 211
129, 42479562, 42479562
450, 109421002, 109421002
999999, 47795, 1
128, 42479563, 42479563
450, 109421003, 109421003
999999, 47800, 97
114, 109299756, 109299756
450, 109421100, 109421100
999999, 48006, 1
113, 109299757, 109299757
450, 109421101, 109421101
999999, 48006, 233
120, 8635030, 8635030
114, 9282198, 8635030
132, 75606806, 75606806
112, 109299990, 75606806
450, 109421334, 109421334
999999, 47820, 1
119, 8635031, 8635031
113, 9282199, 8635031
131, 75606807, 75606807
450, 109421335, 109421335
999999, 47820, 61
113, 9282260, 9282260
450, 109421396, 109421396
999999, 48026, 1
999999, 48047, 255
127, 42480212, 42480212
450, 109421652, 109421652
999999, 47793, 1
999999, 48046, 85
118, 8635434, 8635434
125, 42480298, 42480298
450, 109421738, 109421738
999999, 48280, 1
117, 8635435, 8635435
124, 42480299, 42480299
450, 109421739, 109421739
999999, 48280, 267
130, 75607478, 75607478
450, 109422006, 109422006
116, 109927606, 109422006
999999, 48114, 1
129, 75607479, 75607479
450, 109422007, 109422007
115, 109927607, 109422007
999999, 48378, 51
124, 42480618, 42480618
450, 109422058, 109422058
999999, 48375, 1
124, 42480619, 42480619
450, 109422059, 109422059
999999, 48563, 264
116, 8595571, 8595571
116, 42243251, 42243251
450, 109422323, 109422323
999999, 48300, 13
114, 42217984, 42217984
131, 75607808, 75607808
112, 109300992, 75607808
450, 109422336, 109422336
999999, 48335, 1
113, 42217985, 42217985
130, 75607809, 75607809
112, 109300993, 75607809
450, 109422337, 109422337
999999, 48603, 283
116, 8793052, 8793052
112, 42218268, 8793052
450, 109422620, 109422620
117, 109928220, 109422620
999999, 48321, 1
115, 8793053, 8793053
450, 109422621, 109422621
116, 109928221, 109422621
999999, 48409, 55
450, 109422676, 109422676
999999, 48355, 1
450, 109422677, 109422677
999999, 48583, 281
116, 76053358, 76053358
450, 109422958, 109422958
116, 109766766, 109422958
999999, 48303, 34
116, 8793424, 8793424
115, 76053392, 8793424
450, 109422992, 109422992
115, 109766800, 109422992
999999, 48314, 1
115, 8793425, 8793425
114, 76053393, 8793425
450, 109422993, 109422993
114, 109766801, 109422993
999999, 48314, 245
117, 42244166, 42244166
450, 109423238, 109423238
999999, 48382, 108
121, 8637042, 8637042
450, 109423346, 109423346
999999, 48275, 1
120, 8637043, 8637043
450, 109423347, 109423347
999999, 48539, 209
114, 8793988, 8793988
450, 109423556, 109423556
999999, 48331, 1
113, 8793989, 8793989
450, 109423557, 109423557
999999, 48391, 95
112, 8794084, 8794084
450, 109423652, 109423652
999999, 48297, 1
450, 109423653, 109423653
999999, 48597, 277
999999, 48342, 1
114, 76246459, 76246459
450, 109423931, 109423931
999999, 48342, 265
113, 76246724, 76246724
450, 109424196, 109424196
999999, 48376, 100
119, 8597544, 8597544
116, 42245224, 8597544
130, 42482856, 42482856
450, 109424296, 109424296
999999, 48277, 254
115, 42245478, 42245478
130, 42483110, 42483110
450, 109424550, 109424550
999999, 48030, 1
114, 42245479, 42245479
130, 42483111, 42483111
450, 109424551, 109424551
999999, 48030, 65
118, 8597864, 8597864
130, 42483176, 42483176
113, 76247144, 42483176
450, 109424616, 109424616
999999, 48321, 1
117, 8597865, 8597865
130, 42483177, 42483177
112, 76247145, 42483177
450, 109424617, 109424617
999999, 48558, 215
119, 8638528, 8638528
127, 9285696, 9285696
113, 42245760, 9285696
129, 42483392, 42483392
131, 75610304, 75610304
450, 109424832, 109424832
999999, 48438, 1
118, 8638529, 8638529
127, 9285697, 9285697
112, 42245761, 9285697
128, 42483393, 42483393
130, 75610305, 75610305
450, 109424833, 109424833
999999, 48438, 96
118, 8598177, 8598177
112, 8628513, 8598177
117, 8638625, 8598177
126, 9285793, 9285793
115, 42079009, 9285793
127, 42483489, 42483489
129, 75610401, 75610401
113, 76055329, 75610401
116, 109303585, 75610401
450, 109424929, 109424929
114, 109768737, 109424929
120, 109930529, 109424929
999999, 48604, 189
117, 8598366, 8598366
112, 8628702, 8598366
116, 8638814, 8598366
125, 9285982, 9285982
114, 42079198, 9285982
126, 42483678, 42483678
128, 75610590, 75610590
112, 76055518, 75610590
115, 109303774, 75610590
450, 109425118, 109425118
113, 109768926, 109425118
119, 109930718, 109425118
999999, 48420, 63
116, 8598429, 8598429
113, 42079261, 8598429
450, 109425181, 109425181
118, 109930781, 109425181
999999, 48665, 254
124, 9286299, 9286299
114, 109304091, 9286299
450, 109425435, 109425435
999999, 48412, 49
123, 9286348, 9286348
450, 109425484, 109425484
999999, 48680, 1
122, 9286349, 9286349
450, 109425485, 109425485
999999, 48680, 266
115, 8639447, 8639447
121, 9286615, 9286615
125, 42484311, 42484311
127, 75611223, 75611223
450, 109425751, 109425751
999999, 48460, 87
114, 8639534, 8639534
121, 9286702, 9286702
450, 109425838, 109425838
112, 109769646, 109425838
999999, 48612, 1
113, 8639535, 8639535
121, 9286703, 9286703
450, 109425839, 109425839
999999, 48612, 267
116, 8599354, 8599354
113, 42080186, 8599354
450, 109426106, 109426106
999999, 48393, 48
450, 109426154, 109426154
999999, 48654, 1
450, 109426155, 109426155
999999, 48654, 239
115, 8599642, 8599642
113, 109305050, 8599642
450, 109426394, 109426394
999999, 48459, 50
450, 109426444, 109426444
999999, 48636, 262
121, 9287570, 9287570
127, 42485266, 42485266
450, 109426706, 109426706
118, 109932306, 109426706
999999, 48375, 1
120, 9287571, 9287571
127, 42485267, 42485267
450, 109426707, 109426707
117, 109932307, 109426707
999999, 48465, 326
114, 8640729, 8640729
119, 9287897, 9287897
127, 42485593, 42485593
129, 75612505, 75612505
450, 109427033, 109427033
116, 109932633, 109427033
999999, 48140, 77
113, 8640806, 8640806
118, 9287974, 9287974
126, 42485670, 42485670
128, 75612582, 75612582
450, 109427110, 109427110
115, 109932710, 109427110
999999, 48330, 1
112, 8640807, 8640807
117, 9287975, 9287975
125, 42485671, 42485671
127, 75612583, 75612583
450, 109427111, 109427111
114, 109932711, 109427111
999999, 48330, 221
113, 9197188, 9197188
450, 109427332, 109427332
114, 109932932, 109427332
999999, 48157, 1
113, 9197189, 9197189
450, 109427333, 109427333
114, 109932933, 109427333
999999, 48345, 59
112, 8570304, 8570304
122, 8630976, 8630976
122, 42081472, 42081472
113, 42223040, 42081472
450, 109427392, 109427392
999999, 48287, 1
122, 8630977, 8630977
121, 42081473, 8630977
113, 42223041, 8630977
450, 109427393, 109427393
999999, 48333, 317
122, 8631294, 8631294
121, 42081790, 8631294
450, 109427710, 109427710
114, 109933310, 109427710
999999, 48286, 1
122, 8631295, 8631295
121, 42081791, 8631295
450, 109427711, 109427711
113, 109933311, 109427711
999999, 48286, 13
129, 75613196, 75613196
450, 109427724, 109427724
999999, 48366, 1
128, 75613197, 75613197
450, 109427725, 109427725
999999, 48366, 263
115, 8641684, 8641684
450, 109427988, 109427988
999999, 48418, 82
114, 8641766, 8641766
124, 9288934, 9288934
127, 75613542, 75613542
112, 75674214, 75613542
450, 109428070, 109428070
112, 109771878, 109428070
112, 109933670, 109428070
999999, 48337, 238
121, 8601556, 8601556
123, 9289172, 9289172
450, 109428308, 109428308
999999, 48346, 87
450, 109428395, 109428395
999999, 48556, 257
127, 42487212, 42487212
450, 109428652, 109428652
999999, 48386, 1
126, 42487213, 42487213
450, 109428653, 109428653
999999, 48607, 59
125, 42487272, 42487272
450, 109428712, 109428712
999999, 48549, 1
124, 42487273, 42487273
450, 109428713, 109428713
999999, 48655, 226
132, 8632523, 8632523
450, 109428939, 109428939
999999, 48430, 104
450, 109429043, 109429043
999999, 48537, 243
120, 8602534, 8602534
116, 8642982, 8602534
122, 9290150, 9290150
119, 109307942, 9290150
450, 109429286, 109429286
999999, 48295, 26
114, 42224960, 42224960
129, 75614784, 75614784
112, 75675456, 75614784
118, 109307968, 75614784
450, 109429312, 109429312
999999, 48370, 295
999999, 48076, 74
135, 8633265, 8633265
121, 9290545, 8633265
116, 109308337, 8633265
450, 109429681, 109429681
999999, 48223, 242
114, 8800355, 8800355
128, 9199779, 9199779
121, 9290787, 9199779
120, 42084003, 9199779
450, 109429923, 109429923
999999, 48030, 61
113, 8502112, 8502112
119, 8603232, 8603232
134, 8633568, 8633568
115, 8643680, 8633568
113, 8800416, 8633568
127, 9199840, 8633568
121, 9290848, 8633568
120, 42084064, 8633568
114, 42225632, 8633568
123, 42488544, 8633568
129, 75615456, 8633568
117, 109308640, 8633568
450, 109429984, 109429984
117, 109773792, 109429984
112, 109935584, 109429984
999999, 48250, 1
112, 8502113, 8502113
118, 8603233, 8603233
133, 8633569, 8633569
114, 8643681, 8633569
112, 8800417, 8633569
126, 9199841, 8633569
121, 9290849, 8633569
120, 42084065, 8633569
113, 42225633, 8633569
122, 42488545, 8633569
129, 75615457, 8633569
117, 109308641, 8633569
450, 109429985, 109429985
117, 109773793, 109429985
999999, 48250, 190
117, 8603423, 8603423
132, 8633759, 8633759
113, 8643871, 8633759
125, 9200031, 8633759
121, 9291039, 8633759
119, 42084255, 8633759
112, 42225823, 8633759
121, 42488735, 8633759
128, 75615647, 8633759
116, 109308831, 8633759
450, 109430175, 109430175
116, 109773983, 109430175
999999, 48103, 61
124, 9200092, 9200092
121, 9291100, 9200092
118, 42084316, 9200092
450, 109430236, 109430236
115, 109774044, 109430236
999999, 48043, 1
123, 9200093, 9200093
120, 9291101, 9200093
118, 42084317, 9200093
450, 109430237, 109430237
114, 109774045, 109430237
999999, 48302, 250
117, 42084567, 42084567
112, 42226135, 42084567
120, 42489047, 42489047
127, 75615959, 75615959
450, 109430487, 109430487
999999, 48109, 51
131, 8634122, 8634122
122, 9200394, 8634122
115, 109309194, 8634122
450, 109430538, 109430538
999999, 48059, 1
130, 8634123, 8634123
121, 9200395, 8634123
114, 109309195, 8634123
450, 109430539, 109430539
999999, 48356, 273
116, 8604060, 8604060
112, 8644508, 8604060
120, 9200668, 9200668
114, 109309468, 9200668
450, 109430812, 109430812
999999, 48144, 1
224, 3295239, 3295239
137, 104253447, 3295239
999999, 48144, 90
118, 9200759, 9200759
126, 75616375, 75616375
113, 109309559, 75616375
450, 109430903, 109430903
999999, 48307, 226
450, 109431129, 109431129
999999, 48082, 55
114, 8604432, 8604432
119, 9292048, 9292048
450, 109431184, 109431184
999999, 48088, 267
112, 8473243, 8473243
118, 9292315, 9292315
450, 109431451, 109431451
999999, 47822, 48
117, 9201355, 9201355
117, 9292363, 9292363
450, 109431499, 109431499
999999, 48049, 305
115, 9343228, 9343228
450, 109431804, 109431804
999999, 47745, 1
114, 9343229, 9343229
450, 109431805, 109431805
999999, 47799, 47
999999, 47753, 1
116, 109310509, 109310509
450, 109431853, 109431853
999999, 48011, 217
112, 8574982, 8574982
116, 42086150, 42086150
450, 109432070, 109432070
117, 109775878, 109432070
999999, 47795, 1
115, 42086151, 42086151
450, 109432071, 109432071
117, 109775879, 109432071
999999, 47801, 65
116, 9201992, 9201992
125, 75617608, 75617608
450, 109432136, 109432136
999999, 47737, 1
116, 9201993, 9201993
124, 75617609, 75617609
450, 109432137, 109432137
999999, 48042, 299
116, 9202292, 9202292
116, 9343860, 9343860
450, 109432436, 109432436
999999, 47796, 1
116, 9202293, 9202293
115, 9343861, 9202293
450, 109432437, 109432437
999999, 47796, 45
115, 9202338, 9202338
115, 42086562, 42086562
122, 42491042, 42491042
113, 42915746, 42491042
450, 109432482, 109432482
999999, 47966, 1
114, 9202339, 9202339
115, 42086563, 42086563
122, 42491043, 42491043
112, 42915747, 42491043
450, 109432483, 109432483
999999, 47966, 249
114, 9202588, 9202588
115, 42086812, 42086812
122, 42491292, 42491292
450, 109432732, 109432732
118, 109776540, 109432732
114, 109938332, 109432732
999999, 47813, 1
114, 9202589, 9202589
115, 42086813, 42086813
122, 42491293, 42491293
450, 109432733, 109432733
118, 109776541, 109432733
114, 109938333, 109432733
999999, 48001, 47
113, 9202636, 9202636
450, 109432780, 109432780
114, 109938380, 109432780
999999, 48050, 1
113, 9202637, 9202637
450, 109432781, 109432781
114, 109938381, 109432781
999999, 48257, 268
113, 42916313, 42916313
450, 109433049, 109433049
114, 109938649, 109433049
999999, 47990, 307
112, 42916620, 42916620
450, 109433356, 109433356
119, 109777164, 109433356
999999, 47757, 1
450, 109433357, 109433357
118, 109777165, 109433357
999999, 48001, 53
115, 9203266, 9203266
450, 109433410, 109433410
999999, 47949, 1
114, 9203267, 9203267
450, 109433411, 109433411
999999, 48017, 257
134, 8475460, 8475460
116, 42128196, 8475460
450, 109433668, 109433668
117, 109777476, 109433668
999999, 47761, 1
134, 8475461, 8475461
115, 42128197, 8475461
450, 109433669, 109433669
116, 109777477, 109433669
999999, 48005, 100
113, 9203625, 9203625
124, 42492329, 42492329
125, 75619241, 75619241
450, 109433769, 109433769
115, 109777577, 109433769
999999, 47906, 226
112, 9203851, 9203851
450, 109433995, 109433995
999999, 47771, 61
123, 42492616, 42492616
124, 75619528, 75619528
450, 109434056, 109434056
999999, 47950, 1
122, 42492617, 42492617
123, 75619529, 75619529
450, 109434057, 109434057
999999, 47950, 298
999999, 47969, 14
139, 8476161, 8476161
114, 8577281, 8476161
118, 8607617, 8476161
117, 8648065, 8476161
115, 9204225, 8476161
128, 9295233, 8476161
122, 75619841, 8476161
122, 109313025, 8476161
450, 109434369, 109434369
113, 109778177, 109434369
999999, 48041, 319
139, 8476480, 8476480
113, 8577600, 8476480
116, 8648384, 8476480
115, 9204544, 8476480
127, 9295552, 8476480
121, 75620160, 8476480
121, 109313344, 8476480
450, 109434688, 109434688
112, 109778496, 109434688
999999, 47723, 1
139, 8476481, 8476481
113, 8577601, 8476481
115, 8648385, 8476481
114, 9204545, 8476481
126, 9295553, 8476481
120, 75620161, 8476481
120, 109313345, 8476481
450, 109434689, 109434689
999999, 47995, 255
139, 8476736, 8476736
118, 8608192, 8476736
133, 8638528, 8476736
113, 9204800, 8476736
115, 42089024, 8476736
113, 76206912, 8476736
450, 109434944, 109434944
999999, 47741, 1
139, 8476737, 8476737
117, 8608193, 8476737
132, 8638529, 8476737
112, 9204801, 8476737
114, 42089025, 8476737
112, 76206913, 8476737
450, 109434945, 109434945
999999, 47781, 95
139, 8476832, 8476832
113, 8577952, 8476832
116, 8608288, 8476832
131, 8638624, 8476832
114, 8648736, 8476832
112, 9290848, 8476832
125, 9295904, 8476832
129, 9346464, 8476832
113, 42089120, 8476832
116, 42129568, 8476832
122, 42493600, 8476832
119, 75620512, 8476832
112, 75660960, 8476832
117, 75681184, 8476832
112, 109192352, 8476832
119, 109313696, 8476832
450, 109435040, 109435040
113, 109940640, 109435040
999999, 47948, 1
139, 8476833, 8476833
112, 8577953, 8476833
115, 8608289, 8476833
130, 8638625, 8476833
113, 8648737, 8476833
124, 9295905, 8476833
128, 9346465, 8476833
112, 42089121, 8476833
115, 42129569, 8476833
121, 42493601, 8476833
118, 75620513, 8476833
116, 75681185, 8476833
118, 109313697, 8476833
450, 109435041, 109435041
112, 109940641, 109435041
999999, 47948, 189
139, 8477022, 8477022
114, 8608478, 8477022
129, 8638814, 8477022
112, 8648926, 8477022
123, 9296094, 8477022
127, 9346654, 8477022
114, 42129758, 8477022
120, 42493790, 8477022
117, 75620702, 8477022
116, 75681374, 8477022
117, 109313886, 8477022
450, 109435230, 109435230
999999, 47779, 1
139, 8477023, 8477023
113, 8608479, 8477023
128, 8638815, 8477023
122, 9296095, 8477023
126, 9346655, 8477023
113, 42129759, 8477023
119, 42493791, 8477023
116, 75620703, 8477023
115, 75681375, 8477023
116, 109313887, 8477023
450, 109435231, 109435231
999999, 48048, 95
999999, 48014, 1
139, 8477119, 8477119
126, 8638911, 8477119
120, 9296191, 8477119
124, 9346751, 8477119
450, 109435327, 109435327
999999, 48014, 269
119, 9296460, 9296460
450, 109435596, 109435596
999999, 48046, 270
140, 8477658, 8477658
112, 8609114, 8477658
118, 42494426, 8477658
450, 109435866, 109435866
999999, 47786, 1
140, 8477659, 8477659
117, 42494427, 8477659
450, 109435867, 109435867
999999, 47786, 97
116, 42494524, 42494524
450, 109435964, 109435964
999999, 47964, 1
115, 42494525, 42494525
450, 109435965, 109435965
999999, 47964, 253
142, 8478010, 8478010
118, 9297082, 8478010
117, 42130746, 8478010
114, 42494778, 8478010
450, 109436218, 109436218
999999, 47803, 62
117, 9297144, 9297144
114, 42494840, 9297144
450, 109436280, 109436280
999999, 47988, 228
113, 42495068, 42495068
450, 109436508, 109436508
999999, 47780, 1
112, 42495069, 42495069
450, 109436509, 109436509
999999, 47780, 45
450, 109436554, 109436554
999999, 48008, 348
113, 42495462, 42495462
117, 75622374, 75622374
450, 109436902, 109436902
999999, 47661, 1
112, 42495463, 42495463
116, 75622375, 75622375
450, 109436903, 109436903
999999, 47755, 263
115, 75622638, 75622638
450, 109437166, 109437166
999999, 47493, 1
114, 75622639, 75622639
450, 109437167, 109437167
999999, 47706, 34
113, 75622673, 75622673
450, 109437201, 109437201
999999, 47761, 289
