777777, 500, 3000
127, 9190014, 9190014
148, 75514622, 75514622
190, 75676414, 75676414
500, 109329150, 109329150
999999, 54389, 208
126, 9190222, 9190222
500, 109329358, 109329358
999999, 54388, 1
125, 9190223, 9190223
500, 109329359, 109329359
999999, 54388, 61
129, 42023948, 42023948
500, 109329420, 109329420
999999, 54428, 1
129, 42023949, 42023949
500, 109329421, 109329421
999999, 54647, 269
129, 42934298, 42934298
193, 75676954, 75676954
125, 75757850, 75676954
500, 109329690, 109329690
999999, 54379, 1
128, 42934299, 42934299
192, 75676955, 75676955
125, 75757851, 75676955
500, 109329691, 109329691
999999, 54477, 317
191, 75677272, 75677272
125, 75758168, 75677272
500, 109330008, 109330008
999999, 54161, 1
190, 75677273, 75677273
125, 75758169, 75677273
500, 109330009, 109330009
999999, 54423, 96
189, 75677369, 75677369
500, 109330105, 109330105
999999, 54328, 227
189, 75677596, 75677596
126, 75758492, 75677596
500, 109330332, 109330332
999999, 54148, 1
189, 75677597, 75677597
126, 75758493, 75677597
500, 109330333, 109330333
999999, 54148, 95
189, 75677692, 75677692
500, 109330428, 109330428
999999, 54242, 1
188, 75677693, 75677693
500, 109330429, 109330429
999999, 54297, 201
140, 10961090, 10961090
999999, 54356, 1
188, 75677895, 75677895
500, 109330631, 109330631
999999, 54356, 101
155, 75516204, 75516204
130, 76178540, 75516204
500, 109330732, 109330732
999999, 54347, 1
154, 75516205, 75516205
129, 76178541, 75516205
500, 109330733, 109330733
999999, 54576, 231
500, 109330964, 109330964
999999, 54426, 1
500, 109330965, 109330965
999999, 54694, 99
189, 75678328, 75678328
500, 109331064, 109331064
999999, 54643, 1
188, 75678329, 75678329
500, 109331065, 109331065
999999, 54870, 203
134, 42025796, 42025796
188, 75678532, 75678532
500, 109331268, 109331268
999999, 54774, 1
134, 42025797, 42025797
188, 75678533, 75678533
500, 109331269, 109331269
999999, 54774, 93
188, 75678626, 75678626
500, 109331362, 109331362
999999, 54938, 284
188, 75678910, 75678910
128, 76179454, 75678910
500, 109331646, 109331646
999999, 54655, 1
187, 75678911, 75678911
127, 76179455, 75678911
500, 109331647, 109331647
999999, 54708, 55
130, 41950390, 41950390
500, 109331702, 109331702
999999, 54904, 1
129, 41950391, 41950391
500, 109331703, 109331703
999999, 54904, 262
128, 41950653, 41950653
186, 75679229, 75679229
500, 109331965, 109331965
999999, 54676, 45
130, 9192874, 9192874
127, 75760170, 9192874
500, 109332010, 109332010
999999, 54915, 1
129, 9192875, 9192875
126, 75760171, 9192875
500, 109332011, 109332011
999999, 55215, 238
128, 9193113, 9193113
187, 75679513, 75679513
500, 109332249, 109332249
999999, 54978, 81
127, 41951018, 41951018
125, 75760490, 41951018
127, 76180138, 76180138
500, 109332330, 109332330
999999, 54945, 1
126, 41951019, 41951019
126, 76180139, 76180139
500, 109332331, 109332331
999999, 55201, 278
137, 42937217, 42937217
187, 75679873, 75679873
500, 109332609, 109332609
999999, 55032, 265
500, 109332874, 109332874
999999, 55024, 1
500, 109332875, 109332875
999999, 55024, 61
500, 109332936, 109332936
999999, 54972, 301
136, 42937845, 42937845
125, 76181045, 42937845
500, 109333237, 109333237
999999, 54672, 311
500, 109333548, 109333548
999999, 54614, 54
135, 42938210, 42938210
192, 75680866, 75680866
500, 109333602, 109333602
999999, 54622, 262
137, 42028392, 42028392
155, 75519336, 75519336
500, 109333864, 109333864
999999, 54361, 1
136, 42028393, 42028393
154, 75519337, 75519337
500, 109333865, 109333865
999999, 54639, 55
129, 9194784, 9194784
125, 41952608, 9194784
135, 42028448, 42028448
127, 42675616, 42028448
134, 42938528, 42028448
153, 75519392, 75519392
194, 75681184, 75681184
126, 76045216, 75681184
500, 109333920, 109333920
999999, 54585, 1
128, 9194785, 9194785
134, 42028449, 42028449
126, 42675617, 42028449
133, 42938529, 42028449
152, 75519393, 75519393
193, 75681185, 75681185
125, 76045217, 75681185
500, 109333921, 109333921
999999, 54675, 189
127, 9194974, 9194974
133, 42028638, 42028638
125, 42675806, 42028638
132, 42938718, 42028638
152, 75519582, 75519582
192, 75681374, 75681374
500, 109334110, 109334110
999999, 54740, 48
126, 9195022, 9195022
500, 109334158, 109334158
999999, 54693, 1
125, 9195023, 9195023
500, 109334159, 109334159
999999, 54705, 303
193, 75681726, 75681726
500, 109334462, 109334462
999999, 54403, 15
132, 42029005, 42029005
500, 109334477, 109334477
999999, 54743, 272
126, 41953437, 41953437
194, 75682013, 75682013
500, 109334749, 109334749
999999, 54472, 54
154, 75520275, 75520275
500, 109334803, 109334803
999999, 54677, 257
125, 41953748, 41953748
500, 109335060, 109335060
999999, 54421, 96
500, 109335156, 109335156
999999, 54570, 230
131, 42939994, 42939994
155, 75520858, 75520858
195, 75682650, 75682650
500, 109335386, 109335386
999999, 54341, 1
130, 42939995, 42939995
154, 75520859, 75520859
194, 75682651, 75682651
500, 109335387, 109335387
999999, 54395, 98
193, 75682749, 75682749
500, 109335485, 109335485
999999, 54545, 262
192, 75683011, 75683011
500, 109335747, 109335747
999999, 54284, 265
127, 8418252, 8418252
133, 42030540, 42030540
129, 42940620, 42030540
500, 109336012, 109336012
999999, 54088, 1
126, 8418253, 8418253
132, 42030541, 42030541
128, 42940621, 42030541
500, 109336013, 109336013
999999, 54088, 101
125, 8418354, 8418354
131, 42030642, 42030642
127, 42940722, 42030642
500, 109336114, 109336114
999999, 54236, 1
130, 42030643, 42030643
126, 42940723, 42030643
500, 109336115, 109336115
999999, 54236, 207
126, 41955010, 41955010
192, 75683586, 75683586
500, 109336322, 109336322
999999, 54136, 1
125, 41955011, 41955011
192, 75683587, 75683587
500, 109336323, 109336323
999999, 54136, 95
192, 75683682, 75683682
500, 109336418, 109336418
999999, 54244, 1
192, 75683683, 75683683
500, 109336419, 109336419
999999, 54244, 296
500, 109336715, 109336715
999999, 54007, 292
500, 109337007, 109337007
999999, 53716, 20
193, 75684291, 75684291
500, 109337027, 109337027
999999, 53971, 277
193, 75684568, 75684568
500, 109337304, 109337304
999999, 53742, 1
270, 26499831, 26499831
999999, 54051, 44
131, 42031877, 42031877
193, 75684613, 75684613
500, 109337349, 109337349
999999, 54008, 307
127, 8642360, 8642360
192, 75684920, 75684920
500, 109337656, 109337656
999999, 53746, 1
126, 8642361, 8642361
191, 75684921, 75684921
500, 109337657, 109337657
999999, 53746, 55
125, 8642416, 8642416
500, 109337712, 109337712
999999, 53916, 1
500, 109337713, 109337713
999999, 53916, 219
130, 42032460, 42032460
500, 109337932, 109337932
999999, 53750, 1
130, 42032461, 42032461
500, 109337933, 109337933
999999, 54007, 55
129, 42032516, 42032516
192, 75685252, 75685252
500, 109337988, 109337988
999999, 54290, 1
128, 42032517, 42032517
191, 75685253, 75685253
500, 109337989, 109337989
999999, 54385, 303
500, 109338292, 109338292
999999, 54330, 1
500, 109338293, 109338293
999999, 54330, 319
500, 109338612, 109338612
999999, 54044, 1
500, 109338613, 109338613
999999, 54044, 47
125, 42943268, 42943268
153, 75524132, 75524132
191, 75685924, 75685924
500, 109338660, 109338660
999999, 54294, 1
152, 75524133, 75524133
191, 75685925, 75685925
500, 109338661, 109338661
999999, 54294, 253
129, 8421154, 8421154
132, 9199778, 9199778
190, 75686178, 75686178
500, 109338914, 109338914
999999, 54054, 62
129, 8421216, 8421216
127, 9189728, 8421216
131, 9199840, 9199840
129, 42033504, 9199840
126, 42518880, 9199840
126, 42680672, 9199840
151, 75524448, 75524448
189, 75686240, 75686240
500, 109338976, 109338976
999999, 53993, 1
128, 8421217, 8421217
126, 9189729, 8421217
130, 9199841, 9199841
128, 42033505, 9199841
125, 42518881, 9199841
126, 42680673, 9199841
150, 75524449, 75524449
189, 75686241, 75686241
500, 109338977, 109338977
999999, 54337, 189
127, 8421406, 8421406
125, 9189918, 8421406
129, 9200030, 9200030
127, 42033694, 9200030
126, 42680862, 9200030
149, 75524638, 75524638
189, 75686430, 75686430
500, 109339166, 109339166
999999, 54149, 56
126, 8421462, 8421462
126, 42033750, 42033750
125, 42680918, 42033750
500, 109339222, 109339222
999999, 54324, 296
999999, 54084, 1
129, 9200383, 9200383
147, 75524991, 75524991
189, 75686783, 75686783
500, 109339519, 109339519
999999, 54084, 7
188, 75686790, 75686790
500, 109339526, 109339526
999999, 54374, 278
130, 9200668, 9200668
187, 75687068, 75687068
500, 109339804, 109339804
999999, 54097, 1
129, 9200669, 9200669
186, 75687069, 75687069
500, 109339805, 109339805
999999, 54163, 94
125, 42034427, 42034427
148, 75525371, 75525371
185, 75687163, 75687163
500, 109339899, 109339899
999999, 54285, 209
128, 9200972, 9200972
500, 109340108, 109340108
999999, 54077, 1
128, 9200973, 9200973
500, 109340109, 109340109
999999, 54483, 67
125, 42520080, 42520080
500, 109340176, 109340176
999999, 54417, 358
500, 109340534, 109340534
999999, 54248, 1
500, 109340535, 109340535
999999, 54248, 281
126, 42520720, 42520720
500, 109340816, 109340816
999999, 54026, 298
126, 42035642, 42035642
190, 75688378, 75688378
500, 109341114, 109341114
999999, 53729, 1
125, 42035643, 42035643
190, 75688379, 75688379
500, 109341115, 109341115
999999, 53985, 21
125, 42521040, 42521040
500, 109341136, 109341136
999999, 54046, 290
500, 109341426, 109341426
999999, 53757, 1
500, 109341427, 109341427
999999, 53987, 49
129, 8423716, 8423716
126, 42521380, 8423716
189, 75688740, 75688740
125, 76189284, 75688740
500, 109341476, 109341476
999999, 53939, 1
128, 8423717, 8423717
125, 42521381, 8423717
189, 75688741, 75688741
500, 109341477, 109341477
999999, 54038, 241
129, 42683414, 42683414
500, 109341718, 109341718
999999, 54048, 1
129, 42683415, 42683415
500, 109341719, 109341719
999999, 54340, 95
500, 109341814, 109341814
999999, 54294, 226
189, 75689304, 75689304
500, 109342040, 109342040
999999, 54069, 1
188, 75689305, 75689305
500, 109342041, 109342041
999999, 54357, 77
187, 75689382, 75689382
500, 109342118, 109342118
999999, 54281, 1
186, 75689383, 75689383
500, 109342119, 109342119
999999, 54349, 278
185, 75689661, 75689661
500, 109342397, 109342397
999999, 54072, 45
127, 8424682, 8424682
127, 42522346, 42522346
500, 109342442, 109342442
999999, 54276, 1
126, 8424683, 8424683
127, 42522347, 42522347
500, 109342443, 109342443
999999, 54276, 265
125, 8424948, 8424948
500, 109342708, 109342708
999999, 54044, 52
133, 9203624, 9203624
128, 42684456, 9203624
500, 109342760, 109342760
999999, 53993, 236
500, 109342996, 109342996
999999, 54052, 60
128, 42522960, 42522960
500, 109343056, 109343056
999999, 53993, 1
128, 42522961, 42522961
500, 109343057, 109343057
999999, 54048, 281
500, 109343338, 109343338
999999, 54036, 22
132, 9204224, 9204224
155, 75528832, 75528832
188, 75690624, 75690624
500, 109343360, 109343360
999999, 54015, 1
131, 9204225, 9204225
154, 75528833, 75528833
187, 75690625, 75690625
500, 109343361, 109343361
999999, 54033, 311
186, 75690936, 75690936
500, 109343672, 109343672
999999, 53723, 8
130, 9204544, 9204544
154, 75529152, 75529152
185, 75690944, 75690944
500, 109343680, 109343680
999999, 54007, 1
129, 9204545, 9204545
153, 75529153, 75529153
185, 75690945, 75690945
500, 109343681, 109343681
999999, 54277, 256
128, 9204801, 9204801
152, 75529409, 75529409
185, 75691201, 75691201
500, 109343937, 109343937
999999, 54022, 285
127, 8426462, 8426462
140, 9194974, 9194974
128, 9205086, 9194974
129, 42524126, 9194974
127, 42685918, 9194974
151, 75529694, 75529694
184, 75691486, 75691486
500, 109344222, 109344222
125, 109485790, 109344222
999999, 53811, 1
126, 8426463, 8426463
139, 9194975, 9194975
127, 9205087, 9194975
128, 42524127, 9194975
126, 42685919, 9194975
150, 75529695, 75529695
183, 75691487, 75691487
500, 109344223, 109344223
999999, 54100, 55
125, 42685974, 42685974
500, 109344278, 109344278
999999, 54106, 1
125, 42685975, 42685975
500, 109344279, 109344279
999999, 54337, 247
500, 109344526, 109344526
999999, 54091, 1
500, 109344527, 109344527
999999, 54137, 67
126, 9205458, 9205458
500, 109344594, 109344594
999999, 54071, 1
125, 9205459, 9205459
500, 109344595, 109344595
999999, 54374, 265
138, 9195612, 9195612
186, 75692124, 75692124
500, 109344860, 109344860
999999, 54153, 1
137, 9195613, 9195613
185, 75692125, 75692125
500, 109344861, 109344861
999999, 54413, 93
128, 42524858, 42524858
184, 75692218, 75692218
500, 109344954, 109344954
999999, 54321, 1
127, 42524859, 42524859
184, 75692219, 75692219
500, 109344955, 109344955
999999, 54377, 251
500, 109345206, 109345206
999999, 54394, 1
500, 109345207, 109345207
999999, 54394, 287
125, 9206358, 9206358
128, 42687190, 42687190
500, 109345494, 109345494
999999, 54154, 1
125, 9206359, 9206359
128, 42687191, 42687191
500, 109345495, 109345495
999999, 54154, 51
125, 9206410, 9206410
131, 42525450, 42525450
500, 109345546, 109345546
999999, 54292, 258
500, 109345804, 109345804
999999, 54082, 94
128, 8428138, 8428138
131, 42525802, 42525802
500, 109345898, 109345898
999999, 54572, 1
127, 8428139, 8428139
130, 42525803, 42525803
500, 109345899, 109345899
999999, 54572, 334
186, 75693497, 75693497
500, 109346233, 109346233
999999, 54326, 215
126, 8428688, 8428688
130, 42526352, 42526352
500, 109346448, 109346448
999999, 54340, 1
125, 8428689, 8428689
129, 42526353, 42526353
500, 109346449, 109346449
999999, 54340, 47
128, 42526400, 42526400
186, 75693760, 75693760
500, 109346496, 109346496
999999, 54338, 1
127, 42526401, 42526401
186, 75693761, 75693761
500, 109346497, 109346497
999999, 54617, 317
126, 42526718, 42526718
186, 75694078, 75694078
500, 109346814, 109346814
128, 109488382, 109346814
999999, 54301, 1
999999, 54355, 315
130, 42688826, 42688826
185, 75694394, 75694394
500, 109347130, 109347130
999999, 54336, 22
140, 9197904, 9197904
500, 109347152, 109347152
999999, 54324, 1
139, 9197905, 9197905
500, 109347153, 109347153
999999, 54622, 297
129, 42689146, 42689146
185, 75694714, 75694714
500, 109347450, 109347450
999999, 54642, 10
128, 42689156, 42689156
184, 75694724, 75694724
500, 109347460, 109347460
999999, 54633, 1
128, 42689157, 42689157
184, 75694725, 75694725
500, 109347461, 109347461
999999, 54688, 351
127, 9208676, 9208676
154, 75533284, 75533284
500, 109347812, 109347812
999999, 54584, 267
140, 9198831, 9198831
126, 9208943, 9198831
500, 109348079, 109348079
999999, 54318, 25
140, 9198856, 9198856
500, 109348104, 109348104
999999, 54388, 1
140, 9198857, 9198857
500, 109348105, 109348105
999999, 54388, 347
153, 75533924, 75533924
125, 75817060, 75533924
500, 109348452, 109348452
999999, 54254, 1
152, 75533925, 75533925
500, 109348453, 109348453
999999, 54254, 283
139, 9199488, 9199488
125, 9209600, 9199488
500, 109348736, 109348736
999999, 54060, 297
999999, 53764, 55
140, 26511615, 26511615
999999, 53974, 1
125, 8653793, 8653793
137, 9199841, 9199841
128, 42690785, 9199841
150, 75534561, 75534561
186, 75696353, 75696353
500, 109349089, 109349089
128, 109490657, 109349089
999999, 53974, 189
136, 9200030, 9200030
127, 42690974, 9200030
149, 75534750, 75534750
185, 75696542, 75696542
500, 109349278, 109349278
127, 109490846, 109349278
999999, 53836, 1
135, 9200031, 9200031
126, 42690975, 9200031
148, 75534751, 75534751
184, 75696543, 75696543
500, 109349279, 109349279
126, 109490847, 109349279
999999, 53836, 55
500, 109349334, 109349334
999999, 54038, 1
500, 109349335, 109349335
999999, 54105, 261
183, 75696860, 75696860
500, 109349596, 109349596
999999, 54070, 83
500, 109349679, 109349679
999999, 53988, 232
500, 109349911, 109349911
999999, 53804, 65
500, 109349976, 109349976
999999, 54044, 1
500, 109349977, 109349977
999999, 54055, 238
185, 75697479, 75697479
500, 109350215, 109350215
999999, 53818, 62
125, 42691973, 42691973
185, 75697541, 75697541
500, 109350277, 109350277
999999, 54013, 265
139, 9201294, 9201294
500, 109350542, 109350542
125, 109492110, 109350542
999999, 53749, 96
500, 109350638, 109350638
999999, 53750, 1
500, 109350639, 109350639
999999, 53750, 227
149, 75536338, 75536338
500, 109350866, 109350866
999999, 53776, 48
500, 109350914, 109350914
999999, 53729, 1
500, 109350915, 109350915
999999, 53789, 265
500, 109351180, 109351180
999999, 53714, 1
500, 109351181, 109351181
999999, 53714, 93
500, 109351274, 109351274
127, 109492842, 109351274
999999, 53676, 1
500, 109351275, 109351275
126, 109492843, 109351275
999999, 53676, 229
500, 109351504, 109351504
125, 109493072, 109351504
999999, 53768, 1
500, 109351505, 109351505
999999, 54013, 83
151, 75537060, 75537060
128, 76265124, 75537060
500, 109351588, 109351588
999999, 53931, 1
150, 75537061, 75537061
128, 76265125, 75537061
500, 109351589, 109351589
999999, 54003, 245
128, 9212698, 9212698
149, 75537306, 75537306
128, 76265370, 75537306
500, 109351834, 109351834
999999, 53759, 1
128, 9212699, 9212699
148, 75537307, 75537307
127, 76265371, 75537307
500, 109351835, 109351835
999999, 54049, 47
128, 9212746, 9212746
126, 76265418, 9212746
500, 109351882, 109351882
999999, 54003, 1
127, 9212747, 9212747
125, 76265419, 9212747
500, 109351883, 109351883
999999, 54323, 255
500, 109352138, 109352138
999999, 54069, 106
500, 109352244, 109352244
999999, 53976, 1
500, 109352245, 109352245
999999, 53976, 261
125, 8434746, 8434746
138, 42694202, 42694202
200, 75699770, 75699770
500, 109352506, 109352506
999999, 53964, 44
127, 8566246, 8566246
500, 109352550, 109352550
999999, 53921, 1
126, 8566247, 8566247
500, 109352551, 109352551
999999, 53985, 267
500, 109352818, 109352818
999999, 53719, 1
500, 109352819, 109352819
999999, 54025, 53
125, 8566568, 8566568
149, 9203624, 9203624
149, 75538344, 75538344
500, 109352872, 109352872
999999, 53973, 1
149, 9203625, 9203625
148, 75538345, 9203625
500, 109352873, 109352873
999999, 53977, 261
126, 9213998, 9213998
147, 75538606, 75538606
500, 109353134, 109353134
999999, 53717, 1
125, 9213999, 9213999
146, 75538607, 75538607
500, 109353135, 109353135
999999, 54019, 59
500, 109353194, 109353194
999999, 53961, 1
999999, 54007, 265
999999, 53743, 1
126, 76266997, 76266997
500, 109353461, 109353461
999999, 53977, 45
145, 75538978, 75538978
206, 75700770, 75700770
500, 109353506, 109353506
999999, 53933, 1
144, 75538979, 75538979
206, 75700771, 75700771
500, 109353507, 109353507
999999, 54039, 237
143, 75539216, 75539216
500, 109353744, 109353744
999999, 54054, 82
142, 75539298, 75539298
206, 75701090, 75701090
500, 109353826, 109353826
999999, 53986, 1
141, 75539299, 75539299
206, 75701091, 75701091
500, 109353827, 109353827
999999, 53986, 255
140, 75539554, 75539554
205, 75701346, 75701346
126, 76267618, 75701346
500, 109354082, 109354082
999999, 54036, 1
139, 75539555, 75539555
204, 75701347, 75701347
125, 76267619, 75701347
500, 109354083, 109354083
999999, 54036, 61
126, 8658848, 8658848
154, 9204896, 9204896
149, 42695840, 9204896
138, 75539616, 9204896
203, 75701408, 75701408
500, 109354144, 109354144
999999, 53992, 1
125, 8658849, 8658849
153, 9204897, 9204897
149, 42695841, 9204897
137, 75539617, 9204897
202, 75701409, 75701409
500, 109354145, 109354145
999999, 53992, 189
152, 9205086, 9205086
148, 42696030, 9205086
136, 75539806, 9205086
201, 75701598, 75701598
500, 109354334, 109354334
999999, 54066, 1
151, 9205087, 9205087
148, 42696031, 9205087
135, 75539807, 9205087
200, 75701599, 75701599
500, 109354335, 109354335
999999, 54161, 61
134, 75539868, 75539868
199, 75701660, 75701660
500, 109354396, 109354396
999999, 54329, 1
133, 75539869, 75539869
199, 75701661, 75701661
500, 109354397, 109354397
999999, 54409, 249
500, 109354646, 109354646
999999, 54161, 1
500, 109354647, 109354647
999999, 54422, 99
150, 42696442, 42696442
199, 75702010, 75702010
500, 109354746, 109354746
999999, 54390, 1
149, 42696443, 42696443
199, 75702011, 75702011
500, 109354747, 109354747
999999, 54601, 211
150, 9205710, 9205710
500, 109354958, 109354958
999999, 54484, 1
149, 9205711, 9205711
500, 109354959, 109354959
999999, 54484, 55
201, 75702278, 75702278
500, 109355014, 109355014
999999, 54686, 297
500, 109355311, 109355311
999999, 54449, 55
500, 109355366, 109355366
999999, 54395, 240
152, 9206358, 9206358
137, 75541078, 9206358
500, 109355606, 109355606
999999, 54344, 1
152, 9206359, 9206359
137, 75541079, 9206359
500, 109355607, 109355607
999999, 54344, 102
500, 109355709, 109355709
999999, 54297, 253
205, 75703226, 75703226
500, 109355962, 109355962
999999, 54340, 1
205, 75703227, 75703227
500, 109355963, 109355963
999999, 54401, 319
205, 75703546, 75703546
500, 109356282, 109356282
999999, 54083, 10
204, 75703556, 75703556
500, 109356292, 109356292
999999, 54386, 1
203, 75703557, 75703557
500, 109356293, 109356293
999999, 54386, 254
500, 109356547, 109356547
999999, 54357, 61
500, 109356608, 109356608
127, 110003776, 109356608
999999, 54297, 1
500, 109356609, 109356609
127, 110003777, 109356609
999999, 54343, 281
137, 75542362, 75542362
500, 109356890, 109356890
999999, 54063, 50
500, 109356940, 109356940
999999, 54336, 1
500, 109356941, 109356941
999999, 54633, 301
204, 75704506, 75704506
500, 109357242, 109357242
999999, 54333, 1
999999, 54343, 43
500, 109357286, 109357286
999999, 54301, 1
500, 109357287, 109357287
999999, 54612, 278
999999, 54347, 47
158, 9208364, 9208364
136, 75543084, 9208364
500, 109357612, 109357612
999999, 54598, 1
157, 9208365, 9208365
135, 75543085, 9208365
500, 109357613, 109357613
999999, 54598, 219
500, 109357832, 109357832
999999, 54428, 1
500, 109357833, 109357833
999999, 54428, 95
500, 109357928, 109357928
999999, 54567, 1
500, 109357929, 109357929
999999, 54621, 275
500, 109358204, 109358204
999999, 54347, 1
500, 109358205, 109358205
999999, 54607, 47
159, 9209004, 9209004
134, 75543724, 9209004
500, 109358252, 109358252
999999, 54561, 1
158, 9209005, 9209005
133, 75543725, 9209005
500, 109358253, 109358253
999999, 54653, 309
128, 8663266, 8663266
210, 75705826, 75705826
500, 109358562, 109358562
999999, 54345, 320
127, 8663586, 8663586
209, 75706146, 75706146
500, 109358882, 109358882
999999, 54298, 258
157, 9209892, 9209892
132, 75544612, 9209892
500, 109359140, 109359140
999999, 54041, 1
156, 9209893, 9209893
131, 75544613, 9209893
500, 109359141, 109359141
999999, 54085, 249
128, 8664094, 8664094
155, 9210142, 9210142
169, 42701086, 42701086
130, 75544862, 42701086
210, 75706654, 75706654
140, 76353822, 75706654
500, 109359390, 109359390
137, 110006558, 109359390
999999, 53837, 60
154, 9210202, 9210202
129, 75544922, 9210202
500, 109359450, 109359450
999999, 54040, 1
153, 9210203, 9210203
128, 75544923, 9210203
500, 109359451, 109359451
999999, 54040, 244
168, 42701391, 42701391
500, 109359695, 109359695
999999, 53845, 69
500, 109359764, 109359764
999999, 54042, 1
500, 109359765, 109359765
999999, 54042, 249
167, 42701710, 42701710
500, 109360014, 109360014
999999, 53854, 110
500, 109360124, 109360124
999999, 53745, 1
500, 109360125, 109360125
999999, 53972, 214
152, 9211091, 9211091
128, 75545811, 9211091
500, 109360339, 109360339
999999, 53845, 87
500, 109360426, 109360426
999999, 53759, 1
500, 109360427, 109360427
999999, 53981, 290
500, 109360717, 109360717
999999, 53692, 253
130, 8665674, 8665674
500, 109360970, 109360970
999999, 53790, 106
130, 8665780, 8665780
500, 109361076, 109361076
999999, 53685, 1
130, 8665781, 8665781
500, 109361077, 109361077
999999, 53739, 215
130, 8665996, 8665996
132, 75546764, 75546764
500, 109361292, 109361292
999999, 53525, 1
129, 8665997, 8665997
131, 75546765, 75546765
500, 109361293, 109361293
999999, 53774, 67
130, 75546832, 75546832
500, 109361360, 109361360
999999, 53950, 1
129, 75546833, 75546833
500, 109361361, 109361361
999999, 54023, 243
212, 75708868, 75708868
500, 109361604, 109361604
999999, 53781, 1
211, 75708869, 75708869
500, 109361605, 109361605
999999, 54073, 338
130, 8666647, 8666647
500, 109361943, 109361943
999999, 53758, 96
129, 8666743, 8666743
500, 109362039, 109362039
999999, 53951, 226
128, 8666969, 8666969
500, 109362265, 109362265
999999, 53726, 77
128, 8667046, 8667046
500, 109362342, 109362342
999999, 53708, 1
128, 8667047, 8667047
500, 109362343, 109362343
999999, 53708, 276
211, 75709883, 75709883
500, 109362619, 109362619
999999, 53665, 49
158, 9213420, 9213420
130, 75548140, 9213420
500, 109362668, 109362668
999999, 53710, 1
158, 9213421, 9213421
129, 75548141, 9213421
500, 109362669, 109362669
999999, 53710, 213
133, 42097858, 42097858
128, 75548354, 42097858
500, 109362882, 109362882
999999, 53712, 110
168, 42704688, 42704688
127, 75548464, 42704688
500, 109362992, 109362992
999999, 53704, 1
999999, 53704, 254
157, 9213999, 9213999
500, 109363247, 109363247
999999, 53667, 329
156, 9214328, 9214328
212, 75710840, 75710840
500, 109363576, 109363576
999999, 53429, 1
155, 9214329, 9214329
211, 75710841, 75710841
500, 109363577, 109363577
999999, 53695, 41
127, 8668322, 8668322
154, 9214370, 9214370
210, 75710882, 75710882
500, 109363618, 109363618
999999, 53655, 1
126, 8668323, 8668323
153, 9214371, 9214371
209, 75710883, 75710883
500, 109363619, 109363619
999999, 53701, 225
152, 9214596, 9214596
208, 75711108, 75711108
142, 76358276, 75711108
500, 109363844, 109363844
999999, 53477, 94
125, 8668642, 8668642
152, 9214690, 9214690
207, 75711202, 75711202
500, 109363938, 109363938
999999, 53624, 1
999999, 53624, 222
151, 9214913, 9214913
500, 109364161, 109364161
999999, 53451, 95
128, 8446496, 8446496
150, 9215008, 9215008
125, 9295904, 9215008
134, 42099232, 9215008
166, 42705952, 42705952
127, 75549728, 42705952
127, 75620512, 42705952
205, 75711520, 75711520
141, 76358688, 75711520
500, 109364256, 109364256
150, 110011424, 109364256
999999, 53357, 1
127, 8446497, 8446497
150, 9215009, 9215009
133, 42099233, 9215009
166, 42705953, 42705953
126, 75549729, 42705953
126, 75620513, 42705953
204, 75711521, 75711521
140, 76358689, 75711521
500, 109364257, 109364257
150, 110011425, 109364257
999999, 53609, 190
126, 8446687, 8446687
150, 9215199, 9215199
132, 42099423, 9215199
166, 42706143, 42706143
125, 75549919, 42706143
125, 75620703, 42706143
203, 75711711, 75711711
139, 76358879, 75711711
500, 109364447, 109364447
150, 110011615, 109364447
999999, 53420, 61
149, 9215260, 9215260
131, 42099484, 9215260
202, 75711772, 75711772
500, 109364508, 109364508
999999, 53456, 1
148, 9215261, 9215261
130, 42099485, 9215261
201, 75711773, 75711773
500, 109364509, 109364509
999999, 53456, 254
127, 8447003, 8447003
147, 9215515, 9215515
129, 42099739, 9215515
500, 109364763, 109364763
999999, 53434, 91
126, 8447094, 8447094
146, 9215606, 9215606
500, 109364854, 109364854
999999, 53424, 320
125, 8447414, 8447414
145, 9215926, 9215926
500, 109365174, 109365174
999999, 53105, 1
999999, 53325, 225
500, 109365400, 109365400
999999, 53101, 1
500, 109365401, 109365401
999999, 53433, 55
500, 109365456, 109365456
999999, 53379, 1
500, 109365457, 109365457
999999, 53473, 265
125, 9297370, 9297370
130, 42100698, 42100698
500, 109365722, 109365722
999999, 53209, 44
129, 42100742, 42100742
203, 75713030, 75713030
500, 109365766, 109365766
999999, 53409, 1
128, 42100743, 42100743
202, 75713031, 75713031
500, 109365767, 109365767
999999, 53473, 304
500, 109366071, 109366071
999999, 53424, 13
201, 75713348, 75713348
138, 76360516, 75713348
500, 109366084, 109366084
999999, 53477, 1
200, 75713349, 75713349
137, 76360517, 75713349
500, 109366085, 109366085
999999, 53725, 261
127, 42101322, 42101322
500, 109366346, 109366346
999999, 53465, 1
127, 42101323, 42101323
500, 109366347, 109366347
999999, 53715, 106
126, 42101429, 42101429
500, 109366453, 109366453
999999, 53670, 253
148, 9217458, 9217458
500, 109366706, 109366706
999999, 53709, 63
126, 42101745, 42101745
500, 109366769, 109366769
999999, 53657, 235
126, 8449244, 8449244
200, 75714268, 75714268
500, 109367004, 109367004
999999, 53423, 1
125, 8449245, 8449245
200, 75714269, 75714269
500, 109367005, 109367005
999999, 53682, 45
500, 109367050, 109367050
999999, 53740, 1
500, 109367051, 109367051
999999, 53740, 251
199, 75714566, 75714566
500, 109367302, 109367302
999999, 53700, 1
198, 75714567, 75714567
500, 109367303, 109367303
999999, 53700, 319
197, 75714886, 75714886
500, 109367622, 109367622
999999, 53478, 114
196, 75715000, 75715000
500, 109367736, 109367736
999999, 53365, 1
195, 75715001, 75715001
500, 109367737, 109367737
999999, 53597, 215
500, 109367952, 109367952
999999, 53383, 1
500, 109367953, 109367953
999999, 53443, 95
126, 9299696, 9299696
500, 109368048, 109368048
999999, 53349, 1
125, 9299697, 9299697
500, 109368049, 109368049
999999, 53603, 225
149, 9219026, 9219026
132, 75553746, 9219026
500, 109368274, 109368274
999999, 53379, 1
148, 9219027, 9219027
131, 75553747, 9219027
500, 109368275, 109368275
999999, 53463, 89
147, 9219116, 9219116
130, 75553836, 9219116
500, 109368364, 109368364
999999, 53375, 1
146, 9219117, 9219117
130, 75553837, 9219117
500, 109368365, 109368365
999999, 53641, 249
500, 109368614, 109368614
999999, 53393, 1
500, 109368615, 109368615
999999, 53443, 285
145, 9219652, 9219652
127, 42103876, 9219652
202, 75716164, 75716164
139, 76363332, 75716164
500, 109368900, 109368900
999999, 53159, 1
144, 9219653, 9219653
126, 42103877, 9219653
201, 75716165, 75716165
138, 76363333, 75716165
500, 109368901, 109368901
999999, 53422, 99
143, 9219752, 9219752
131, 75554472, 9219752
500, 109369000, 109369000
999999, 53336, 216
142, 9219968, 9219968
127, 42104192, 9219968
500, 109369216, 109369216
999999, 53121, 1
141, 9219969, 9219969
126, 42104193, 9219969
500, 109369217, 109369217
999999, 53403, 95
140, 9220064, 9220064
126, 9300960, 9220064
125, 42104288, 9220064
169, 42711008, 42711008
131, 75554784, 42711008
200, 75716576, 75716576
137, 76363744, 75716576
500, 109369312, 109369312
159, 110016480, 109369312
999999, 53309, 1
139, 9220065, 9220065
125, 9300961, 9220065
168, 42711009, 42711009
130, 75554785, 42711009
200, 75716577, 75716577
136, 76363745, 75716577
500, 109369313, 109369313
158, 110016481, 109369313
999999, 53363, 189
138, 9220254, 9220254
167, 42711198, 42711198
129, 75554974, 42711198
200, 75716766, 75716766
135, 76363934, 75716766
500, 109369502, 109369502
157, 110016670, 109369502
999999, 53175, 1
137, 9220255, 9220255
166, 42711199, 42711199
128, 75554975, 42711199
199, 75716767, 75716767
134, 76363935, 75716767
500, 109369503, 109369503
156, 110016671, 109369503
999999, 53455, 59
500, 109369562, 109369562
999999, 53430, 1
500, 109369563, 109369563
999999, 53430, 257
198, 75717084, 75717084
500, 109369820, 109369820
999999, 53418, 43
197, 75717127, 75717127
500, 109369863, 109369863
999999, 53483, 278
196, 75717405, 75717405
500, 109370141, 109370141
999999, 53206, 81
500, 109370222, 109370222
999999, 53334, 1
500, 109370223, 109370223
999999, 53334, 227
136, 9221202, 9221202
127, 75555922, 9221202
500, 109370450, 109370450
999999, 53202, 62
500, 109370512, 109370512
999999, 53141, 1
500, 109370513, 109370513
999999, 53417, 261
500, 109370774, 109370774
999999, 53157, 1
500, 109370775, 109370775
999999, 53421, 62
500, 109370837, 109370837
999999, 53459, 293
200, 75718394, 75718394
133, 76365562, 75718394
500, 109371130, 109371130
999999, 53420, 1
199, 75718395, 75718395
132, 76365563, 75718395
500, 109371131, 109371131
999999, 53420, 49
999999, 53436, 1
134, 9221933, 9221933
125, 75556653, 9221933
500, 109371181, 109371181
999999, 53436, 271
125, 75556924, 75556924
500, 109371452, 109371452
156, 110018620, 109371452
999999, 53380, 1
125, 75556925, 75556925
500, 109371453, 109371453
156, 110018621, 109371453
999999, 53380, 303
134, 9222508, 9222508
125, 75557228, 9222508
500, 109371756, 109371756
999999, 53173, 1
134, 9222509, 9222509
125, 75557229, 9222509
500, 109371757, 109371757
999999, 53361, 53
200, 75719074, 75719074
500, 109371810, 109371810
999999, 53371, 1
199, 75719075, 75719075
500, 109371811, 109371811
999999, 53624, 243
133, 9222806, 9222806
128, 42107030, 9222806
500, 109372054, 109372054
999999, 53430, 1
132, 9222807, 9222807
127, 42107031, 9222807
500, 109372055, 109372055
999999, 53430, 61
126, 42107092, 42107092
171, 42713812, 42713812
133, 76366548, 42713812
500, 109372116, 109372116
999999, 53635, 1
125, 42107093, 42107093
170, 42713813, 42713813
132, 76366549, 42713813
500, 109372117, 109372117
999999, 53721, 289
500, 109372406, 109372406
999999, 53433, 1
500, 109372407, 109372407
999999, 53699, 52
169, 42714155, 42714155
131, 76366891, 42714155
500, 109372459, 109372459
999999, 53695, 320
245, 109372778, 109372778
999999, 53376, 215
500, 109372994, 109372994
157, 110020162, 109372994
999999, 53400, 1
500, 109372995, 109372995
156, 110020163, 109372995
999999, 53449, 109
129, 76367536, 76367536
500, 109373104, 109373104
999999, 53602, 1
128, 76367537, 76367537
500, 109373105, 109373105
999999, 53602, 265
201, 75720634, 75720634
127, 76367802, 75720634
500, 109373370, 109373370
999999, 53663, 63
200, 75720697, 75720697
500, 109373433, 109373433
999999, 53677, 244
999999, 53434, 19
500, 109373696, 109373696
999999, 53636, 309
500, 109374005, 109374005
999999, 53328, 12
500, 109374017, 109374017
999999, 53375, 304
126, 76368753, 76368753
500, 109374321, 109374321
999999, 53072, 47
133, 9225120, 9225120
128, 42675616, 9225120
168, 42716064, 42716064
201, 75721632, 75721632
125, 76368800, 75721632
500, 109374368, 109374368
158, 110021536, 109374368
999999, 53342, 1
133, 9225121, 9225121
127, 42675617, 9225121
167, 42716065, 42716065
200, 75721633, 75721633
500, 109374369, 109374369
158, 110021537, 109374369
999999, 53342, 190
132, 9225311, 9225311
126, 42675807, 9225311
167, 42716255, 42716255
199, 75721823, 75721823
500, 109374559, 109374559
157, 110021727, 109374559
999999, 53165, 96
500, 109374655, 109374655
999999, 53070, 221
125, 42676124, 42676124
199, 75722140, 75722140
500, 109374876, 109374876
999999, 53112, 1
198, 75722141, 75722141
500, 109374877, 109374877
999999, 53193, 89
500, 109374966, 109374966
999999, 53342, 1
500, 109374967, 109374967
999999, 53428, 227
500, 109375194, 109375194
999999, 53458, 1
500, 109375195, 109375195
999999, 53458, 43
199, 75722502, 75722502
500, 109375238, 109375238
999999, 53474, 304
500, 109375542, 109375542
999999, 53171, 1
500, 109375543, 109375543
999999, 53396, 59
500, 109375602, 109375602
999999, 53441, 1
500, 109375603, 109375603
999999, 53683, 234
198, 75723101, 75723101
500, 109375837, 109375837
999999, 53475, 54
132, 9226643, 9226643
500, 109375891, 109375891
999999, 53716, 243
127, 42677382, 42677382
198, 75723398, 75723398
500, 109376134, 109376134
999999, 53547, 1
126, 42677383, 42677383
197, 75723399, 75723399
500, 109376135, 109376135
999999, 53788, 101
134, 9226988, 9226988
500, 109376236, 109376236
999999, 53748, 1
134, 9226989, 9226989
500, 109376237, 109376237
999999, 53748, 217
128, 42677702, 42677702
199, 75723718, 75723718
500, 109376454, 109376454
999999, 53721, 115
242, 109376568, 109376568
999999, 53667, 207
500, 109376776, 109376776
999999, 53461, 96
136, 9227624, 9227624
500, 109376872, 109376872
999999, 53615, 1
135, 9227625, 9227625
500, 109376873, 109376873
999999, 53665, 229
125, 76371534, 76371534
500, 109377102, 109377102
999999, 53437, 1
500, 109377103, 109377103
999999, 53709, 351
500, 109377454, 109377454
999999, 53359, 75
197, 75724793, 75724793
500, 109377529, 109377529
999999, 53374, 205
196, 75724998, 75724998
500, 109377734, 109377734
999999, 53395, 1
195, 75724999, 75724999
500, 109377735, 109377735
999999, 53449, 107
500, 109377842, 109377842
999999, 53609, 1
500, 109377843, 109377843
999999, 53656, 257
500, 109378100, 109378100
999999, 53704, 1
500, 109378101, 109378101
999999, 53704, 47
500, 109378148, 109378148
999999, 53704, 238
136, 9229138, 9229138
500, 109378386, 109378386
999999, 53467, 306
194, 75725956, 75725956
500, 109378692, 109378692
999999, 53378, 1
193, 75725957, 75725957
500, 109378693, 109378693
999999, 53378, 99
500, 109378792, 109378792
999999, 53344, 1
500, 109378793, 109378793
999999, 53344, 219
192, 75726276, 75726276
500, 109379012, 109379012
999999, 53424, 1
191, 75726277, 75726277
500, 109379013, 109379013
999999, 53424, 99
500, 109379112, 109379112
999999, 53370, 264
128, 42680624, 42680624
500, 109379376, 109379376
999999, 53107, 1
127, 42680625, 42680625
500, 109379377, 109379377
999999, 53355, 48
999999, 53308, 189
135, 9230366, 9230366
125, 42680862, 9230366
169, 42721310, 42721310
189, 75726878, 75726878
129, 76454942, 75726878
500, 109379614, 109379614
164, 110026782, 109379614
999999, 53166, 62
168, 42721372, 42721372
188, 75726940, 75726940
128, 76455004, 75726940
500, 109379676, 109379676
999999, 53105, 1
167, 42721373, 42721373
187, 75726941, 75726941
128, 76455005, 75726941
500, 109379677, 109379677
999999, 53372, 249
166, 42721622, 42721622
128, 76455254, 42721622
500, 109379926, 109379926
999999, 53430, 66
165, 42721688, 42721688
186, 75727256, 75727256
128, 76455320, 75727256
500, 109379992, 109379992
999999, 53365, 1
164, 42721689, 42721689
185, 75727257, 75727257
127, 76455321, 75727257
500, 109379993, 109379993
999999, 53417, 253
163, 42721942, 42721942
126, 76455574, 42721942
500, 109380246, 109380246
999999, 53165, 1
162, 42721943, 42721943
125, 76455575, 42721943
500, 109380247, 109380247
999999, 53421, 88
161, 42722031, 42722031
500, 109380335, 109380335
999999, 53334, 227
160, 42722258, 42722258
500, 109380562, 109380562
999999, 53207, 1
159, 42722259, 42722259
500, 109380563, 109380563
999999, 53432, 97
158, 42722356, 42722356
500, 109380660, 109380660
999999, 53396, 218
137, 9231630, 9231630
157, 42722574, 42722574
500, 109380878, 109380878
999999, 53179, 1
137, 9231631, 9231631
156, 42722575, 42722575
500, 109380879, 109380879
999999, 53476, 55
155, 42722630, 42722630
186, 75728198, 75728198
500, 109380934, 109380934
999999, 53435, 1
999999, 53753, 270
136, 9231957, 9231957
153, 42722901, 42722901
500, 109381205, 109381205
999999, 53484, 85
136, 9232042, 9232042
152, 42722986, 42722986
500, 109381290, 109381290
999999, 53654, 1
136, 9232043, 9232043
151, 42722987, 42722987
500, 109381291, 109381291
999999, 53654, 274
127, 42682813, 42682813
151, 42723261, 42723261
185, 75728829, 75728829
500, 109381565, 109381565
999999, 53475, 45
137, 9232362, 9232362
151, 42723306, 42723306
500, 109381610, 109381610
999999, 53431, 1
999999, 53619, 252
137, 9232615, 9232615
151, 42723559, 42723559
187, 75729127, 75729127
126, 76457191, 75729127
500, 109381863, 109381863
999999, 53368, 26
130, 42683137, 42683137
150, 42723585, 42723585
186, 75729153, 75729153
500, 109381889, 109381889
999999, 53437, 269
138, 9232910, 9232910
125, 42117134, 9232910
149, 42723854, 42723854
500, 109382158, 109382158
999999, 53169, 1
138, 9232911, 9232911
148, 42723855, 42723855
500, 109382159, 109382159
999999, 53437, 59
147, 42723914, 42723914
125, 76209802, 42723914
500, 109382218, 109382218
999999, 53648, 1
146, 42723915, 42723915
125, 76209803, 42723915
500, 109382219, 109382219
999999, 53648, 300
137, 9233271, 9233271
145, 42724215, 42724215
500, 109382519, 109382519
175, 110029687, 109382519
999999, 53445, 17
136, 9233288, 9233288
144, 42724232, 42724232
500, 109382536, 109382536
174, 110029704, 109382536
999999, 53429, 1
135, 9233289, 9233289
143, 42724233, 42724233
500, 109382537, 109382537
173, 110029705, 109382537
999999, 53681, 271
134, 9233560, 9233560
142, 42724504, 42724504
186, 75730072, 75730072
500, 109382808, 109382808
999999, 53472, 1
133, 9233561, 9233561
141, 42724505, 42724505
185, 75730073, 75730073
500, 109382809, 109382809
999999, 53699, 89
140, 42724594, 42724594
500, 109382898, 109382898
173, 110030066, 109382898
999999, 53611, 214
132, 9233864, 9233864
139, 42724808, 42724808
500, 109383112, 109383112
172, 110030280, 109383112
999999, 53442, 1
131, 9233865, 9233865
138, 42724809, 42724809
500, 109383113, 109383113
172, 110030281, 109383113
999999, 53789, 95
130, 42684456, 42684456
137, 42724904, 42724904
500, 109383208, 109383208
999999, 53695, 1
129, 42684457, 42684457
136, 42724905, 42724905
500, 109383209, 109383209
999999, 53957, 269
130, 9234230, 9234230
135, 42725174, 42725174
500, 109383478, 109383478
172, 110030646, 109383478
999999, 53689, 60
134, 42725234, 42725234
500, 109383538, 109383538
171, 110030706, 109383538
999999, 53663, 1
133, 42725235, 42725235
500, 109383539, 109383539
170, 110030707, 109383539
999999, 53951, 207
133, 42725442, 42725442
185, 75731010, 75731010
128, 76211330, 75731010
500, 109383746, 109383746
999999, 53806, 1
132, 42725443, 42725443
184, 75731011, 75731011
127, 76211331, 75731011
500, 109383747, 109383747
999999, 54075, 101
131, 42725544, 42725544
126, 76211432, 42725544
500, 109383848, 109383848
999999, 53975, 220
130, 42725764, 42725764
184, 75731332, 75731332
500, 109384068, 109384068
999999, 53777, 1
129, 42725765, 42725765
183, 75731333, 75731333
500, 109384069, 109384069
999999, 54072, 99
128, 42725864, 42725864
125, 76211752, 42725864
500, 109384168, 109384168
999999, 53993, 1
127, 42725865, 42725865
500, 109384169, 109384169
999999, 54243, 263
129, 9235184, 9235184
126, 42726128, 9235184
500, 109384432, 109384432
999999, 53981, 1
128, 9235185, 9235185
125, 42726129, 9235185
500, 109384433, 109384433
999999, 54035, 47
125, 8466720, 8466720
125, 9154336, 9154336
127, 9235232, 9235232
125, 42119456, 9235232
128, 42685728, 42685728
184, 75731744, 75731744
129, 76459808, 75731744
500, 109384480, 109384480
171, 110031648, 109384480
999999, 53989, 1
126, 9235233, 9235233
127, 42685729, 42685729
183, 75731745, 75731745
128, 76459809, 75731745
500, 109384481, 109384481
170, 110031649, 109384481
999999, 54278, 189
125, 9235422, 9235422
126, 42685918, 42685918
182, 75731934, 75731934
127, 76459998, 75731934
500, 109384670, 109384670
169, 110031838, 109384670
999999, 54150, 56
125, 42685974, 42685974
126, 76460054, 76460054
500, 109384726, 109384726
999999, 54095, 260
181, 75732250, 75732250
500, 109384986, 109384986
168, 110032154, 109384986
999999, 54066, 1
266, 26547513, 26547513
999999, 54066, 92
500, 109385079, 109385079
166, 110032247, 109385079
999999, 54030, 230
180, 75732573, 75732573
500, 109385309, 109385309
999999, 54096, 81
500, 109385390, 109385390
999999, 54068, 269
179, 75732923, 75732923
125, 76460987, 75732923
500, 109385659, 109385659
999999, 53800, 48
500, 109385707, 109385707
999999, 54025, 228
500, 109385935, 109385935
999999, 53798, 107
178, 75733306, 75733306
500, 109386042, 109386042
999999, 53736, 1
177, 75733307, 75733307
500, 109386043, 109386043
999999, 53736, 257
176, 75733564, 75733564
500, 109386300, 109386300
999999, 53736, 1
175, 75733565, 75733565
500, 109386301, 109386301
999999, 53736, 54
500, 109386355, 109386355
166, 110033523, 109386355
999999, 53741, 251
500, 109386606, 109386606
999999, 53491, 1
500, 109386607, 109386607
999999, 53679, 34
500, 109386641, 109386641
999999, 53646, 284
500, 109386925, 109386925
999999, 53421, 301
178, 75734490, 75734490
500, 109387226, 109387226
168, 110034394, 109387226
999999, 53372, 1
999999, 53459, 48
999999, 53412, 257
132, 9157388, 9157388
130, 76462860, 9157388
500, 109387532, 109387532
166, 110034700, 109387532
999999, 53386, 109
176, 75734905, 75734905
500, 109387641, 109387641
999999, 53278, 257
175, 75735162, 75735162
500, 109387898, 109387898
999999, 53074, 1
174, 75735163, 75735163
500, 109387899, 109387899
999999, 53074, 9
129, 9248772, 9248772
173, 75735172, 75735172
500, 109387908, 109387908
999999, 53326, 1
128, 9248773, 9248773
173, 75735173, 75735173
500, 109387909, 109387909
999999, 53413, 253
172, 75735426, 75735426
500, 109388162, 109388162
166, 110035330, 109388162
999999, 53437, 62
129, 75573696, 75573696
171, 75735488, 75735488
500, 109388224, 109388224
165, 110035392, 109388224
999999, 53436, 1
129, 75573697, 75573697
171, 75735489, 75735489
500, 109388225, 109388225
164, 110035393, 109388225
999999, 53690, 279
171, 75735768, 75735768
129, 76463832, 75735768
500, 109388504, 109388504
999999, 53420, 1
170, 75735769, 75735769
128, 76463833, 75735769
500, 109388505, 109388505
999999, 53717, 91
500, 109388596, 109388596
999999, 53627, 254
133, 9158706, 9158706
132, 75574322, 9158706
127, 76464178, 9158706
500, 109388850, 109388850
163, 110036018, 109388850
999999, 53392, 1
132, 9158707, 9158707
132, 75574323, 75574323
126, 76464179, 75574323
500, 109388851, 109388851
162, 110036019, 109388851
999999, 53392, 13
131, 9158720, 9158720
132, 75574336, 75574336
169, 75736128, 75736128
500, 109388864, 109388864
161, 110036032, 109388864
999999, 53670, 1
130, 9158721, 9158721
132, 75574337, 75574337
168, 75736129, 75736129
500, 109388865, 109388865
160, 110036033, 109388865
999999, 53670, 355
129, 9159076, 9159076
168, 75736484, 75736484
125, 76464548, 75736484
500, 109389220, 109389220
999999, 53388, 1
128, 9159077, 9159077
168, 75736485, 75736485
500, 109389221, 109389221
999999, 53388, 259
127, 9159336, 9159336
500, 109389480, 109389480
999999, 53359, 1
126, 9159337, 9159337
500, 109389481, 109389481
999999, 53420, 245
125, 9159582, 9159582
127, 9240478, 9240478
129, 9250590, 9250590
135, 75575198, 75575198
168, 75736990, 75736990
500, 109389726, 109389726
159, 110036894, 109389726
999999, 53434, 1
126, 9240479, 9240479
128, 9250591, 9250591
134, 75575199, 75575199
167, 75736991, 75736991
500, 109389727, 109389727
158, 110036895, 109389727
999999, 53511, 55
500, 109389782, 109389782
999999, 53457, 248
127, 9250894, 9250894
500, 109390030, 109390030
157, 110037198, 109390030
999999, 53436, 1
126, 9250895, 9250895
500, 109390031, 109390031
156, 110037199, 109390031
999999, 53436, 69
125, 9240852, 9240852
500, 109390100, 109390100
999999, 53726, 1
125, 9240853, 9240853
500, 109390101, 109390101
999999, 53739, 249
125, 9251214, 9251214
500, 109390350, 109390350
157, 110037518, 109390350
999999, 53491, 1
500, 109390351, 109390351
156, 110037519, 109390351
999999, 53757, 107
166, 75737722, 75737722
500, 109390458, 109390458
999999, 53651, 1
165, 75737723, 75737723
500, 109390459, 109390459
999999, 53709, 203
164, 75737926, 75737926
500, 109390662, 109390662
999999, 53507, 1
163, 75737927, 75737927
500, 109390663, 109390663
999999, 53791, 59
125, 9241474, 9241474
162, 75737986, 75737986
500, 109390722, 109390722
155, 110037890, 109390722
999999, 54070, 1
125, 9241475, 9241475
161, 75737987, 75737987
500, 109390723, 109390723
155, 110037891, 109390723
999999, 54078, 275
217, 47262860, 47262860
215, 114568332, 47262860
999999, 54107, 48
999999, 54106, 310
125, 9242108, 9242108
162, 75738620, 75738620
500, 109391356, 109391356
156, 110038524, 109391356
999999, 53797, 1
125, 9242109, 9242109
162, 75738621, 75738621
500, 109391357, 109391357
156, 110038525, 109391357
999999, 53985, 45
125, 9242154, 9242154
125, 9252266, 9252266
500, 109391402, 109391402
999999, 53941, 1
125, 9252267, 9252267
500, 109391403, 109391403
999999, 54002, 225
127, 9161484, 9161484
500, 109391628, 109391628
156, 110038796, 109391628
999999, 54030, 1
126, 9161485, 9161485
500, 109391629, 109391629
155, 110038797, 109391629
999999, 54073, 53
163, 75738946, 75738946
500, 109391682, 109391682
154, 110038850, 109391682
999999, 54021, 258
163, 75739204, 75739204
500, 109391940, 109391940
999999, 54074, 338
126, 42450838, 42450838
500, 109392278, 109392278
999999, 53737, 96
500, 109392374, 109392374
999999, 53649, 248
500, 109392622, 109392622
153, 110039790, 109392622
999999, 53675, 1
500, 109392623, 109392623
152, 110039791, 109392623
999999, 53721, 33
500, 109392656, 109392656
151, 110039824, 109392656
999999, 53689, 1
500, 109392657, 109392657
150, 110039825, 109392657
999999, 53961, 297
165, 75740218, 75740218
500, 109392954, 109392954
999999, 53665, 1
164, 75740219, 75740219
500, 109392955, 109392955
999999, 53707, 13
500, 109392968, 109392968
999999, 53695, 1
500, 109392969, 109392969
999999, 53989, 345
125, 9163170, 9163170
163, 75740578, 75740578
500, 109393314, 109393314
149, 110040482, 109393314
999999, 53645, 1
163, 75740579, 75740579
500, 109393315, 109393315
149, 110040483, 109393315
999999, 53665, 231
500, 109393546, 109393546
999999, 53435, 56
128, 9254466, 9254466
164, 75740866, 75740866
500, 109393602, 109393602
150, 110040770, 109393602
999999, 53688, 1
127, 9254467, 9254467
164, 75740867, 75740867
500, 109393603, 109393603
150, 110040771, 109393603
999999, 53688, 297
126, 9254764, 9254764
142, 75579372, 75579372
500, 109393900, 109393900
150, 110041068, 109393900
999999, 53400, 1
125, 9254765, 9254765
141, 75579373, 75579373
500, 109393901, 109393901
150, 110041069, 109393901
999999, 53400, 67
132, 42452528, 42452528
500, 109393968, 109393968
149, 110041136, 109393968
999999, 53586, 216
500, 109394184, 109394184
999999, 53433, 1
500, 109394185, 109394185
999999, 53716, 407
126, 8537504, 8537504
131, 42453152, 42453152
140, 75580064, 75580064
167, 75741856, 75741856
500, 109394592, 109394592
149, 110041760, 109394592
999999, 53402, 1
125, 8537505, 8537505
130, 42453153, 42453153
139, 75580065, 75580065
166, 75741857, 75741857
500, 109394593, 109394593
148, 110041761, 109394593
999999, 53617, 189
129, 42453342, 42453342
138, 75580254, 75580254
165, 75742046, 75742046
500, 109394782, 109394782
147, 110041950, 109394782
999999, 53429, 1
128, 42453343, 42453343
137, 75580255, 75580255
165, 75742047, 75742047
500, 109394783, 109394783
147, 110041951, 109394783
999999, 53477, 59
136, 75580314, 75580314
165, 75742106, 75742106
500, 109394842, 109394842
999999, 53419, 1
270, 26557369, 26557369
999999, 53687, 257
163, 75742364, 75742364
500, 109395100, 109395100
147, 110042268, 109395100
999999, 53431, 82
500, 109395182, 109395182
146, 110042350, 109395182
999999, 53438, 1
500, 109395183, 109395183
145, 110042351, 109395183
999999, 53438, 231
500, 109395414, 109395414
999999, 53426, 1
500, 109395415, 109395415
999999, 53521, 100
162, 75742779, 75742779
500, 109395515, 109395515
999999, 53647, 251
500, 109395766, 109395766
999999, 53397, 293
161, 75743323, 75743323
500, 109396059, 109396059
999999, 53208, 49
500, 109396108, 109396108
999999, 53417, 1
500, 109396109, 109396109
999999, 53739, 289
500, 109396398, 109396398
999999, 53451, 1
500, 109396399, 109396399
999999, 53491, 69
500, 109396468, 109396468
999999, 53423, 1
500, 109396469, 109396469
999999, 53683, 249
500, 109396718, 109396718
999999, 53435, 1
500, 109396719, 109396719
999999, 53489, 33
500, 109396752, 109396752
999999, 53457, 1
500, 109396753, 109396753
999999, 53645, 295
164, 75744312, 75744312
500, 109397048, 109397048
999999, 53351, 1
163, 75744313, 75744313
500, 109397049, 109397049
999999, 53397, 56
500, 109397105, 109397105
999999, 53609, 269
999999, 53399, 1
141, 75582847, 75582847
163, 75744639, 75744639
500, 109397375, 109397375
147, 110044543, 109397375
999999, 53659, 19
500, 109397394, 109397394
999999, 53641, 1
500, 109397395, 109397395
999999, 53731, 292
143, 75583159, 75583159
500, 109397687, 109397687
999999, 53440, 271
163, 75745222, 75745222
500, 109397958, 109397958
999999, 53382, 1
162, 75745223, 75745223
500, 109397959, 109397959
999999, 53382, 74
126, 9258897, 9258897
500, 109398033, 109398033
999999, 53368, 290
500, 109398323, 109398323
999999, 53413, 61
999999, 53353, 232
161, 75745880, 75745880
500, 109398616, 109398616
999999, 53358, 1
999999, 53358, 47
500, 109398664, 109398664
999999, 53418, 1
500, 109398665, 109398665
999999, 53418, 304
999999, 53377, 44
135, 42457573, 42457573
160, 75746277, 75746277
500, 109399013, 109399013
999999, 53334, 261
134, 42457834, 42457834
500, 109399274, 109399274
999999, 53123, 1
999999, 53383, 57
999999, 53327, 268
500, 109399600, 109399600
999999, 53073, 1
500, 109399601, 109399601
999999, 53342, 47
125, 8542560, 8542560
127, 9260512, 9260512
131, 42458208, 42458208
142, 75585120, 75585120
159, 75746912, 75746912
500, 109399648, 109399648
148, 110046816, 109399648
999999, 53390, 1
126, 9260513, 9260513
130, 42458209, 42458209
141, 75585121, 75585121
158, 75746913, 75746913
500, 109399649, 109399649
147, 110046817, 109399649
999999, 53390, 189
125, 9260702, 9260702
129, 42458398, 42458398
140, 75585310, 75585310
157, 75747102, 75747102
500, 109399838, 109399838
146, 110047006, 109399838
999999, 53420, 48
500, 109399886, 109399886
999999, 53373, 584
139, 75585942, 75585942
500, 109400470, 109400470
999999, 52898, 1
138, 75585943, 75585943
500, 109400471, 109400471
999999, 53217, 88
500, 109400559, 109400559
999999, 53130, 229
500, 109400788, 109400788
999999, 53150, 1
500, 109400789, 109400789
999999, 53150, 45
129, 42459394, 42459394
157, 75748098, 75748098
500, 109400834, 109400834
145, 110048002, 109400834
999999, 53119, 280
156, 75748378, 75748378
500, 109401114, 109401114
999999, 53118, 1
155, 75748379, 75748379
500, 109401115, 109401115
999999, 53118, 55
500, 109401170, 109401170
999999, 53111, 296
154, 75748730, 75748730
500, 109401466, 109401466
999999, 53106, 10
153, 75748740, 75748740
500, 109401476, 109401476
999999, 53150, 299
500, 109401775, 109401775
999999, 52852, 317
500, 109402092, 109402092
999999, 52808, 1
500, 109402093, 109402093
999999, 52808, 56
126, 8615845, 8615845
126, 9263013, 9263013
152, 75749413, 75749413
500, 109402149, 109402149
999999, 52797, 247
151, 75749660, 75749660
500, 109402396, 109402396
144, 110049564, 109402396
999999, 52551, 1
150, 75749661, 75749661
500, 109402397, 109402397
143, 110049565, 109402397
999999, 52819, 95
999999, 52725, 1
130, 42461053, 42461053
149, 75749757, 75749757
500, 109402493, 109402493
141, 110049661, 109402493
999999, 52772, 213
128, 8616402, 8616402
500, 109402706, 109402706
999999, 52748, 1
128, 8616403, 8616403
500, 109402707, 109402707
999999, 52809, 89
500, 109402796, 109402796
999999, 52721, 1
500, 109402797, 109402797
999999, 52961, 265
126, 42754870, 42754870
500, 109403062, 109403062
999999, 53028, 1
999999, 53028, 51
500, 109403114, 109403114
999999, 53068, 1
500, 109403115, 109403115
999999, 53068, 257
130, 8617068, 8617068
500, 109403372, 109403372
999999, 53037, 68
133, 42462000, 42462000
500, 109403440, 109403440
999999, 53024, 226
129, 8546578, 8546578
500, 109403666, 109403666
999999, 52799, 1
128, 8546579, 8546579
500, 109403667, 109403667
999999, 53099, 48
127, 8546627, 8546627
131, 8617411, 8617411
153, 75750979, 75750979
500, 109403715, 109403715
140, 110050883, 109403715
999999, 53052, 305
500, 109404020, 109404020
999999, 52766, 12
126, 8546944, 8546944
130, 8617728, 8617728
133, 9264896, 9264896
152, 75751296, 75751296
500, 109404032, 109404032
139, 110051200, 109404032
999999, 53003, 1
125, 8546945, 8546945
129, 8617729, 8617729
132, 9264897, 9264897
151, 75751297, 75751297
500, 109404033, 109404033
138, 110051201, 109404033
999999, 53099, 257
128, 8617986, 8617986
131, 9265154, 9265154
150, 75751554, 75751554
500, 109404290, 109404290
137, 110051458, 109404290
999999, 52843, 1
127, 8617987, 8617987
131, 9265155, 9265155
149, 75751555, 75751555
500, 109404291, 109404291
136, 110051459, 109404291
999999, 53063, 97
140, 75589860, 75589860
148, 75751652, 75751652
500, 109404388, 109404388
999999, 52967, 1
139, 75589861, 75589861
147, 75751653, 75751653
500, 109404389, 109404389
999999, 53021, 253
126, 8618338, 8618338
131, 9265506, 9265506
146, 75751906, 75751906
500, 109404642, 109404642
135, 110051810, 109404642
999999, 53060, 1
125, 8618339, 8618339
130, 9265507, 9265507
145, 75751907, 75751907
500, 109404643, 109404643
134, 110051811, 109404643
999999, 53060, 61
125, 8547616, 8547616
129, 9265568, 9265568
135, 42463264, 42463264
138, 75590176, 75590176
144, 75751968, 75751968
500, 109404704, 109404704
133, 110051872, 109404704
999999, 53058, 190
125, 8547806, 8547806
128, 9265758, 9265758
134, 42463454, 42463454
137, 75590366, 75590366
143, 75752158, 75752158
500, 109404894, 109404894
132, 110052062, 109404894
999999, 52869, 1
127, 9265759, 9265759
133, 42463455, 42463455
136, 75590367, 75590367
143, 75752159, 75752159
500, 109404895, 109404895
131, 110052063, 109404895
999999, 53151, 55
500, 109404950, 109404950
130, 110052118, 109404950
999999, 53108, 1
500, 109404951, 109404951
129, 110052119, 109404951
999999, 53411, 321
132, 42463832, 42463832
144, 75752536, 75752536
500, 109405272, 109405272
999999, 53091, 246
500, 109405518, 109405518
999999, 52852, 1
500, 109405519, 109405519
999999, 52852, 73
131, 42464152, 42464152
143, 75752856, 75752856
500, 109405592, 109405592
999999, 53044, 1
130, 42464153, 42464153
142, 75752857, 75752857
500, 109405593, 109405593
999999, 53044, 291
126, 9266748, 9266748
141, 75753148, 75753148
500, 109405884, 109405884
128, 110053052, 109405884
999999, 52821, 1
125, 9266749, 9266749
140, 75753149, 75753149
500, 109405885, 109405885
127, 110053053, 109405885
999999, 53115, 321
135, 75591678, 75591678
139, 75753470, 75753470
500, 109406206, 109406206
126, 110053374, 109406206
999999, 52795, 1
135, 75591679, 75591679
138, 75753471, 75753471
500, 109406207, 109406207
125, 110053375, 109406207
999999, 52841, 13
500, 109406220, 109406220
999999, 53065, 1
500, 109406221, 109406221
999999, 53111, 249
138, 75753734, 75753734
500, 109406470, 109406470
999999, 53212, 1
137, 75753735, 75753735
500, 109406471, 109406471
999999, 53212, 65
500, 109406536, 109406536
999999, 53412, 1
500, 109406537, 109406537
999999, 53412, 307
136, 75754108, 75754108
500, 109406844, 109406844
999999, 53158, 1
135, 75754109, 75754109
500, 109406845, 109406845
999999, 53158, 5
135, 75754114, 75754114
500, 109406850, 109406850
999999, 53374, 1
135, 75754115, 75754115
500, 109406851, 109406851
999999, 53374, 303
500, 109407154, 109407154
999999, 53166, 1
500, 109407155, 109407155
999999, 53355, 47
136, 75754466, 75754466
500, 109407202, 109407202
999999, 53364, 1
135, 75754467, 75754467
500, 109407203, 109407203
999999, 53364, 235
500, 109407438, 109407438
999999, 53432, 1
500, 109407439, 109407439
999999, 53432, 107
135, 75754810, 75754810
500, 109407546, 109407546
999999, 53600, 252
500, 109407798, 109407798
999999, 53349, 14
133, 9268676, 9268676
135, 75755076, 75755076
500, 109407812, 109407812
999999, 53433, 1
132, 9268677, 9268677
134, 75755077, 75755077
500, 109407813, 109407813
999999, 53637, 305
131, 9268982, 9268982
500, 109408118, 109408118
999999, 53333, 1
130, 9268983, 9268983
500, 109408119, 109408119
999999, 53393, 17
500, 109408136, 109408136
999999, 53377, 1
500, 109408137, 109408137
999999, 53686, 263
500, 109408400, 109408400
999999, 53484, 96
500, 109408496, 109408496
999999, 53389, 229
128, 8622421, 8622421
500, 109408725, 109408725
999999, 53367, 81
134, 75756070, 75756070
500, 109408806, 109408806
999999, 53287, 1
133, 75756071, 75756071
500, 109408807, 109408807
999999, 53387, 262
129, 9269933, 9269933
500, 109409069, 109409069
999999, 53126, 67
500, 109409136, 109409136
999999, 53274, 212
144, 75594820, 75594820
132, 75756612, 75594820
500, 109409348, 109409348
999999, 53063, 94
127, 8623138, 8623138
128, 9270306, 9270306
131, 75756706, 75756706
500, 109409442, 109409442
999999, 53072, 1
126, 8623139, 8623139
127, 9270307, 9270307
130, 75756707, 75756707
500, 109409443, 109409443
999999, 53072, 257
145, 75595172, 75595172
129, 75756964, 75595172
500, 109409700, 109409700
999999, 53036, 60
126, 8623456, 8623456
126, 9270624, 9270624
136, 42468320, 42468320
145, 75595232, 75595232
129, 75757024, 75595232
500, 109409760, 109409760
999999, 53060, 1
125, 8623457, 8623457
125, 9270625, 9270625
136, 42468321, 42468321
145, 75595233, 75595233
129, 75757025, 75595233
500, 109409761, 109409761
999999, 53060, 189
125, 8623646, 8623646
135, 42468510, 42468510
144, 75595422, 75595422
128, 75757214, 75595422
500, 109409950, 109409950
999999, 53112, 1
125, 8623647, 8623647
134, 42468511, 42468511
143, 75595423, 75595423
127, 75757215, 75595423
500, 109409951, 109409951
999999, 53112, 55
125, 8623702, 8623702
500, 109410006, 109410006
999999, 53152, 296
125, 8623998, 8623998
144, 75595774, 75595774
126, 75757566, 75595774
500, 109410302, 109410302
999999, 52857, 62
125, 75757628, 75757628
500, 109410364, 109410364
999999, 53020, 1
500, 109410365, 109410365
999999, 53322, 313
500, 109410678, 109410678
999999, 53082, 1
999999, 53082, 225
500, 109410904, 109410904
999999, 53135, 1
500, 109410905, 109410905
999999, 53193, 47
126, 8624648, 8624648
500, 109410952, 109410952
999999, 53392, 1
125, 8624649, 8624649
500, 109410953, 109410953
999999, 53447, 323
500, 109411276, 109411276
999999, 53125, 298
500, 109411574, 109411574
999999, 53118, 1
500, 109411575, 109411575
999999, 53118, 11
500, 109411586, 109411586
999999, 53390, 1
500, 109411587, 109411587
999999, 53390, 312
500, 109411899, 109411899
999999, 53159, 13
500, 109411912, 109411912
999999, 53408, 298
500, 109412210, 109412210
999999, 53111, 1
500, 109412211, 109412211
999999, 53165, 49
500, 109412260, 109412260
999999, 53117, 1
500, 109412261, 109412261
999999, 53306, 234
500, 109412495, 109412495
999999, 53131, 55
500, 109412550, 109412550
999999, 53077, 1
500, 109412551, 109412551
999999, 53327, 261
500, 109412812, 109412812
999999, 53067, 1
500, 109412813, 109412813
999999, 53117, 93
500, 109412906, 109412906
999999, 53025, 1
500, 109412907, 109412907
999999, 53297, 273
999999, 53025, 1
500, 109413181, 109413181
999999, 53105, 45
132, 9274090, 9274090
500, 109413226, 109413226
999999, 53061, 1
131, 9274091, 9274091
500, 109413227, 109413227
999999, 53275, 263
500, 109413490, 109413490
999999, 53013, 1
500, 109413491, 109413491
999999, 53107, 49
500, 109413540, 109413540
999999, 53299, 266
131, 8627502, 8627502
130, 9274670, 8627502
500, 109413806, 109413806
999999, 53120, 1
131, 8627503, 8627503
129, 9274671, 8627503
500, 109413807, 109413807
999999, 53120, 61
128, 9274732, 9274732
500, 109413868, 109413868
999999, 53280, 1
127, 9274733, 9274733
500, 109413869, 109413869
999999, 53373, 228
131, 8627793, 8627793
126, 9274961, 8627793
500, 109414097, 109414097
999999, 53146, 87
143, 42472744, 42472744
149, 75599656, 75599656
126, 76241768, 75599656
500, 109414184, 109414184
999999, 53279, 1
999999, 53391, 223
147, 75599880, 75599880
500, 109414408, 109414408
999999, 53169, 1
146, 75599881, 75599881
500, 109414409, 109414409
999999, 53412, 351
500, 109414760, 109414760
999999, 53120, 1
500, 109414761, 109414761
999999, 53120, 55
133, 8628512, 8628512
125, 9275680, 8628512
141, 42473376, 42473376
145, 75600288, 75600288
129, 76045216, 75600288
126, 76242400, 75600288
500, 109414816, 109414816
999999, 53303, 1
132, 8628513, 8628513
140, 42473377, 42473377
144, 75600289, 75600289
128, 76045217, 75600289
125, 76242401, 75600289
500, 109414817, 109414817
999999, 53397, 250
276, 26577593, 26577593
999999, 53148, 243
130, 8629006, 8629006
500, 109415310, 109415310
999999, 53167, 74
500, 109415384, 109415384
999999, 53412, 1
500, 109415385, 109415385
999999, 53412, 293
129, 8629374, 8629374
500, 109415678, 109415678
999999, 53125, 23
128, 8629397, 8629397
126, 76046101, 8629397
500, 109415701, 109415701
999999, 53405, 289
999999, 53117, 1
142, 75601463, 75601463
500, 109415991, 109415991
999999, 53163, 59
500, 109416050, 109416050
999999, 53105, 1
500, 109416051, 109416051
999999, 53371, 233
500, 109416284, 109416284
999999, 53160, 94
500, 109416378, 109416378
999999, 53067, 1
500, 109416379, 109416379
999999, 53320, 215
500, 109416594, 109416594
999999, 53424, 102
999999, 53323, 1
500, 109416697, 109416697
999999, 53423, 217
500, 109416914, 109416914
999999, 53471, 91
500, 109417005, 109417005
999999, 53428, 267
141, 42475832, 42475832
500, 109417272, 109417272
127, 109922872, 109417272
999999, 53350, 1
141, 42475833, 42475833
500, 109417273, 109417273
127, 109922873, 109417273
999999, 53350, 47
125, 8560232, 8560232
125, 8590568, 8590568
140, 42475880, 42475880
144, 75602792, 75602792
125, 76047720, 75602792
125, 76244904, 75602792
500, 109417320, 109417320
126, 109922920, 109417320
999999, 53351, 1
125, 8590569, 8590569
139, 42475881, 42475881
143, 75602793, 75602793
500, 109417321, 109417321
125, 109922921, 109417321
999999, 53619, 241
500, 109417562, 109417562
999999, 53379, 1
500, 109417563, 109417563
999999, 53467, 49
500, 109417612, 109417612
999999, 53419, 1
500, 109417613, 109417613
999999, 53647, 253
127, 8591114, 8591114
500, 109417866, 109417866
999999, 53395, 1
126, 8591115, 8591115
500, 109417867, 109417867
999999, 53439, 97
500, 109417964, 109417964
999999, 53343, 1
500, 109417965, 109417965
999999, 53655, 232
125, 42072277, 42072277
125, 76048597, 76048597
500, 109418197, 109418197
999999, 53424, 81
132, 8631974, 8631974
500, 109418278, 109418278
999999, 53608, 1
131, 8631975, 8631975
500, 109418279, 109418279
999999, 53608, 221
500, 109418500, 109418500
999999, 53448, 1
500, 109418501, 109418501
999999, 53448, 333
500, 109418834, 109418834
999999, 53416, 1
500, 109418835, 109418835
999999, 53437, 95
242, 109418931, 109418931
999999, 53343, 1
135, 9279795, 9279795
500, 109418931, 109418931
999999, 53641, 244
500, 109419175, 109419175
999999, 53398, 65
145, 42477800, 42477800
500, 109419240, 109419240
999999, 53340, 255
500, 109419495, 109419495
999999, 53086, 66
125, 8592809, 8592809
146, 42478121, 42478121
500, 109419561, 109419561
999999, 53376, 249
126, 8562722, 8562722
135, 9280674, 9280674
144, 75605282, 75605282
500, 109419810, 109419810
999999, 53365, 1
126, 8562723, 8562723
135, 9280675, 9280675
143, 75605283, 75605283
500, 109419811, 109419811
999999, 53459, 251
126, 8562974, 8562974
126, 8593310, 8593310
130, 8633758, 8633758
135, 9280926, 9280926
146, 42478622, 42478622
142, 75605534, 42478622
125, 109298718, 42478622
500, 109420062, 109420062
127, 109925662, 109420062
999999, 53209, 61
125, 8593371, 8593371
500, 109420123, 109420123
126, 109925723, 109420123
999999, 53410, 292
129, 8634111, 8634111
134, 9281279, 9281279
500, 109420415, 109420415
125, 109926015, 109420415
999999, 53123, 11
128, 8634122, 8634122
141, 75605898, 75605898
500, 109420426, 109420426
999999, 53420, 1
127, 8634123, 8634123
140, 75605899, 75605899
500, 109420427, 109420427
999999, 53420, 260
126, 8634383, 8634383
133, 9281551, 9281551
145, 42479247, 42479247
500, 109420687, 109420687
999999, 53477, 103
144, 42479350, 42479350
139, 75606262, 42479350
500, 109420790, 109420790
999999, 53375, 1
143, 42479351, 42479351
138, 75606263, 42479351
500, 109420791, 109420791
999999, 53420, 211
142, 42479562, 42479562
500, 109421002, 109421002
999999, 53448, 1
141, 42479563, 42479563
500, 109421003, 109421003
999999, 53448, 97
500, 109421100, 109421100
999999, 53399, 1
500, 109421101, 109421101
999999, 53707, 233
129, 8564246, 8564246
125, 8635030, 8564246
135, 9282198, 9282198
137, 75606806, 75606806
500, 109421334, 109421334
999999, 53475, 1
128, 8564247, 8564247
134, 9282199, 9282199
137, 75606807, 75606807
500, 109421335, 109421335
999999, 53518, 61
133, 9282260, 9282260
500, 109421396, 109421396
999999, 53684, 1
999999, 53684, 255
127, 8564564, 8564564
144, 42480212, 42480212
500, 109421652, 109421652
999999, 53520, 1
999999, 53520, 85
125, 8564650, 8564650
125, 8635434, 8635434
143, 42480298, 42480298
500, 109421738, 109421738
999999, 53702, 1
142, 42480299, 42480299
500, 109421739, 109421739
999999, 53702, 267
139, 75607478, 75607478
500, 109422006, 109422006
126, 109927606, 109422006
999999, 53483, 1
139, 75607479, 75607479
500, 109422007, 109422007
126, 109927607, 109422007
999999, 53671, 51
144, 42480618, 42480618
500, 109422058, 109422058
999999, 53621, 1
143, 42480619, 42480619
500, 109422059, 109422059
999999, 53667, 264
129, 8595571, 8595571
500, 109422323, 109422323
999999, 53673, 13
126, 42217984, 42217984
139, 75607808, 75607808
500, 109422336, 109422336
999999, 53661, 1
125, 42217985, 42217985
138, 75607809, 75607809
500, 109422337, 109422337
999999, 53753, 283
500, 109422620, 109422620
126, 109928220, 109422620
999999, 53471, 1
500, 109422621, 109422621
125, 109928221, 109422621
999999, 53785, 55
500, 109422676, 109422676
999999, 53731, 1
500, 109422677, 109422677
999999, 53977, 281
500, 109422958, 109422958
999999, 53993, 34
500, 109422992, 109422992
999999, 54046, 1
500, 109422993, 109422993
999999, 54267, 245
500, 109423238, 109423238
999999, 54023, 108
129, 8637042, 8637042
131, 9193202, 9193202
500, 109423346, 109423346
999999, 54022, 1
129, 8637043, 8637043
131, 9193203, 9193203
500, 109423347, 109423347
999999, 54022, 209
500, 109423556, 109423556
999999, 54024, 1
500, 109423557, 109423557
999999, 54024, 95
500, 109423652, 109423652
999999, 54030, 1
500, 109423653, 109423653
999999, 54030, 277
999999, 53974, 1
500, 109423931, 109423931
999999, 54022, 265
500, 109424196, 109424196
999999, 54038, 100
129, 8597544, 8597544
142, 42482856, 42482856
500, 109424296, 109424296
999999, 53939, 254
141, 42483110, 42483110
500, 109424550, 109424550
999999, 53728, 1
140, 42483111, 42483111
500, 109424551, 109424551
999999, 53728, 65
128, 8597864, 8597864
139, 42483176, 42483176
500, 109424616, 109424616
999999, 53923, 1
127, 8597865, 8597865
138, 42483177, 42483177
500, 109424617, 109424617
999999, 53979, 215
128, 8638528, 8638528
144, 9285696, 9285696
137, 42483392, 9285696
142, 75610304, 9285696
500, 109424832, 109424832
999999, 53765, 1
127, 8638529, 8638529
143, 9285697, 9285697
136, 42483393, 9285697
141, 75610305, 9285697
500, 109424833, 109424833
999999, 54062, 96
126, 8598177, 8598177
142, 8628513, 8628513
126, 8638625, 8628513
134, 9194785, 8628513
142, 9285793, 9285793
131, 42079009, 9285793
135, 42483489, 9285793
140, 75610401, 9285793
127, 109303585, 9285793
500, 109424929, 109424929
129, 109768737, 109424929
125, 109930529, 109424929
999999, 54027, 189
125, 8598366, 8598366
141, 8628702, 8628702
125, 8638814, 8628702
133, 9194974, 8628702
141, 9285982, 9285982
130, 42079198, 9285982
134, 42483678, 9285982
139, 75610590, 9285982
127, 109303774, 9285982
500, 109425118, 109425118
128, 109768926, 109425118
999999, 53839, 63
129, 42079261, 42079261
500, 109425181, 109425181
999999, 54029, 254
140, 9286299, 9286299
126, 109304091, 9286299
500, 109425435, 109425435
999999, 53776, 49
132, 9195340, 9195340
139, 9286348, 9286348
500, 109425484, 109425484
999999, 53788, 1
131, 9195341, 9195341
138, 9286349, 9286349
500, 109425485, 109425485
999999, 53788, 266
137, 9286615, 9286615
133, 42484311, 9286615
138, 75611223, 75611223
500, 109425751, 109425751
999999, 53797, 87
136, 9286702, 9286702
500, 109425838, 109425838
129, 109769646, 109425838
999999, 53711, 1
135, 9286703, 9286703
500, 109425839, 109425839
128, 109769647, 109425839
999999, 53765, 267
128, 8467898, 8467898
128, 42080186, 42080186
500, 109426106, 109426106
999999, 53499, 48
500, 109426154, 109426154
999999, 53710, 1
500, 109426155, 109426155
999999, 53710, 239
130, 8468186, 8468186
131, 109305050, 109305050
500, 109426394, 109426394
999999, 53478, 50
500, 109426444, 109426444
999999, 53429, 262
137, 9287570, 9287570
132, 42485266, 9287570
500, 109426706, 109426706
999999, 53473, 1
137, 9287571, 9287571
132, 42485267, 9287571
500, 109426707, 109426707
999999, 53525, 326
137, 9287897, 9287897
132, 42485593, 9287897
137, 75612505, 75612505
500, 109427033, 109427033
129, 109770841, 109427033
999999, 53200, 77
136, 9287974, 9287974
132, 42485670, 9287974
136, 75612582, 75612582
500, 109427110, 109427110
128, 109770918, 109427110
999999, 53338, 1
135, 9287975, 9287975
132, 42485671, 9287975
135, 75612583, 75612583
500, 109427111, 109427111
127, 109770919, 109427111
999999, 53338, 221
136, 8469124, 8469124
134, 9197188, 8469124
127, 9338756, 8469124
500, 109427332, 109427332
999999, 53213, 1
136, 8469125, 8469125
134, 9197189, 8469125
127, 9338757, 8469125
500, 109427333, 109427333
999999, 53401, 59
136, 8469184, 8469184
142, 8630976, 8630976
127, 9338816, 8630976
132, 42081472, 8630976
500, 109427392, 109427392
999999, 53438, 1
136, 8469185, 8469185
141, 8630977, 8630977
127, 9338817, 8630977
131, 42081473, 8630977
500, 109427393, 109427393
999999, 53645, 317
136, 8469502, 8469502
140, 8631294, 8631294
130, 42081790, 8631294
125, 42910974, 8631294
500, 109427710, 109427710
999999, 53329, 1
136, 8469503, 8469503
140, 8631295, 8631295
129, 42081791, 8631295
500, 109427711, 109427711
999999, 53402, 13
136, 75613196, 75613196
500, 109427724, 109427724
999999, 53634, 1
135, 75613197, 75613197
500, 109427725, 109427725
999999, 53634, 263
125, 8641684, 8641684
500, 109427988, 109427988
999999, 53440, 82
139, 9288934, 9288934
134, 75613542, 9288934
500, 109428070, 109428070
130, 109771878, 109428070
999999, 53359, 238
125, 8601556, 8601556
138, 9289172, 9289172
500, 109428308, 109428308
999999, 53366, 87
500, 109428395, 109428395
999999, 53280, 257
136, 42487212, 42487212
500, 109428652, 109428652
999999, 53114, 1
135, 42487213, 42487213
500, 109428653, 109428653
999999, 53353, 59
134, 42487272, 42487272
500, 109428712, 109428712
999999, 53295, 1
133, 42487273, 42487273
500, 109428713, 109428713
999999, 53611, 226
140, 8632523, 8632523
500, 109428939, 109428939
999999, 53471, 104
500, 109429043, 109429043
999999, 53368, 243
126, 8602534, 8602534
140, 9290150, 9290150
125, 42912550, 9290150
136, 109307942, 9290150
500, 109429286, 109429286
999999, 53398, 26
149, 8471104, 8471104
137, 9340736, 8471104
133, 75614784, 8471104
125, 75675456, 8471104
135, 109307968, 8471104
500, 109429312, 109429312
999999, 53373, 295
999999, 53119, 74
139, 8633265, 8633265
139, 9290545, 9290545
133, 109308337, 9290545
500, 109429681, 109429681
999999, 53307, 242
142, 9199779, 9199779
138, 9290787, 9199779
128, 42084003, 9199779
500, 109429923, 109429923
999999, 53066, 61
152, 8471776, 8471776
125, 8603232, 8471776
138, 8633568, 8471776
141, 9199840, 8471776
137, 9290848, 8471776
136, 9341408, 8471776
127, 42084064, 8471776
133, 42488544, 8471776
132, 75615456, 8471776
125, 75676128, 8471776
132, 109308640, 8471776
500, 109429984, 109429984
128, 109773792, 109429984
999999, 53025, 1
152, 8471777, 8471777
137, 8633569, 8471777
140, 9199841, 8471777
136, 9290849, 8471777
135, 9341409, 8471777
126, 42084065, 8471777
132, 42488545, 8471777
131, 75615457, 8471777
131, 109308641, 8471777
500, 109429985, 109429985
127, 109773793, 109429985
999999, 53294, 190
152, 8471967, 8471967
136, 8633759, 8471967
139, 9200031, 8471967
135, 9291039, 8471967
134, 9341599, 8471967
126, 42084255, 8471967
131, 42488735, 8471967
131, 75615647, 8471967
130, 109308831, 8471967
500, 109430175, 109430175
126, 109773983, 109430175
999999, 53165, 61
138, 9200092, 9200092
134, 9291100, 9200092
126, 42084316, 9200092
500, 109430236, 109430236
125, 109774044, 109430236
999999, 53105, 1
137, 9200093, 9200093
133, 9291101, 9200093
125, 42084317, 9200093
500, 109430237, 109430237
999999, 53405, 250
130, 42489047, 42489047
131, 75615959, 75615959
500, 109430487, 109430487
999999, 53165, 51
135, 8634122, 8634122
136, 9200394, 9200394
129, 109309194, 9200394
500, 109430538, 109430538
999999, 53115, 1
134, 8634123, 8634123
135, 9200395, 9200395
128, 109309195, 9200395
500, 109430539, 109430539
999999, 53389, 273
134, 9200668, 9200668
127, 109309468, 9200668
500, 109430812, 109430812
999999, 53117, 1
240, 3295239, 3295239
153, 104253447, 3295239
999999, 53208, 90
132, 9200759, 9200759
130, 75616375, 9200759
125, 109309559, 9200759
500, 109430903, 109430903
999999, 53365, 226
500, 109431129, 109431129
999999, 53159, 55
132, 9292048, 9292048
500, 109431184, 109431184
999999, 53105, 267
162, 8473243, 8473243
131, 9292315, 8473243
500, 109431451, 109431451
999999, 53111, 48
131, 9201355, 9201355
130, 9292363, 9201355
500, 109431499, 109431499
999999, 53064, 305
133, 9343228, 9343228
500, 109431804, 109431804
999999, 52854, 1
132, 9343229, 9343229
500, 109431805, 109431805
999999, 52854, 47
999999, 53021, 1
500, 109431853, 109431853
999999, 53109, 217
500, 109432070, 109432070
999999, 52893, 1
500, 109432071, 109432071
999999, 53163, 65
130, 9201992, 9201992
129, 75617608, 9201992
500, 109432136, 109432136
999999, 53099, 1
129, 9201993, 9201993
128, 75617609, 9201993
500, 109432137, 109432137
999999, 53147, 299
128, 9202292, 9202292
131, 9343860, 9343860
500, 109432436, 109432436
999999, 52849, 1
127, 9202293, 9202293
130, 9343861, 9343861
500, 109432437, 109432437
999999, 53102, 45
127, 9202338, 9202338
135, 42491042, 42491042
500, 109432482, 109432482
999999, 53118, 1
127, 9202339, 9202339
135, 42491043, 42491043
500, 109432483, 109432483
999999, 53118, 249
127, 9202588, 9202588
135, 42491292, 42491292
500, 109432732, 109432732
999999, 53059, 1
126, 9202589, 9202589
134, 42491293, 42491293
500, 109432733, 109432733
999999, 53154, 47
125, 9202636, 9202636
500, 109432780, 109432780
999999, 53327, 1
500, 109432781, 109432781
999999, 53681, 268
500, 109433049, 109433049
999999, 53414, 307
500, 109433356, 109433356
999999, 53114, 1
500, 109433357, 109433357
999999, 53382, 53
500, 109433410, 109433410
999999, 53390, 1
500, 109433411, 109433411
999999, 53390, 257
184, 8475460, 8475460
130, 42128196, 8475460
500, 109433668, 109433668
126, 109777476, 109433668
999999, 53398, 1
184, 8475461, 8475461
129, 42128197, 8475461
500, 109433669, 109433669
125, 109777477, 109433669
999999, 53455, 100
134, 42492329, 42492329
133, 75619241, 42492329
500, 109433769, 109433769
999999, 53651, 226
500, 109433995, 109433995
999999, 53426, 61
133, 42492616, 42492616
132, 75619528, 42492616
500, 109434056, 109434056
999999, 53373, 1
132, 42492617, 42492617
132, 75619529, 75619529
500, 109434057, 109434057
999999, 53642, 298
999999, 53433, 14
189, 8476161, 8476161
126, 8607617, 8476161
130, 8648065, 8476161
143, 9295233, 8476161
125, 42230017, 8476161
132, 75619841, 8476161
132, 109313025, 8476161
500, 109434369, 109434369
999999, 53673, 319
189, 8476480, 8476480
129, 8648384, 8476480
143, 9295552, 8476480
131, 75620160, 8476480
131, 109313344, 8476480
500, 109434688, 109434688
999999, 53355, 1
189, 8476481, 8476481
128, 8648385, 8476481
143, 9295553, 8476481
131, 75620161, 8476481
130, 109313345, 8476481
500, 109434689, 109434689
999999, 53416, 255
189, 8476736, 8476736
125, 8608192, 8476736
141, 8638528, 8476736
500, 109434944, 109434944
999999, 53438, 1
189, 8476737, 8476737
140, 8638529, 8476737
500, 109434945, 109434945
999999, 53438, 95
189, 8476832, 8476832
139, 8638624, 8476832
129, 8648736, 8476832
126, 9290848, 8476832
142, 9295904, 8476832
138, 9346464, 8476832
130, 42129568, 8476832
125, 42230688, 8476832
132, 42493600, 8476832
130, 75620512, 8476832
126, 75681184, 8476832
130, 109313696, 8476832
500, 109435040, 109435040
999999, 53354, 1
189, 8476833, 8476833
138, 8638625, 8476833
128, 8648737, 8476833
125, 9290849, 8476833
141, 9295905, 8476833
138, 9346465, 8476833
129, 42129569, 8476833
125, 42230689, 8476833
132, 42493601, 8476833
129, 75620513, 8476833
125, 75681185, 8476833
130, 109313697, 8476833
500, 109435041, 109435041
999999, 53354, 189
189, 8477022, 8477022
137, 8638814, 8477022
127, 8648926, 8477022
140, 9296094, 8477022
137, 9346654, 8477022
128, 42129758, 8477022
131, 42493790, 8477022
128, 75620702, 8477022
129, 109313886, 8477022
500, 109435230, 109435230
999999, 53526, 1
189, 8477023, 8477023
136, 8638815, 8477023
126, 8648927, 8477023
139, 9296095, 8477023
136, 9346655, 8477023
127, 42129759, 8477023
130, 42493791, 8477023
127, 75620703, 8477023
128, 109313887, 8477023
500, 109435231, 109435231
999999, 53526, 95
999999, 53659, 1
189, 8477119, 8477119
134, 8638911, 8477119
137, 9296191, 8477119
136, 9346751, 8477119
500, 109435327, 109435327
999999, 53736, 269
136, 9296460, 9296460
500, 109435596, 109435596
999999, 53727, 270
190, 8477658, 8477658
129, 42494426, 8477658
500, 109435866, 109435866
999999, 53513, 1
190, 8477659, 8477659
128, 42494427, 8477659
500, 109435867, 109435867
999999, 53791, 97
127, 42494524, 42494524
500, 109435964, 109435964
999999, 53695, 1
126, 42494525, 42494525
500, 109435965, 109435965
999999, 53751, 253
192, 8478010, 8478010
136, 9297082, 8478010
128, 42130746, 8478010
125, 42494778, 8478010
500, 109436218, 109436218
999999, 53718, 62
135, 9297144, 9297144
500, 109436280, 109436280
999999, 53738, 228
500, 109436508, 109436508
999999, 53511, 1
500, 109436509, 109436509
999999, 53844, 45
500, 109436554, 109436554
999999, 54042, 348
128, 75622374, 75622374
500, 109436902, 109436902
999999, 53695, 1
128, 75622375, 75622375
500, 109436903, 109436903
999999, 53943, 263
128, 75622638, 75622638
500, 109437166, 109437166
999999, 53681, 1
127, 75622639, 75622639
500, 109437167, 109437167
999999, 53742, 34
127, 75622673, 75622673
500, 109437201, 109437201
999999, 53957, 289
