777777, 550, 3000
162, 75514622, 75514622
220, 75676414, 75676414
550, 109329150, 109329150
999999, 60070, 208
550, 109329358, 109329358
999999, 59863, 1
550, 109329359, 109329359
999999, 60121, 61
141, 42023948, 42023948
550, 109329420, 109329420
999999, 60061, 1
141, 42023949, 42023949
550, 109329421, 109329421
999999, 60305, 269
139, 42934298, 42934298
222, 75676954, 75676954
550, 109329690, 109329690
999999, 60037, 1
138, 42934299, 42934299
221, 75676955, 75676955
550, 109329691, 109329691
999999, 60091, 317
220, 75677272, 75677272
550, 109330008, 109330008
999999, 60022, 1
219, 75677273, 75677273
550, 109330009, 109330009
999999, 60022, 96
218, 75677369, 75677369
550, 109330105, 109330105
999999, 59995, 227
217, 75677596, 75677596
550, 109330332, 109330332
999999, 59769, 1
216, 75677597, 75677597
550, 109330333, 109330333
999999, 60017, 95
215, 75677692, 75677692
550, 109330428, 109330428
999999, 59923, 1
215, 75677693, 75677693
550, 109330429, 109330429
999999, 60029, 201
146, 10961090, 10961090
999999, 59829, 1
215, 75677895, 75677895
550, 109330631, 109330631
999999, 60031, 101
163, 75516204, 75516204
550, 109330732, 109330732
999999, 59931, 1
162, 75516205, 75516205
550, 109330733, 109330733
999999, 59989, 231
550, 109330964, 109330964
999999, 59759, 1
550, 109330965, 109330965
999999, 60033, 99
218, 75678328, 75678328
550, 109331064, 109331064
999999, 59982, 1
218, 75678329, 75678329
550, 109331065, 109331065
999999, 60291, 203
143, 42025796, 42025796
218, 75678532, 75678532
550, 109331268, 109331268
999999, 60089, 1
142, 42025797, 42025797
217, 75678533, 75678533
550, 109331269, 109331269
999999, 60133, 93
216, 75678626, 75678626
550, 109331362, 109331362
999999, 60041, 284
215, 75678910, 75678910
550, 109331646, 109331646
999999, 59982, 1
214, 75678911, 75678911
550, 109331647, 109331647
999999, 59982, 55
550, 109331702, 109331702
999999, 59980, 1
550, 109331703, 109331703
999999, 60237, 262
215, 75679229, 75679229
550, 109331965, 109331965
999999, 60313, 45
144, 9192874, 9192874
550, 109332010, 109332010
999999, 60364, 1
143, 9192875, 9192875
550, 109332011, 109332011
999999, 60611, 238
142, 9193113, 9193113
214, 75679513, 75679513
550, 109332249, 109332249
999999, 60374, 81
550, 109332330, 109332330
999999, 60326, 1
550, 109332331, 109332331
999999, 60326, 278
137, 42937217, 42937217
214, 75679873, 75679873
550, 109332609, 109332609
999999, 60345, 265
550, 109332874, 109332874
999999, 60081, 1
550, 109332875, 109332875
999999, 60093, 61
550, 109332936, 109332936
999999, 60033, 301
138, 8415477, 8415477
550, 109333237, 109333237
999999, 60077, 311
550, 109333548, 109333548
999999, 59767, 54
216, 75680866, 75680866
550, 109333602, 109333602
999999, 59944, 262
144, 42028392, 42028392
161, 75519336, 75519336
550, 109333864, 109333864
999999, 59738, 1
143, 42028393, 42028393
160, 75519337, 75519337
550, 109333865, 109333865
999999, 59738, 55
137, 8416160, 8416160
144, 9194784, 9194784
142, 42028448, 9194784
160, 75519392, 75519392
217, 75681184, 75681184
550, 109333920, 109333920
999999, 59980, 1
144, 9194785, 9194785
141, 42028449, 9194785
160, 75519393, 75519393
216, 75681185, 75681185
550, 109333921, 109333921
999999, 59980, 189
143, 9194974, 9194974
140, 42028638, 9194974
159, 75519582, 75519582
215, 75681374, 75681374
550, 109334110, 109334110
999999, 59858, 48
142, 9195022, 9195022
550, 109334158, 109334158
999999, 60026, 1
141, 9195023, 9195023
550, 109334159, 109334159
999999, 60026, 303
141, 9195326, 9195326
215, 75681726, 75681726
550, 109334462, 109334462
999999, 60130, 15
141, 9195341, 9195341
141, 42029005, 42029005
550, 109334477, 109334477
999999, 60116, 272
141, 9195613, 9195613
216, 75682013, 75682013
550, 109334749, 109334749
999999, 60033, 54
141, 9195667, 9195667
162, 75520275, 75520275
550, 109334803, 109334803
999999, 59980, 257
550, 109335060, 109335060
999999, 59782, 96
550, 109335156, 109335156
999999, 59687, 230
163, 75520858, 75520858
219, 75682650, 75682650
550, 109335386, 109335386
999999, 59714, 1
162, 75520859, 75520859
218, 75682651, 75682651
550, 109335387, 109335387
999999, 59795, 98
217, 75682749, 75682749
550, 109335485, 109335485
999999, 59698, 262
216, 75683011, 75683011
550, 109335747, 109335747
999999, 59667, 265
138, 8418252, 8418252
142, 42030540, 42030540
550, 109336012, 109336012
999999, 59403, 1
137, 8418253, 8418253
142, 42030541, 42030541
550, 109336013, 109336013
999999, 59502, 101
141, 42030642, 42030642
550, 109336114, 109336114
999999, 59652, 1
140, 42030643, 42030643
550, 109336115, 109336115
999999, 59944, 207
217, 75683586, 75683586
550, 109336322, 109336322
999999, 59786, 1
216, 75683587, 75683587
550, 109336323, 109336323
999999, 59786, 95
215, 75683682, 75683682
550, 109336418, 109336418
999999, 59980, 1
214, 75683683, 75683683
550, 109336419, 109336419
999999, 59980, 296
550, 109336715, 109336715
999999, 59753, 292
550, 109337007, 109337007
999999, 59462, 20
141, 9187779, 9187779
213, 75684291, 75684291
550, 109337027, 109337027
999999, 59691, 277
212, 75684568, 75684568
550, 109337304, 109337304
999999, 59415, 1
297, 26499831, 26499831
999999, 59447, 44
139, 42031877, 42031877
210, 75684613, 75684613
550, 109337349, 109337349
999999, 59404, 307
210, 75684920, 75684920
550, 109337656, 109337656
999999, 59392, 1
210, 75684921, 75684921
550, 109337657, 109337657
999999, 59392, 55
550, 109337712, 109337712
999999, 59393, 1
550, 109337713, 109337713
999999, 59661, 219
138, 42032460, 42032460
550, 109337932, 109337932
999999, 59443, 1
137, 42032461, 42032461
550, 109337933, 109337933
999999, 59461, 55
211, 75685252, 75685252
550, 109337988, 109337988
999999, 59407, 1
210, 75685253, 75685253
550, 109337989, 109337989
999999, 59698, 303
550, 109338292, 109338292
999999, 59666, 1
550, 109338293, 109338293
999999, 59666, 319
550, 109338612, 109338612
999999, 59421, 1
550, 109338613, 109338613
999999, 59710, 47
164, 75524132, 75524132
211, 75685924, 75685924
550, 109338660, 109338660
999999, 59724, 1
163, 75524133, 75524133
211, 75685925, 75685925
550, 109338661, 109338661
999999, 59955, 253
137, 8421154, 8421154
144, 9199778, 9199778
211, 75686178, 75686178
550, 109338914, 109338914
999999, 59703, 62
143, 9189728, 9189728
143, 9199840, 9199840
142, 42518880, 9199840
162, 75524448, 75524448
210, 75686240, 75686240
550, 109338976, 109338976
999999, 59688, 1
142, 9189729, 9189729
142, 9199841, 9199841
141, 42518881, 9199841
161, 75524449, 75524449
209, 75686241, 75686241
550, 109338977, 109338977
999999, 59688, 189
141, 9189918, 9189918
141, 9200030, 9200030
140, 42519070, 9200030
160, 75524638, 75524638
209, 75686430, 75686430
550, 109339166, 109339166
999999, 59803, 56
550, 109339222, 109339222
999999, 59791, 296
999999, 59756, 1
139, 9200383, 9200383
158, 75524991, 75524991
208, 75686783, 75686783
550, 109339519, 109339519
999999, 59756, 7
208, 75686790, 75686790
550, 109339526, 109339526
999999, 59806, 278
138, 9200668, 9200668
207, 75687068, 75687068
550, 109339804, 109339804
999999, 59796, 1
137, 9200669, 9200669
206, 75687069, 75687069
550, 109339805, 109339805
999999, 59796, 94
158, 75525371, 75525371
206, 75687163, 75687163
550, 109339899, 109339899
999999, 59749, 209
138, 9200972, 9200972
550, 109340108, 109340108
999999, 59541, 1
138, 9200973, 9200973
550, 109340109, 109340109
999999, 59729, 67
145, 42520080, 42520080
550, 109340176, 109340176
999999, 59710, 358
550, 109340534, 109340534
999999, 59936, 1
550, 109340535, 109340535
999999, 59936, 281
145, 42520720, 42520720
550, 109340816, 109340816
999999, 59743, 298
207, 75688378, 75688378
550, 109341114, 109341114
999999, 59674, 1
206, 75688379, 75688379
550, 109341115, 109341115
999999, 59674, 21
144, 42521040, 42521040
550, 109341136, 109341136
999999, 59698, 290
550, 109341426, 109341426
999999, 59688, 1
550, 109341427, 109341427
999999, 59688, 49
143, 42521380, 42521380
208, 75688740, 75688740
550, 109341476, 109341476
999999, 59694, 1
142, 42521381, 42521381
208, 75688741, 75688741
550, 109341477, 109341477
999999, 59989, 241
139, 42683414, 42683414
550, 109341718, 109341718
999999, 59758, 1
138, 42683415, 42683415
550, 109341719, 109341719
999999, 60056, 95
550, 109341814, 109341814
999999, 60278, 226
208, 75689304, 75689304
550, 109342040, 109342040
999999, 60053, 1
208, 75689305, 75689305
550, 109342041, 109342041
999999, 60108, 77
208, 75689382, 75689382
550, 109342118, 109342118
999999, 60278, 1
208, 75689383, 75689383
550, 109342119, 109342119
999999, 60278, 278
208, 75689661, 75689661
550, 109342397, 109342397
999999, 60095, 45
137, 8424682, 8424682
142, 42522346, 42522346
550, 109342442, 109342442
999999, 60051, 1
137, 8424683, 8424683
141, 42522347, 42522347
550, 109342443, 109342443
999999, 60263, 265
137, 8424948, 8424948
550, 109342708, 109342708
999999, 59999, 52
140, 9203624, 9203624
140, 42684456, 42684456
550, 109342760, 109342760
999999, 60036, 236
550, 109342996, 109342996
999999, 59801, 60
140, 42522960, 42522960
550, 109343056, 109343056
999999, 60006, 1
139, 42522961, 42522961
550, 109343057, 109343057
999999, 60006, 281
550, 109343338, 109343338
999999, 59776, 22
138, 8648064, 8648064
139, 9204224, 9204224
161, 75528832, 75528832
208, 75690624, 75690624
550, 109343360, 109343360
999999, 59755, 1
137, 8648065, 8648065
138, 9204225, 9204225
160, 75528833, 75528833
207, 75690625, 75690625
550, 109343361, 109343361
999999, 60011, 311
206, 75690936, 75690936
550, 109343672, 109343672
999999, 59768, 8
137, 9204544, 9204544
159, 75529152, 75529152
205, 75690944, 75690944
550, 109343680, 109343680
999999, 59986, 1
158, 75529153, 75529153
204, 75690945, 75690945
550, 109343681, 109343681
999999, 59986, 256
157, 75529409, 75529409
204, 75691201, 75691201
550, 109343937, 109343937
999999, 59778, 285
138, 8426462, 8426462
149, 9194974, 9194974
138, 42524126, 9194974
139, 42685918, 9194974
156, 75529694, 75529694
203, 75691486, 75691486
550, 109344222, 109344222
999999, 59798, 1
138, 8426463, 8426463
149, 9194975, 9194975
137, 42524127, 9194975
138, 42685919, 9194975
155, 75529695, 75529695
203, 75691487, 75691487
550, 109344223, 109344223
999999, 59809, 55
137, 42685974, 42685974
550, 109344278, 109344278
999999, 59755, 1
550, 109344279, 109344279
999999, 60011, 247
550, 109344526, 109344526
999999, 59765, 1
550, 109344527, 109344527
999999, 59861, 67
550, 109344594, 109344594
999999, 59795, 1
550, 109344595, 109344595
999999, 60047, 265
151, 9195612, 9195612
209, 75692124, 75692124
550, 109344860, 109344860
999999, 59783, 1
151, 9195613, 9195613
209, 75692125, 75692125
550, 109344861, 109344861
999999, 59843, 93
138, 42524858, 42524858
209, 75692218, 75692218
550, 109344954, 109344954
999999, 59940, 1
138, 42524859, 42524859
209, 75692219, 75692219
550, 109344955, 109344955
999999, 59940, 251
550, 109345206, 109345206
999999, 59744, 1
550, 109345207, 109345207
999999, 59744, 287
139, 9206358, 9206358
143, 42687190, 42687190
550, 109345494, 109345494
999999, 59778, 1
138, 9206359, 9206359
143, 42687191, 42687191
550, 109345495, 109345495
999999, 60023, 51
137, 9206410, 9206410
137, 42525450, 42525450
550, 109345546, 109345546
999999, 59973, 258
550, 109345804, 109345804
999999, 59788, 94
145, 8428138, 8428138
550, 109345898, 109345898
999999, 59695, 1
144, 8428139, 8428139
550, 109345899, 109345899
999999, 59985, 334
213, 75693497, 75693497
550, 109346233, 109346233
999999, 59652, 215
144, 8428688, 8428688
550, 109346448, 109346448
999999, 59758, 1
144, 8428689, 8428689
550, 109346449, 109346449
999999, 59758, 47
144, 8428736, 8428736
214, 75693760, 75693760
550, 109346496, 109346496
999999, 59724, 1
144, 8428737, 8428737
213, 75693761, 75693761
550, 109346497, 109346497
999999, 59724, 317
143, 8429054, 8429054
213, 75694078, 75694078
550, 109346814, 109346814
999999, 59656, 1
999999, 59656, 315
137, 8651834, 8651834
148, 42688826, 42688826
212, 75694394, 75694394
550, 109347130, 109347130
999999, 59406, 22
158, 9197904, 9197904
550, 109347152, 109347152
999999, 59385, 1
158, 9197905, 9197905
550, 109347153, 109347153
999999, 59691, 297
141, 8429690, 8429690
148, 42689146, 42689146
213, 75694714, 75694714
550, 109347450, 109347450
999999, 59395, 10
140, 8429700, 8429700
147, 42689156, 42689156
213, 75694724, 75694724
550, 109347460, 109347460
999999, 59390, 1
139, 8429701, 8429701
146, 42689157, 42689157
213, 75694725, 75694725
550, 109347461, 109347461
999999, 59390, 351
138, 8430052, 8430052
138, 9208676, 9208676
161, 75533284, 75533284
550, 109347812, 109347812
999999, 59342, 267
160, 9198831, 9198831
137, 9208943, 9198831
550, 109348079, 109348079
999999, 59076, 25
160, 9198856, 9198856
550, 109348104, 109348104
999999, 59098, 1
160, 9198857, 9198857
550, 109348105, 109348105
999999, 59098, 347
137, 8430692, 8430692
160, 75533924, 75533924
550, 109348452, 109348452
999999, 58986, 1
159, 75533925, 75533925
550, 109348453, 109348453
999999, 58986, 283
160, 9199488, 9199488
550, 109348736, 109348736
999999, 58810, 297
999999, 58765, 55
155, 26511615, 26511615
999999, 58724, 1
160, 9199841, 9199841
151, 42690785, 9199841
157, 75534561, 9199841
216, 75696353, 75696353
138, 76262625, 75696353
550, 109349089, 109349089
999999, 58724, 189
159, 9200030, 9200030
151, 42690974, 9200030
156, 75534750, 9200030
215, 75696542, 75696542
137, 76262814, 75696542
550, 109349278, 109349278
999999, 58840, 1
158, 9200031, 9200031
151, 42690975, 9200031
155, 75534751, 9200031
214, 75696543, 75696543
550, 109349279, 109349279
999999, 58840, 55
550, 109349334, 109349334
999999, 58802, 1
550, 109349335, 109349335
999999, 58802, 261
213, 75696860, 75696860
550, 109349596, 109349596
999999, 58804, 83
550, 109349679, 109349679
999999, 58817, 232
550, 109349911, 109349911
999999, 58814, 65
550, 109349976, 109349976
999999, 58830, 1
550, 109349977, 109349977
999999, 58830, 238
214, 75697479, 75697479
550, 109350215, 109350215
999999, 58854, 62
156, 42691973, 42691973
213, 75697541, 75697541
550, 109350277, 109350277
999999, 58859, 265
157, 9201294, 9201294
550, 109350542, 109350542
999999, 58806, 96
550, 109350638, 109350638
999999, 58804, 1
550, 109350639, 109350639
999999, 58804, 227
156, 75536338, 75536338
550, 109350866, 109350866
999999, 58834, 48
550, 109350914, 109350914
999999, 58846, 1
550, 109350915, 109350915
999999, 58846, 265
550, 109351180, 109351180
999999, 58770, 1
550, 109351181, 109351181
999999, 58770, 93
550, 109351274, 109351274
999999, 58732, 1
550, 109351275, 109351275
999999, 59027, 229
550, 109351504, 109351504
999999, 58860, 1
550, 109351505, 109351505
999999, 58860, 83
160, 75537060, 75537060
138, 76265124, 75537060
550, 109351588, 109351588
999999, 59090, 1
159, 75537061, 75537061
137, 76265125, 75537061
550, 109351589, 109351589
999999, 59090, 245
142, 9212698, 9212698
158, 75537306, 75537306
550, 109351834, 109351834
999999, 59070, 1
141, 9212699, 9212699
157, 75537307, 75537307
550, 109351835, 109351835
999999, 59070, 47
140, 9212746, 9212746
550, 109351882, 109351882
999999, 59070, 1
139, 9212747, 9212747
550, 109351883, 109351883
999999, 59070, 255
550, 109352138, 109352138
999999, 59138, 106
550, 109352244, 109352244
999999, 59330, 1
550, 109352245, 109352245
999999, 59330, 261
171, 42694202, 42694202
226, 75699770, 75699770
550, 109352506, 109352506
999999, 59080, 44
138, 8566246, 8566246
550, 109352550, 109352550
999999, 59037, 1
137, 8566247, 8566247
550, 109352551, 109352551
999999, 59348, 267
550, 109352818, 109352818
999999, 59094, 1
550, 109352819, 109352819
999999, 59391, 53
168, 9203624, 9203624
156, 75538344, 9203624
550, 109352872, 109352872
999999, 59339, 1
168, 9203625, 9203625
155, 75538345, 9203625
550, 109352873, 109352873
999999, 59387, 261
138, 9213998, 9213998
154, 75538606, 75538606
550, 109353134, 109353134
999999, 59127, 1
137, 9213999, 9213999
153, 75538607, 75538607
550, 109353135, 109353135
999999, 59360, 59
550, 109353194, 109353194
999999, 59356, 1
999999, 59356, 265
999999, 59352, 1
550, 109353461, 109353461
999999, 59352, 45
152, 75538978, 75538978
231, 75700770, 75700770
550, 109353506, 109353506
999999, 59400, 1
151, 75538979, 75538979
231, 75700771, 75700771
550, 109353507, 109353507
999999, 59400, 237
150, 75539216, 75539216
550, 109353744, 109353744
999999, 59436, 82
149, 75539298, 75539298
230, 75701090, 75701090
550, 109353826, 109353826
999999, 59355, 1
148, 75539299, 75539299
230, 75701091, 75701091
550, 109353827, 109353827
999999, 59399, 255
147, 75539554, 75539554
230, 75701346, 75701346
550, 109354082, 109354082
999999, 59145, 1
146, 75539555, 75539555
229, 75701347, 75701347
550, 109354083, 109354083
999999, 59407, 61
142, 8658848, 8658848
169, 9204896, 9204896
175, 42695840, 42695840
145, 75539616, 42695840
228, 75701408, 75701408
144, 76348576, 75701408
550, 109354144, 109354144
145, 110001312, 109354144
999999, 59347, 1
141, 8658849, 8658849
168, 9204897, 9204897
174, 42695841, 42695841
144, 75539617, 42695841
227, 75701409, 75701409
143, 76348577, 75701409
550, 109354145, 109354145
145, 110001313, 109354145
999999, 59395, 189
140, 8659038, 8659038
167, 9205086, 9205086
173, 42696030, 42696030
143, 75539806, 42696030
226, 75701598, 75701598
142, 76348766, 75701598
550, 109354334, 109354334
145, 110001502, 109354334
999999, 59472, 1
139, 8659039, 8659039
166, 9205087, 9205087
172, 42696031, 42696031
142, 75539807, 42696031
225, 75701599, 75701599
141, 76348767, 75701599
550, 109354335, 109354335
145, 110001503, 109354335
999999, 59472, 61
138, 8659100, 8659100
141, 75539868, 75539868
224, 75701660, 75701660
550, 109354396, 109354396
999999, 59472, 1
137, 8659101, 8659101
140, 75539869, 75539869
223, 75701661, 75701661
550, 109354397, 109354397
999999, 59472, 249
550, 109354646, 109354646
999999, 59451, 1
550, 109354647, 109354647
999999, 59537, 99
171, 42696442, 42696442
222, 75702010, 75702010
550, 109354746, 109354746
999999, 59439, 1
170, 42696443, 42696443
221, 75702011, 75702011
550, 109354747, 109354747
999999, 59661, 211
165, 9205710, 9205710
550, 109354958, 109354958
145, 110002126, 109354958
999999, 59451, 1
164, 9205711, 9205711
550, 109354959, 109354959
144, 110002127, 109354959
999999, 59801, 55
140, 8659718, 8659718
220, 75702278, 75702278
550, 109355014, 109355014
999999, 59747, 297
550, 109355311, 109355311
999999, 59505, 55
550, 109355366, 109355366
999999, 59451, 240
141, 8660310, 8660310
166, 9206358, 9206358
145, 75541078, 9206358
550, 109355606, 109355606
999999, 59461, 1
140, 8660311, 8660311
166, 9206359, 9206359
144, 75541079, 9206359
550, 109355607, 109355607
999999, 59703, 102
550, 109355709, 109355709
999999, 59675, 253
141, 8660666, 8660666
222, 75703226, 75703226
550, 109355962, 109355962
999999, 59423, 1
140, 8660667, 8660667
221, 75703227, 75703227
550, 109355963, 109355963
999999, 59715, 319
139, 8660986, 8660986
221, 75703546, 75703546
550, 109356282, 109356282
999999, 59419, 10
220, 75703556, 75703556
550, 109356292, 109356292
999999, 59698, 1
219, 75703557, 75703557
550, 109356293, 109356293
999999, 59698, 254
550, 109356547, 109356547
999999, 59503, 61
550, 109356608, 109356608
149, 110003776, 109356608
999999, 59443, 1
550, 109356609, 109356609
148, 110003777, 109356609
999999, 59675, 281
139, 42091866, 42091866
145, 75542362, 75542362
550, 109356890, 109356890
999999, 59488, 50
550, 109356940, 109356940
999999, 59439, 1
550, 109356941, 109356941
999999, 59653, 301
220, 75704506, 75704506
550, 109357242, 109357242
999999, 59454, 1
999999, 59454, 43
550, 109357286, 109357286
999999, 59628, 1
550, 109357287, 109357287
999999, 59718, 278
999999, 59707, 47
169, 9208364, 9208364
138, 42092588, 9208364
144, 75543084, 9208364
550, 109357612, 109357612
999999, 59661, 1
168, 9208365, 9208365
137, 42092589, 9208365
144, 75543085, 9208365
550, 109357613, 109357613
999999, 59707, 219
550, 109357832, 109357832
999999, 59489, 1
550, 109357833, 109357833
999999, 59729, 95
138, 42092904, 42092904
550, 109357928, 109357928
999999, 59635, 1
137, 42092905, 42092905
550, 109357929, 109357929
999999, 59683, 275
550, 109358204, 109358204
999999, 59409, 1
550, 109358205, 109358205
999999, 59661, 47
171, 9209004, 9209004
144, 75543724, 9209004
550, 109358252, 109358252
999999, 59615, 1
170, 9209005, 9209005
143, 75543725, 9209005
550, 109358253, 109358253
999999, 59711, 309
140, 8663266, 8663266
218, 75705826, 75705826
550, 109358562, 109358562
999999, 59403, 320
139, 8663586, 8663586
218, 75706146, 75706146
550, 109358882, 109358882
999999, 59315, 258
169, 9209892, 9209892
142, 75544612, 9209892
550, 109359140, 109359140
999999, 59138, 1
168, 9209893, 9209893
141, 75544613, 9209893
550, 109359141, 109359141
999999, 59138, 249
139, 8664094, 8664094
168, 9210142, 9210142
138, 42094366, 9210142
173, 42701086, 42701086
140, 75544862, 42701086
218, 75706654, 75706654
143, 76353822, 75706654
550, 109359390, 109359390
155, 110006558, 109359390
999999, 59110, 60
168, 9210202, 9210202
139, 75544922, 9210202
550, 109359450, 109359450
999999, 59051, 1
167, 9210203, 9210203
138, 75544923, 9210203
550, 109359451, 109359451
999999, 59383, 244
172, 42701391, 42701391
550, 109359695, 109359695
999999, 59140, 69
550, 109359764, 109359764
999999, 59166, 1
550, 109359765, 109359765
999999, 59166, 249
171, 42701710, 42701710
550, 109360014, 109360014
999999, 59161, 110
550, 109360124, 109360124
999999, 59116, 1
550, 109360125, 109360125
999999, 59370, 214
166, 9211091, 9211091
137, 75545811, 9211091
550, 109360339, 109360339
999999, 59222, 87
550, 109360426, 109360426
999999, 59384, 1
550, 109360427, 109360427
999999, 59384, 290
550, 109360717, 109360717
999999, 59345, 253
142, 8665674, 8665674
550, 109360970, 109360970
999999, 59153, 106
141, 8665780, 8665780
550, 109361076, 109361076
999999, 59339, 1
140, 8665781, 8665781
550, 109361077, 109361077
999999, 59349, 215
139, 8665996, 8665996
141, 75546764, 75546764
550, 109361292, 109361292
999999, 59135, 1
139, 8665997, 8665997
140, 75546765, 75546765
550, 109361293, 109361293
999999, 59394, 67
140, 75546832, 75546832
550, 109361360, 109361360
999999, 59430, 1
140, 75546833, 75546833
550, 109361361, 109361361
999999, 59430, 243
220, 75708868, 75708868
550, 109361604, 109361604
999999, 59398, 1
219, 75708869, 75708869
550, 109361605, 109361605
999999, 59398, 338
138, 8666647, 8666647
550, 109361943, 109361943
999999, 59157, 96
137, 8666743, 8666743
550, 109362039, 109362039
999999, 59062, 226
550, 109362265, 109362265
999999, 59069, 77
550, 109362342, 109362342
999999, 58993, 1
550, 109362343, 109362343
999999, 59053, 276
220, 75709883, 75709883
550, 109362619, 109362619
999999, 58778, 49
170, 9213420, 9213420
141, 75548140, 9213420
550, 109362668, 109362668
999999, 58984, 1
169, 9213421, 9213421
140, 75548141, 9213421
550, 109362669, 109362669
999999, 58984, 213
141, 42097858, 42097858
139, 75548354, 42097858
550, 109362882, 109362882
999999, 58856, 110
173, 42704688, 42704688
138, 75548464, 42704688
550, 109362992, 109362992
999999, 58747, 1
999999, 59013, 254
168, 9213999, 9213999
550, 109363247, 109363247
999999, 58760, 329
167, 9214328, 9214328
224, 75710840, 75710840
550, 109363576, 109363576
999999, 58482, 1
166, 9214329, 9214329
224, 75710841, 75710841
550, 109363577, 109363577
999999, 58482, 41
165, 9214370, 9214370
223, 75710882, 75710882
550, 109363618, 109363618
999999, 58705, 1
164, 9214371, 9214371
222, 75710883, 75710883
550, 109363619, 109363619
999999, 58717, 225
163, 9214596, 9214596
221, 75711108, 75711108
145, 76358276, 75711108
550, 109363844, 109363844
999999, 58493, 94
162, 9214690, 9214690
220, 75711202, 75711202
550, 109363938, 109363938
999999, 58682, 1
999999, 58682, 222
160, 9214913, 9214913
550, 109364161, 109364161
999999, 58515, 95
138, 8446496, 8446496
159, 9215008, 9215008
142, 42099232, 9215008
172, 42705952, 42705952
140, 75549728, 42705952
220, 75711520, 75711520
144, 76358688, 75711520
550, 109364256, 109364256
162, 110011424, 109364256
999999, 58421, 1
137, 8446497, 8446497
158, 9215009, 9215009
142, 42099233, 9215009
171, 42705953, 42705953
139, 75549729, 42705953
219, 75711521, 75711521
143, 76358689, 75711521
550, 109364257, 109364257
161, 110011425, 109364257
999999, 58701, 190
157, 9215199, 9215199
142, 42099423, 9215199
170, 42706143, 42706143
138, 75549919, 42706143
218, 75711711, 75711711
142, 76358879, 75711711
550, 109364447, 109364447
160, 110011615, 109364447
999999, 58545, 61
156, 9215260, 9215260
142, 42099484, 9215260
217, 75711772, 75711772
550, 109364508, 109364508
999999, 58485, 1
155, 9215261, 9215261
141, 42099485, 9215261
216, 75711773, 75711773
550, 109364509, 109364509
999999, 58729, 254
154, 9215515, 9215515
140, 42099739, 9215515
137, 75550235, 9215515
550, 109364763, 109364763
999999, 58583, 91
153, 9215606, 9215606
550, 109364854, 109364854
999999, 58493, 320
152, 9215926, 9215926
550, 109365174, 109365174
999999, 58382, 1
999999, 58382, 225
550, 109365400, 109365400
999999, 58252, 1
550, 109365401, 109365401
999999, 58252, 55
550, 109365456, 109365456
999999, 58474, 1
550, 109365457, 109365457
999999, 58474, 265
139, 42100698, 42100698
550, 109365722, 109365722
999999, 58474, 44
138, 42100742, 42100742
220, 75713030, 75713030
550, 109365766, 109365766
999999, 58530, 1
138, 42100743, 42100743
219, 75713031, 75713031
550, 109365767, 109365767
999999, 58783, 304
550, 109366071, 109366071
999999, 58480, 13
218, 75713348, 75713348
141, 76360516, 75713348
550, 109366084, 109366084
999999, 58532, 1
217, 75713349, 75713349
140, 76360517, 75713349
550, 109366085, 109366085
999999, 58532, 261
138, 42101322, 42101322
550, 109366346, 109366346
999999, 58486, 1
137, 42101323, 42101323
550, 109366347, 109366347
999999, 58486, 106
137, 42101429, 42101429
550, 109366453, 109366453
999999, 58476, 253
152, 9217458, 9217458
550, 109366706, 109366706
999999, 58412, 63
137, 42101745, 42101745
550, 109366769, 109366769
999999, 58412, 235
218, 75714268, 75714268
550, 109367004, 109367004
999999, 58431, 1
217, 75714269, 75714269
550, 109367005, 109367005
999999, 58479, 45
550, 109367050, 109367050
999999, 58435, 1
550, 109367051, 109367051
999999, 58700, 251
216, 75714566, 75714566
550, 109367302, 109367302
999999, 58536, 1
215, 75714567, 75714567
550, 109367303, 109367303
999999, 58536, 319
215, 75714886, 75714886
550, 109367622, 109367622
999999, 58484, 114
215, 75715000, 75715000
550, 109367736, 109367736
999999, 58418, 1
215, 75715001, 75715001
550, 109367737, 109367737
999999, 58418, 215
550, 109367952, 109367952
999999, 58442, 1
550, 109367953, 109367953
999999, 58491, 95
550, 109368048, 109368048
999999, 58658, 1
550, 109368049, 109368049
999999, 58658, 225
151, 9219026, 9219026
142, 75553746, 9219026
550, 109368274, 109368274
999999, 58759, 1
150, 9219027, 9219027
142, 75553747, 9219027
550, 109368275, 109368275
999999, 58835, 89
149, 9219116, 9219116
142, 75553836, 9219116
550, 109368364, 109368364
999999, 58747, 1
148, 9219117, 9219117
141, 75553837, 9219117
550, 109368365, 109368365
999999, 58967, 249
550, 109368614, 109368614
999999, 58719, 1
550, 109368615, 109368615
999999, 58777, 285
149, 9219652, 9219652
216, 75716164, 75716164
141, 76363332, 75716164
550, 109368900, 109368900
999999, 58493, 1
149, 9219653, 9219653
215, 75716165, 75716165
140, 76363333, 75716165
550, 109368901, 109368901
999999, 58809, 99
149, 9219752, 9219752
140, 75554472, 9219752
550, 109369000, 109369000
999999, 58711, 216
148, 9219968, 9219968
550, 109369216, 109369216
999999, 58508, 1
147, 9219969, 9219969
550, 109369217, 109369217
999999, 58508, 95
146, 9220064, 9220064
178, 42711008, 42711008
141, 75554784, 42711008
215, 75716576, 75716576
139, 76363744, 75716576
550, 109369312, 109369312
167, 110016480, 109369312
999999, 58676, 1
145, 9220065, 9220065
177, 42711009, 42711009
141, 75554785, 42711009
214, 75716577, 75716577
138, 76363745, 75716577
550, 109369313, 109369313
166, 110016481, 109369313
999999, 58757, 189
144, 9220254, 9220254
176, 42711198, 42711198
140, 75554974, 42711198
214, 75716766, 75716766
137, 76363934, 75716766
550, 109369502, 109369502
165, 110016670, 109369502
999999, 58806, 1
143, 9220255, 9220255
175, 42711199, 42711199
139, 75554975, 42711199
214, 75716767, 75716767
550, 109369503, 109369503
164, 110016671, 109369503
999999, 58892, 59
550, 109369562, 109369562
999999, 59090, 1
550, 109369563, 109369563
999999, 59090, 257
213, 75717084, 75717084
550, 109369820, 109369820
999999, 58892, 43
212, 75717127, 75717127
550, 109369863, 109369863
999999, 58850, 278
211, 75717405, 75717405
550, 109370141, 109370141
999999, 58798, 81
550, 109370222, 109370222
999999, 58821, 1
550, 109370223, 109370223
999999, 59063, 227
143, 9221202, 9221202
139, 75555922, 9221202
550, 109370450, 109370450
999999, 58862, 62
550, 109370512, 109370512
999999, 59095, 1
550, 109370513, 109370513
999999, 59168, 261
550, 109370774, 109370774
999999, 59149, 1
550, 109370775, 109370775
999999, 59209, 62
550, 109370837, 109370837
999999, 59148, 293
214, 75718394, 75718394
138, 76365562, 75718394
550, 109371130, 109371130
999999, 59045, 1
213, 75718395, 75718395
137, 76365563, 75718395
550, 109371131, 109371131
999999, 59105, 49
999999, 59057, 1
148, 9221933, 9221933
141, 75556653, 9221933
550, 109371181, 109371181
999999, 59306, 271
140, 75556924, 75556924
550, 109371452, 109371452
169, 110018620, 109371452
999999, 59086, 1
139, 75556925, 75556925
550, 109371453, 109371453
168, 110018621, 109371453
999999, 59086, 303
147, 9222508, 9222508
138, 75557228, 9222508
550, 109371756, 109371756
999999, 59056, 1
146, 9222509, 9222509
137, 75557229, 9222509
550, 109371757, 109371757
999999, 59056, 53
137, 75557282, 75557282
212, 75719074, 75719074
550, 109371810, 109371810
999999, 59093, 1
211, 75719075, 75719075
550, 109371811, 109371811
999999, 59318, 243
145, 9222806, 9222806
550, 109372054, 109372054
999999, 59130, 1
144, 9222807, 9222807
550, 109372055, 109372055
999999, 59396, 61
177, 42713812, 42713812
550, 109372116, 109372116
999999, 59383, 1
176, 42713813, 42713813
550, 109372117, 109372117
999999, 59687, 289
550, 109372406, 109372406
999999, 59399, 1
550, 109372407, 109372407
999999, 59445, 52
175, 42714155, 42714155
550, 109372459, 109372459
999999, 59394, 320
272, 109372778, 109372778
999999, 59291, 215
550, 109372994, 109372994
170, 110020162, 109372994
999999, 59077, 1
550, 109372995, 109372995
169, 110020163, 109372995
999999, 59141, 109
550, 109373104, 109373104
999999, 59033, 1
550, 109373105, 109373105
999999, 59331, 265
210, 75720634, 75720634
550, 109373370, 109373370
999999, 59067, 63
209, 75720697, 75720697
550, 109373433, 109373433
999999, 59049, 244
999999, 58806, 19
550, 109373696, 109373696
999999, 59036, 309
550, 109374005, 109374005
999999, 58728, 12
550, 109374017, 109374017
999999, 58763, 304
550, 109374321, 109374321
999999, 58460, 47
146, 9225120, 9225120
137, 42675616, 9225120
173, 42716064, 42716064
208, 75721632, 75721632
550, 109374368, 109374368
169, 110021536, 109374368
999999, 58681, 1
146, 9225121, 9225121
172, 42716065, 42716065
207, 75721633, 75721633
550, 109374369, 109374369
168, 110021537, 109374369
999999, 58987, 190
146, 9225311, 9225311
171, 42716255, 42716255
206, 75721823, 75721823
550, 109374559, 109374559
167, 110021727, 109374559
999999, 58798, 96
550, 109374655, 109374655
999999, 58755, 221
205, 75722140, 75722140
550, 109374876, 109374876
999999, 58535, 1
205, 75722141, 75722141
550, 109374877, 109374877
999999, 58791, 89
550, 109374966, 109374966
999999, 58703, 1
550, 109374967, 109374967
999999, 58802, 227
550, 109375194, 109375194
999999, 58801, 1
550, 109375195, 109375195
999999, 58861, 43
205, 75722502, 75722502
550, 109375238, 109375238
999999, 58819, 304
550, 109375542, 109375542
999999, 58813, 1
550, 109375543, 109375543
999999, 58826, 59
550, 109375602, 109375602
999999, 59086, 1
550, 109375603, 109375603
999999, 59086, 234
204, 75723101, 75723101
550, 109375837, 109375837
999999, 59107, 54
148, 9226643, 9226643
550, 109375891, 109375891
999999, 59054, 243
204, 75723398, 75723398
550, 109376134, 109376134
999999, 58906, 1
204, 75723399, 75723399
550, 109376135, 109376135
999999, 58906, 101
150, 9226988, 9226988
550, 109376236, 109376236
999999, 58994, 1
150, 9226989, 9226989
550, 109376237, 109376237
999999, 58994, 217
137, 42677702, 42677702
205, 75723718, 75723718
550, 109376454, 109376454
999999, 58872, 115
272, 109376568, 109376568
999999, 58758, 207
550, 109376776, 109376776
999999, 58820, 96
152, 9227624, 9227624
550, 109376872, 109376872
999999, 58994, 1
151, 9227625, 9227625
550, 109376873, 109376873
999999, 58994, 229
550, 109377102, 109377102
999999, 58862, 1
550, 109377103, 109377103
999999, 58862, 351
550, 109377454, 109377454
999999, 58764, 75
204, 75724793, 75724793
550, 109377529, 109377529
999999, 58751, 205
137, 8459974, 8459974
203, 75724998, 75724998
550, 109377734, 109377734
999999, 58774, 1
137, 8459975, 8459975
202, 75724999, 75724999
550, 109377735, 109377735
999999, 58774, 107
550, 109377842, 109377842
999999, 58712, 1
550, 109377843, 109377843
999999, 59059, 257
550, 109378100, 109378100
999999, 58803, 1
550, 109378101, 109378101
999999, 59065, 47
137, 8460388, 8460388
550, 109378148, 109378148
999999, 59019, 238
150, 9229138, 9229138
550, 109378386, 109378386
999999, 58815, 306
201, 75725956, 75725956
550, 109378692, 109378692
999999, 58798, 1
201, 75725957, 75725957
550, 109378693, 109378693
999999, 58859, 99
550, 109378792, 109378792
999999, 59030, 1
550, 109378793, 109378793
999999, 59030, 219
201, 75726276, 75726276
550, 109379012, 109379012
999999, 58833, 1
200, 75726277, 75726277
550, 109379013, 109379013
999999, 59128, 99
550, 109379112, 109379112
999999, 59049, 264
550, 109379376, 109379376
999999, 59036, 1
550, 109379377, 109379377
999999, 59036, 48
999999, 59043, 189
148, 9230366, 9230366
174, 42721310, 42721310
200, 75726878, 75726878
141, 76454942, 75726878
550, 109379614, 109379614
181, 110026782, 109379614
999999, 58855, 62
173, 42721372, 42721372
199, 75726940, 75726940
140, 76455004, 75726940
550, 109379676, 109379676
999999, 59083, 1
172, 42721373, 42721373
198, 75726941, 75726941
139, 76455005, 75726941
550, 109379677, 109379677
999999, 59143, 249
171, 42721622, 42721622
138, 76455254, 42721622
550, 109379926, 109379926
999999, 58895, 66
170, 42721688, 42721688
197, 75727256, 75727256
137, 76455320, 75727256
550, 109379992, 109379992
999999, 59060, 1
169, 42721689, 42721689
196, 75727257, 75727257
550, 109379993, 109379993
999999, 59060, 253
168, 42721942, 42721942
550, 109380246, 109380246
999999, 58863, 1
167, 42721943, 42721943
550, 109380247, 109380247
999999, 59158, 88
166, 42722031, 42722031
550, 109380335, 109380335
999999, 59123, 227
165, 42722258, 42722258
550, 109380562, 109380562
999999, 58897, 1
164, 42722259, 42722259
550, 109380563, 109380563
999999, 59169, 97
163, 42722356, 42722356
550, 109380660, 109380660
999999, 59073, 218
147, 9231630, 9231630
162, 42722574, 42722574
550, 109380878, 109380878
999999, 58900, 1
146, 9231631, 9231631
161, 42722575, 42722575
550, 109380879, 109380879
999999, 58900, 55
160, 42722630, 42722630
196, 75728198, 75728198
550, 109380934, 109380934
999999, 59102, 1
999999, 59102, 270
146, 9231957, 9231957
159, 42722901, 42722901
550, 109381205, 109381205
999999, 58891, 85
146, 9232042, 9232042
159, 42722986, 42722986
137, 76208874, 42722986
550, 109381290, 109381290
999999, 58807, 1
146, 9232043, 9232043
159, 42722987, 42722987
137, 76208875, 42722987
550, 109381291, 109381291
999999, 58995, 274
159, 42723261, 42723261
198, 75728829, 75728829
137, 76209149, 75728829
550, 109381565, 109381565
999999, 58722, 45
146, 9232362, 9232362
158, 42723306, 42723306
550, 109381610, 109381610
999999, 58736, 1
999999, 58987, 252
144, 9232615, 9232615
156, 42723559, 42723559
197, 75729127, 75729127
550, 109381863, 109381863
999999, 58823, 26
137, 9151745, 9151745
155, 42723585, 42723585
196, 75729153, 75729153
550, 109381889, 109381889
999999, 58798, 269
143, 9232910, 9232910
138, 42117134, 9232910
154, 42723854, 42723854
550, 109382158, 109382158
999999, 58760, 1
142, 9232911, 9232911
137, 42117135, 9232911
153, 42723855, 42723855
550, 109382159, 109382159
999999, 58760, 59
152, 42723914, 42723914
137, 76209802, 42723914
550, 109382218, 109382218
999999, 58754, 1
151, 42723915, 42723915
137, 76209803, 42723915
550, 109382219, 109382219
999999, 58754, 300
141, 9233271, 9233271
150, 42724215, 42724215
550, 109382519, 109382519
184, 110029687, 109382519
999999, 58715, 17
140, 9233288, 9233288
149, 42724232, 42724232
550, 109382536, 109382536
183, 110029704, 109382536
999999, 58786, 1
139, 9233289, 9233289
148, 42724233, 42724233
550, 109382537, 109382537
183, 110029705, 109382537
999999, 59062, 271
138, 9233560, 9233560
147, 42724504, 42724504
196, 75730072, 75730072
550, 109382808, 109382808
999999, 58852, 1
137, 9233561, 9233561
146, 42724505, 42724505
196, 75730073, 75730073
550, 109382809, 109382809
999999, 59106, 89
145, 42724594, 42724594
550, 109382898, 109382898
182, 110030066, 109382898
999999, 59026, 214
144, 42724808, 42724808
550, 109383112, 109383112
181, 110030280, 109383112
999999, 59110, 1
143, 42724809, 42724809
550, 109383113, 109383113
180, 110030281, 109383113
999999, 59110, 95
142, 42724904, 42724904
144, 75568680, 75568680
550, 109383208, 109383208
999999, 59034, 1
141, 42724905, 42724905
144, 75568681, 75568681
550, 109383209, 109383209
999999, 59034, 269
140, 42725174, 42725174
550, 109383478, 109383478
179, 110030646, 109383478
999999, 59056, 60
139, 42725234, 42725234
550, 109383538, 109383538
178, 110030706, 109383538
999999, 58997, 1
139, 42725235, 42725235
550, 109383539, 109383539
177, 110030707, 109383539
999999, 59069, 207
139, 42725442, 42725442
198, 75731010, 75731010
137, 76211330, 75731010
550, 109383746, 109383746
999999, 58863, 1
138, 42725443, 42725443
197, 75731011, 75731011
550, 109383747, 109383747
999999, 59092, 101
137, 42725544, 42725544
149, 75569320, 75569320
550, 109383848, 109383848
999999, 59053, 220
197, 75731332, 75731332
550, 109384068, 109384068
999999, 59092, 1
196, 75731333, 75731333
550, 109384069, 109384069
999999, 59169, 99
148, 75569640, 75569640
550, 109384168, 109384168
999999, 59071, 1
147, 75569641, 75569641
550, 109384169, 109384169
999999, 59297, 263
137, 9245296, 9245296
550, 109384432, 109384432
999999, 59035, 1
550, 109384433, 109384433
999999, 59393, 47
138, 9154336, 9154336
146, 75569952, 75569952
195, 75731744, 75731744
550, 109384480, 109384480
177, 110031648, 109384480
999999, 59360, 1
137, 9154337, 9154337
145, 75569953, 75569953
194, 75731745, 75731745
550, 109384481, 109384481
177, 110031649, 109384481
999999, 59360, 189
144, 75570142, 75570142
193, 75731934, 75731934
550, 109384670, 109384670
176, 110031838, 109384670
999999, 59438, 56
143, 75570198, 75570198
550, 109384726, 109384726
999999, 59383, 260
192, 75732250, 75732250
550, 109384986, 109384986
175, 110032154, 109384986
999999, 59182, 1
292, 26547513, 26547513
999999, 59182, 92
142, 75570551, 75570551
550, 109385079, 109385079
173, 110032247, 109385079
999999, 59375, 230
190, 75732573, 75732573
550, 109385309, 109385309
999999, 59483, 81
550, 109385390, 109385390
999999, 59411, 269
190, 75732923, 75732923
550, 109385659, 109385659
999999, 59446, 48
550, 109385707, 109385707
999999, 59445, 228
550, 109385935, 109385935
999999, 59218, 107
192, 75733306, 75733306
550, 109386042, 109386042
999999, 59300, 1
192, 75733307, 75733307
550, 109386043, 109386043
999999, 59300, 257
191, 75733564, 75733564
550, 109386300, 109386300
999999, 59105, 1
191, 75733565, 75733565
550, 109386301, 109386301
999999, 59357, 54
550, 109386355, 109386355
177, 110033523, 109386355
999999, 59347, 251
550, 109386606, 109386606
999999, 59097, 1
550, 109386607, 109386607
999999, 59407, 34
550, 109386641, 109386641
999999, 59374, 284
550, 109386925, 109386925
999999, 59098, 301
192, 75734490, 75734490
550, 109387226, 109387226
176, 110034394, 109387226
999999, 59071, 1
999999, 59117, 48
999999, 59070, 257
140, 9157388, 9157388
550, 109387532, 109387532
174, 110034700, 109387532
999999, 59086, 109
192, 75734905, 75734905
550, 109387641, 109387641
999999, 58978, 257
191, 75735162, 75735162
550, 109387898, 109387898
999999, 58764, 1
190, 75735163, 75735163
550, 109387899, 109387899
999999, 58764, 9
142, 9248772, 9248772
189, 75735172, 75735172
550, 109387908, 109387908
999999, 59050, 1
141, 9248773, 9248773
188, 75735173, 75735173
550, 109387909, 109387909
999999, 59050, 253
188, 75735426, 75735426
550, 109388162, 109388162
174, 110035330, 109388162
999999, 58818, 62
144, 42446784, 42446784
150, 75573696, 75573696
188, 75735488, 75735488
550, 109388224, 109388224
174, 110035392, 109388224
999999, 58757, 1
143, 42446785, 42446785
149, 75573697, 75573697
188, 75735489, 75735489
550, 109388225, 109388225
174, 110035393, 109388225
999999, 59065, 279
138, 8470744, 8470744
142, 42447064, 42447064
188, 75735768, 75735768
550, 109388504, 109388504
999999, 58787, 1
137, 8470745, 8470745
141, 42447065, 42447065
188, 75735769, 75735769
550, 109388505, 109388505
999999, 58795, 91
550, 109388596, 109388596
999999, 58705, 254
139, 9158706, 9158706
148, 75574322, 75574322
550, 109388850, 109388850
176, 110036018, 109388850
999999, 58704, 1
138, 9158707, 9158707
147, 75574323, 75574323
550, 109388851, 109388851
175, 110036019, 109388851
999999, 58766, 13
137, 9158720, 9158720
146, 75574336, 75574336
189, 75736128, 75736128
550, 109388864, 109388864
174, 110036032, 109388864
999999, 59037, 1
145, 75574337, 75574337
189, 75736129, 75736129
550, 109388865, 109388865
174, 110036033, 109388865
999999, 59129, 355
140, 42447780, 42447780
188, 75736484, 75736484
550, 109389220, 109389220
999999, 58990, 1
139, 42447781, 42447781
187, 75736485, 75736485
550, 109389221, 109389221
999999, 58990, 259
138, 42448040, 42448040
550, 109389480, 109389480
999999, 58780, 1
137, 42448041, 42448041
550, 109389481, 109389481
999999, 58780, 245
137, 9240478, 9240478
140, 9250590, 9250590
144, 75575198, 75575198
188, 75736990, 75736990
550, 109389726, 109389726
175, 110036894, 109389726
999999, 58804, 1
139, 9250591, 9250591
143, 75575199, 75575199
187, 75736991, 75736991
550, 109389727, 109389727
174, 110036895, 109389727
999999, 58804, 55
550, 109389782, 109389782
999999, 58838, 248
138, 9250894, 9250894
550, 109390030, 109390030
173, 110037198, 109390030
999999, 58591, 1
137, 9250895, 9250895
550, 109390031, 109390031
172, 110037199, 109390031
999999, 58809, 69
550, 109390100, 109390100
999999, 58836, 1
550, 109390101, 109390101
999999, 59061, 249
550, 109390350, 109390350
171, 110037518, 109390350
999999, 58813, 1
550, 109390351, 109390351
170, 110037519, 109390351
999999, 58916, 107
186, 75737722, 75737722
550, 109390458, 109390458
999999, 59067, 1
185, 75737723, 75737723
550, 109390459, 109390459
999999, 59389, 203
184, 75737926, 75737926
550, 109390662, 109390662
999999, 59187, 1
183, 75737927, 75737927
550, 109390663, 109390663
999999, 59227, 59
138, 9251586, 9251586
182, 75737986, 75737986
550, 109390722, 109390722
169, 110037890, 109390722
999999, 59169, 1
137, 9251587, 9251587
181, 75737987, 75737987
550, 109390723, 109390723
168, 110037891, 109390723
999999, 59429, 275
239, 47262860, 47262860
228, 114568332, 47262860
999999, 59155, 48
999999, 59162, 310
181, 75738620, 75738620
550, 109391356, 109391356
169, 110038524, 109391356
999999, 58853, 1
181, 75738621, 75738621
550, 109391357, 109391357
169, 110038525, 109391357
999999, 59041, 45
138, 9252266, 9252266
550, 109391402, 109391402
999999, 58997, 1
138, 9252267, 9252267
550, 109391403, 109391403
999999, 59043, 225
550, 109391628, 109391628
169, 110038796, 109391628
999999, 59086, 1
550, 109391629, 109391629
168, 110038797, 109391629
999999, 59144, 53
183, 75738946, 75738946
550, 109391682, 109391682
167, 110038850, 109391682
999999, 59352, 258
183, 75739204, 75739204
550, 109391940, 109391940
999999, 59095, 338
141, 42450838, 42450838
550, 109392278, 109392278
999999, 58848, 96
550, 109392374, 109392374
999999, 58753, 248
550, 109392622, 109392622
166, 110039790, 109392622
999999, 58718, 1
550, 109392623, 109392623
165, 110039791, 109392623
999999, 58718, 33
550, 109392656, 109392656
164, 110039824, 109392656
999999, 58745, 1
550, 109392657, 109392657
163, 110039825, 109392657
999999, 59079, 297
182, 75740218, 75740218
550, 109392954, 109392954
999999, 58783, 1
181, 75740219, 75740219
550, 109392955, 109392955
999999, 59019, 13
550, 109392968, 109392968
999999, 59007, 1
550, 109392969, 109392969
999999, 59113, 345
180, 75740578, 75740578
550, 109393314, 109393314
162, 110040482, 109393314
999999, 58769, 1
180, 75740579, 75740579
550, 109393315, 109393315
162, 110040483, 109393315
999999, 59031, 231
550, 109393546, 109393546
999999, 58801, 56
139, 9254466, 9254466
180, 75740866, 75740866
550, 109393602, 109393602
162, 110040770, 109393602
999999, 58795, 1
138, 9254467, 9254467
179, 75740867, 75740867
550, 109393603, 109393603
161, 110040771, 109393603
999999, 59055, 297
137, 9254764, 9254764
153, 75579372, 75579372
550, 109393900, 109393900
160, 110041068, 109393900
999999, 58759, 1
152, 75579373, 75579373
550, 109393901, 109393901
159, 110041069, 109393901
999999, 58772, 67
140, 42452528, 42452528
550, 109393968, 109393968
158, 110041136, 109393968
999999, 58975, 216
550, 109394184, 109394184
999999, 58854, 1
550, 109394185, 109394185
999999, 58854, 407
139, 42453152, 42453152
151, 75580064, 75580064
179, 75741856, 75741856
550, 109394592, 109394592
157, 110041760, 109394592
999999, 58666, 1
138, 42453153, 42453153
150, 75580065, 75580065
178, 75741857, 75741857
550, 109394593, 109394593
156, 110041761, 109394593
999999, 58666, 189
137, 42453342, 42453342
149, 75580254, 75580254
177, 75742046, 75742046
550, 109394782, 109394782
155, 110041950, 109394782
999999, 58586, 1
148, 75580255, 75580255
176, 75742047, 75742047
550, 109394783, 109394783
154, 110041951, 109394783
999999, 58905, 59
147, 75580314, 75580314
175, 75742106, 75742106
550, 109394842, 109394842
999999, 58847, 1
294, 26557369, 26557369
999999, 59095, 257
173, 75742364, 75742364
550, 109395100, 109395100
153, 110042268, 109395100
999999, 58839, 82
550, 109395182, 109395182
152, 110042350, 109395182
999999, 58771, 1
550, 109395183, 109395183
151, 110042351, 109395183
999999, 59049, 231
550, 109395414, 109395414
999999, 58819, 1
550, 109395415, 109395415
999999, 58866, 100
173, 75742779, 75742779
550, 109395515, 109395515
999999, 59057, 251
550, 109395766, 109395766
999999, 58860, 293
172, 75743323, 75743323
550, 109396059, 109396059
999999, 58568, 49
137, 8609804, 8609804
550, 109396108, 109396108
999999, 58792, 1
550, 109396109, 109396109
999999, 58792, 289
550, 109396398, 109396398
999999, 58548, 1
550, 109396399, 109396399
999999, 58548, 69
550, 109396468, 109396468
999999, 58748, 1
550, 109396469, 109396469
999999, 58748, 249
138, 8610414, 8610414
550, 109396718, 109396718
999999, 58547, 1
138, 8610415, 8610415
550, 109396719, 109396719
999999, 58735, 33
138, 8610448, 8610448
550, 109396752, 109396752
999999, 58764, 1
138, 8610449, 8610449
550, 109396753, 109396753
999999, 58764, 295
173, 75744312, 75744312
550, 109397048, 109397048
999999, 58710, 1
173, 75744313, 75744313
550, 109397049, 109397049
999999, 59041, 56
139, 8610801, 8610801
550, 109397105, 109397105
999999, 58986, 269
999999, 58808, 1
147, 75582847, 75582847
172, 75744639, 75744639
550, 109397375, 109397375
149, 110044543, 109397375
999999, 58808, 19
550, 109397394, 109397394
999999, 59015, 1
550, 109397395, 109397395
999999, 59069, 292
138, 8611383, 8611383
146, 75583159, 75583159
550, 109397687, 109397687
999999, 58778, 271
172, 75745222, 75745222
550, 109397958, 109397958
999999, 58808, 1
172, 75745223, 75745223
550, 109397959, 109397959
999999, 58808, 74
140, 9258897, 9258897
550, 109398033, 109398033
999999, 58753, 290
139, 8612019, 8612019
550, 109398323, 109398323
999999, 58712, 61
999999, 58748, 232
171, 75745880, 75745880
550, 109398616, 109398616
999999, 58517, 1
999999, 58737, 47
550, 109398664, 109398664
999999, 58691, 1
550, 109398665, 109398665
999999, 58745, 304
999999, 58733, 44
146, 42457573, 42457573
168, 75746277, 75746277
550, 109399013, 109399013
999999, 58690, 261
145, 42457834, 42457834
550, 109399274, 109399274
999999, 58488, 1
999999, 58488, 57
999999, 58714, 268
550, 109399600, 109399600
999999, 58458, 1
550, 109399601, 109399601
999999, 58761, 47
139, 8613344, 8613344
141, 9260512, 9260512
142, 42458208, 42458208
145, 75585120, 75585120
169, 75746912, 75746912
550, 109399648, 109399648
148, 110046816, 109399648
999999, 58715, 1
138, 8613345, 8613345
140, 9260513, 9260513
141, 42458209, 42458209
144, 75585121, 75585121
168, 75746913, 75746913
550, 109399649, 109399649
147, 110046817, 109399649
999999, 58721, 189
137, 8613534, 8613534
139, 9260702, 9260702
140, 42458398, 42458398
143, 75585310, 75585310
167, 75747102, 75747102
550, 109399838, 109399838
146, 110047006, 109399838
999999, 58533, 48
138, 9260750, 9260750
550, 109399886, 109399886
999999, 58750, 584
142, 75585942, 75585942
550, 109400470, 109400470
999999, 58167, 1
141, 75585943, 75585943
550, 109400471, 109400471
999999, 58234, 88
137, 9261423, 9261423
550, 109400559, 109400559
999999, 58441, 229
550, 109400788, 109400788
999999, 58213, 1
550, 109400789, 109400789
999999, 58259, 45
139, 42459394, 42459394
166, 75748098, 75748098
550, 109400834, 109400834
145, 110048002, 109400834
999999, 58451, 280
166, 75748378, 75748378
550, 109401114, 109401114
999999, 58218, 1
165, 75748379, 75748379
550, 109401115, 109401115
999999, 58567, 55
550, 109401170, 109401170
999999, 58513, 296
164, 75748730, 75748730
550, 109401466, 109401466
999999, 58482, 10
163, 75748740, 75748740
550, 109401476, 109401476
999999, 58473, 299
550, 109401775, 109401775
999999, 58227, 317
550, 109402092, 109402092
999999, 57911, 1
550, 109402093, 109402093
999999, 58131, 56
142, 8615845, 8615845
142, 9263013, 9263013
164, 75749413, 75749413
550, 109402149, 109402149
999999, 58076, 247
164, 75749660, 75749660
550, 109402396, 109402396
144, 110049564, 109402396
999999, 57924, 1
164, 75749661, 75749661
550, 109402397, 109402397
143, 110049565, 109402397
999999, 58113, 95
999999, 58074, 1
139, 42461053, 42461053
162, 75749757, 75749757
550, 109402493, 109402493
141, 110049661, 109402493
999999, 58074, 213
143, 8616402, 8616402
550, 109402706, 109402706
999999, 58164, 1
142, 8616403, 8616403
550, 109402707, 109402707
999999, 58164, 89
550, 109402796, 109402796
999999, 58350, 1
550, 109402797, 109402797
999999, 58350, 265
550, 109403062, 109403062
999999, 58183, 1
999999, 58387, 51
550, 109403114, 109403114
999999, 58337, 1
550, 109403115, 109403115
999999, 58397, 257
143, 8617068, 8617068
550, 109403372, 109403372
999999, 58141, 68
140, 42462000, 42462000
550, 109403440, 109403440
999999, 58383, 226
550, 109403666, 109403666
999999, 58218, 1
550, 109403667, 109403667
999999, 58218, 48
142, 8617411, 8617411
164, 75750979, 75750979
550, 109403715, 109403715
140, 110050883, 109403715
999999, 58377, 305
550, 109404020, 109404020
999999, 58073, 12
141, 8617728, 8617728
144, 9264896, 9264896
163, 75751296, 75751296
550, 109404032, 109404032
139, 110051200, 109404032
999999, 58162, 1
140, 8617729, 8617729
143, 9264897, 9264897
162, 75751297, 75751297
550, 109404033, 109404033
138, 110051201, 109404033
999999, 58162, 257
139, 8617986, 8617986
142, 9265154, 9265154
161, 75751554, 75751554
550, 109404290, 109404290
137, 110051458, 109404290
999999, 58120, 1
138, 8617987, 8617987
141, 9265155, 9265155
160, 75751555, 75751555
550, 109404291, 109404291
999999, 58120, 97
152, 75589860, 75589860
159, 75751652, 75751652
550, 109404388, 109404388
999999, 58126, 1
152, 75589861, 75589861
158, 75751653, 75751653
550, 109404389, 109404389
999999, 58126, 253
138, 8618338, 8618338
140, 9265506, 9265506
157, 75751906, 75751906
550, 109404642, 109404642
999999, 58094, 1
137, 8618339, 8618339
139, 9265507, 9265507
157, 75751907, 75751907
550, 109404643, 109404643
999999, 58177, 61
138, 9265568, 9265568
138, 42058784, 42058784
143, 42463264, 42463264
153, 75590176, 75590176
157, 75751968, 75751968
550, 109404704, 109404704
999999, 58117, 190
137, 9265758, 9265758
137, 42058974, 42058974
142, 42463454, 42463454
152, 75590366, 75590366
156, 75752158, 75752158
550, 109404894, 109404894
999999, 58168, 1
141, 42463455, 42463455
151, 75590367, 75590367
155, 75752159, 75752159
550, 109404895, 109404895
999999, 58168, 55
550, 109404950, 109404950
999999, 58208, 1
550, 109404951, 109404951
999999, 58208, 321
140, 42463832, 42463832
154, 75752536, 75752536
550, 109405272, 109405272
999999, 58112, 246
550, 109405518, 109405518
999999, 58169, 1
550, 109405519, 109405519
999999, 58241, 73
140, 42464152, 42464152
153, 75752856, 75752856
550, 109405592, 109405592
999999, 58169, 1
139, 42464153, 42464153
152, 75752857, 75752857
550, 109405593, 109405593
999999, 58446, 291
137, 8619580, 8619580
151, 75753148, 75753148
550, 109405884, 109405884
999999, 58214, 1
150, 75753149, 75753149
550, 109405885, 109405885
999999, 58459, 321
152, 75591678, 75591678
149, 75753470, 75591678
550, 109406206, 109406206
999999, 58194, 1
151, 75591679, 75591679
148, 75753471, 75591679
550, 109406207, 109406207
999999, 58194, 13
550, 109406220, 109406220
999999, 58472, 1
550, 109406221, 109406221
999999, 58472, 249
147, 75753734, 75753734
550, 109406470, 109406470
999999, 58506, 1
146, 75753735, 75753735
550, 109406471, 109406471
999999, 58506, 65
550, 109406536, 109406536
999999, 58522, 1
550, 109406537, 109406537
999999, 58783, 307
145, 75754108, 75754108
550, 109406844, 109406844
999999, 58477, 1
145, 75754109, 75754109
550, 109406845, 109406845
999999, 58531, 5
145, 75754114, 75754114
550, 109406850, 109406850
999999, 58527, 1
145, 75754115, 75754115
550, 109406851, 109406851
999999, 58716, 303
550, 109407154, 109407154
999999, 58472, 1
550, 109407155, 109407155
999999, 58472, 47
146, 75754466, 75754466
550, 109407202, 109407202
999999, 58676, 1
145, 75754467, 75754467
550, 109407203, 109407203
999999, 58676, 235
550, 109407438, 109407438
999999, 58492, 1
550, 109407439, 109407439
999999, 58492, 107
144, 75754810, 75754810
550, 109407546, 109407546
999999, 58658, 252
550, 109407798, 109407798
999999, 58407, 14
143, 9268676, 9268676
143, 75755076, 75755076
550, 109407812, 109407812
999999, 58474, 1
143, 9268677, 9268677
142, 75755077, 9268677
550, 109407813, 109407813
999999, 58474, 305
142, 9268982, 9268982
550, 109408118, 109408118
999999, 58384, 1
141, 9268983, 9268983
550, 109408119, 109408119
999999, 58384, 17
550, 109408136, 109408136
999999, 58462, 1
550, 109408137, 109408137
999999, 58702, 263
550, 109408400, 109408400
999999, 58526, 96
550, 109408496, 109408496
999999, 58431, 229
144, 8622421, 8622421
550, 109408725, 109408725
999999, 58423, 81
141, 75756070, 75756070
550, 109408806, 109408806
999999, 58436, 1
140, 75756071, 75756071
550, 109408807, 109408807
999999, 58436, 262
140, 9269933, 9269933
550, 109409069, 109409069
999999, 58394, 67
550, 109409136, 109409136
999999, 58440, 212
156, 75594820, 75594820
139, 75756612, 75594820
550, 109409348, 109409348
999999, 58229, 94
144, 8623138, 8623138
139, 9270306, 8623138
138, 75756706, 8623138
550, 109409442, 109409442
999999, 58379, 1
144, 8623139, 8623139
138, 9270307, 8623139
137, 75756707, 8623139
550, 109409443, 109409443
999999, 58437, 257
155, 75595172, 75595172
550, 109409700, 109409700
999999, 58181, 60
144, 8623456, 8623456
137, 9270624, 8623456
147, 42468320, 42468320
154, 75595232, 75595232
550, 109409760, 109409760
999999, 58359, 1
143, 8623457, 8623457
146, 42468321, 42468321
153, 75595233, 75595233
550, 109409761, 109409761
999999, 58453, 189
142, 8623646, 8623646
145, 42468510, 42468510
152, 75595422, 75595422
550, 109409950, 109409950
999999, 58265, 1
141, 8623647, 8623647
144, 42468511, 42468511
151, 75595423, 75595423
550, 109409951, 109409951
999999, 58526, 55
140, 8623702, 8623702
550, 109410006, 109410006
999999, 58790, 296
139, 8623998, 8623998
150, 75595774, 75595774
550, 109410302, 109410302
999999, 58495, 62
550, 109410364, 109410364
999999, 58439, 1
550, 109410365, 109410365
999999, 58741, 313
550, 109410678, 109410678
999999, 58429, 1
999999, 58475, 225
550, 109410904, 109410904
999999, 58251, 1
550, 109410905, 109410905
999999, 58517, 47
138, 8624648, 8624648
550, 109410952, 109410952
999999, 58492, 1
137, 8624649, 8624649
550, 109410953, 109410953
999999, 58492, 323
550, 109411276, 109411276
999999, 58423, 298
550, 109411574, 109411574
999999, 58444, 1
550, 109411575, 109411575
999999, 58444, 11
550, 109411586, 109411586
999999, 58534, 1
550, 109411587, 109411587
999999, 58798, 312
550, 109411899, 109411899
999999, 58534, 13
550, 109411912, 109411912
999999, 58710, 298
550, 109412210, 109412210
999999, 58413, 1
550, 109412211, 109412211
999999, 58460, 49
550, 109412260, 109412260
999999, 58680, 1
550, 109412261, 109412261
999999, 58680, 234
550, 109412495, 109412495
999999, 58535, 55
137, 42066630, 42066630
550, 109412550, 109412550
999999, 58481, 1
550, 109412551, 109412551
999999, 58709, 261
550, 109412812, 109412812
999999, 58449, 1
550, 109412813, 109412813
999999, 58493, 93
550, 109412906, 109412906
999999, 58401, 1
550, 109412907, 109412907
999999, 58713, 273
999999, 58441, 1
550, 109413181, 109413181
999999, 58705, 45
146, 9274090, 9274090
550, 109413226, 109413226
999999, 58661, 1
145, 9274091, 9274091
550, 109413227, 109413227
999999, 58721, 263
550, 109413490, 109413490
999999, 58459, 1
550, 109413491, 109413491
999999, 58759, 49
550, 109413540, 109413540
999999, 58732, 266
141, 8627502, 8627502
145, 9274670, 9274670
550, 109413806, 109413806
999999, 58467, 1
140, 8627503, 8627503
144, 9274671, 9274671
550, 109413807, 109413807
999999, 58765, 61
143, 9274732, 9274732
550, 109413868, 109413868
999999, 58705, 1
142, 9274733, 9274733
550, 109413869, 109413869
999999, 58711, 228
139, 8627793, 8627793
141, 9274961, 9274961
550, 109414097, 109414097
999999, 58484, 87
155, 42472744, 42472744
154, 75599656, 42472744
550, 109414184, 109414184
999999, 58753, 1
999999, 58990, 223
138, 8557320, 8557320
152, 75599880, 75599880
550, 109414408, 109414408
999999, 58862, 1
138, 8557321, 8557321
151, 75599881, 75599881
550, 109414409, 109414409
999999, 58862, 351
550, 109414760, 109414760
999999, 58773, 1
550, 109414761, 109414761
999999, 58777, 55
137, 8557728, 8557728
138, 8628512, 8628512
143, 9275680, 9275680
154, 42473376, 42473376
150, 75600288, 42473376
550, 109414816, 109414816
999999, 59030, 1
137, 8628513, 8628513
142, 9275681, 9275681
153, 42473377, 42473377
149, 75600289, 42473377
550, 109414817, 109414817
999999, 59030, 250
304, 26577593, 26577593
999999, 59097, 243
141, 9276174, 9276174
550, 109415310, 109415310
999999, 58855, 74
550, 109415384, 109415384
999999, 58827, 1
550, 109415385, 109415385
999999, 59065, 293
142, 9276542, 9276542
550, 109415678, 109415678
999999, 58773, 23
550, 109415701, 109415701
999999, 58798, 289
999999, 58818, 1
147, 75601463, 75601463
550, 109415991, 109415991
999999, 58818, 59
550, 109416050, 109416050
999999, 58803, 1
550, 109416051, 109416051
999999, 59029, 233
550, 109416284, 109416284
999999, 58797, 94
550, 109416378, 109416378
999999, 58794, 1
550, 109416379, 109416379
999999, 58794, 215
550, 109416594, 109416594
999999, 58846, 102
999999, 58745, 1
550, 109416697, 109416697
999999, 58792, 217
550, 109416914, 109416914
999999, 58764, 91
550, 109417005, 109417005
999999, 58674, 267
160, 42475832, 42475832
550, 109417272, 109417272
137, 109922872, 109417272
999999, 58454, 1
159, 42475833, 42475833
550, 109417273, 109417273
999999, 58723, 47
141, 8560232, 8560232
139, 8590568, 8560232
140, 42071400, 8560232
158, 42475880, 42475880
152, 75602792, 42475880
550, 109417320, 109417320
999999, 58677, 1
140, 8560233, 8560233
138, 8590569, 8560233
139, 42071401, 8560233
157, 42475881, 42475881
151, 75602793, 42475881
550, 109417321, 109417321
999999, 58769, 241
550, 109417562, 109417562
999999, 58529, 1
550, 109417563, 109417563
999999, 58843, 49
550, 109417612, 109417612
999999, 58795, 1
550, 109417613, 109417613
999999, 59041, 253
139, 8560778, 8560778
137, 8591114, 8560778
550, 109417866, 109417866
999999, 59085, 1
138, 8560779, 8560779
550, 109417867, 109417867
999999, 59171, 97
550, 109417964, 109417964
999999, 59296, 1
550, 109417965, 109417965
999999, 59296, 232
138, 42072277, 42072277
550, 109418197, 109418197
999999, 59171, 81
137, 8561190, 8561190
141, 8631974, 8631974
550, 109418278, 109418278
999999, 59091, 1
140, 8631975, 8631975
550, 109418279, 109418279
999999, 59301, 221
550, 109418500, 109418500
999999, 59081, 1
550, 109418501, 109418501
999999, 59181, 333
550, 109418834, 109418834
999999, 58849, 1
550, 109418835, 109418835
999999, 59069, 95
265, 109418931, 109418931
999999, 59023, 1
151, 9279795, 9279795
550, 109418931, 109418931
999999, 59303, 244
550, 109419175, 109419175
999999, 59060, 65
139, 42073320, 42073320
156, 42477800, 42477800
550, 109419240, 109419240
999999, 59038, 255
550, 109419495, 109419495
999999, 58784, 66
139, 42073641, 42073641
155, 42478121, 42478121
550, 109419561, 109419561
999999, 58978, 249
153, 9280674, 9280674
138, 42073890, 9280674
155, 75605282, 75605282
550, 109419810, 109419810
999999, 58786, 1
152, 9280675, 9280675
137, 42073891, 9280675
154, 75605283, 75605283
550, 109419811, 109419811
999999, 58786, 251
145, 8623646, 8623646
139, 8633758, 8623646
137, 9189918, 8623646
151, 9280926, 9280926
154, 42478622, 42478622
153, 75605534, 42478622
550, 109420062, 109420062
999999, 58833, 61
550, 109420123, 109420123
999999, 58833, 292
144, 8623999, 8623999
138, 8634111, 8623999
150, 9281279, 9281279
550, 109420415, 109420415
999999, 58542, 11
137, 8634122, 8634122
152, 75605898, 75605898
550, 109420426, 109420426
999999, 58784, 1
151, 75605899, 75605899
550, 109420427, 109420427
999999, 58784, 260
143, 8624271, 8624271
149, 9281551, 9281551
153, 42479247, 42479247
550, 109420687, 109420687
999999, 58585, 103
152, 42479350, 42479350
150, 75606262, 42479350
550, 109420790, 109420790
999999, 58483, 1
151, 42479351, 42479351
149, 75606263, 42479351
550, 109420791, 109420791
999999, 58757, 211
150, 42479562, 42479562
550, 109421002, 109421002
999999, 58547, 1
149, 42479563, 42479563
550, 109421003, 109421003
999999, 58601, 97
140, 109299756, 109299756
550, 109421100, 109421100
999999, 58505, 1
140, 109299757, 109299757
550, 109421101, 109421101
999999, 58763, 233
140, 8564246, 8564246
148, 9282198, 9282198
148, 75606806, 75606806
140, 109299990, 75606806
550, 109421334, 109421334
999999, 58531, 1
139, 8564247, 8564247
148, 9282199, 9282199
147, 75606807, 9282199
139, 109299991, 9282199
550, 109421335, 109421335
999999, 58537, 61
148, 9282260, 9282260
138, 109300052, 9282260
550, 109421396, 109421396
999999, 58477, 1
999999, 58782, 255
138, 8564564, 8564564
149, 42480212, 42480212
550, 109421652, 109421652
999999, 58580, 1
999999, 58580, 85
149, 42480298, 42480298
550, 109421738, 109421738
999999, 58710, 1
149, 42480299, 42480299
550, 109421739, 109421739
999999, 58710, 267
147, 75607478, 75607478
550, 109422006, 109422006
999999, 58539, 1
147, 75607479, 75607479
550, 109422007, 109422007
999999, 58727, 51
151, 42480618, 42480618
550, 109422058, 109422058
999999, 58772, 1
150, 42480619, 42480619
550, 109422059, 109422059
999999, 58979, 264
550, 109422323, 109422323
999999, 58716, 13
157, 8464128, 8464128
146, 75607808, 8464128
140, 109300992, 8464128
550, 109422336, 109422336
999999, 58777, 1
157, 8464129, 8464129
145, 75607809, 8464129
140, 109300993, 8464129
550, 109422337, 109422337
999999, 59021, 283
550, 109422620, 109422620
999999, 58739, 1
550, 109422621, 109422621
999999, 58807, 55
550, 109422676, 109422676
999999, 58753, 1
550, 109422677, 109422677
999999, 58997, 281
550, 109422958, 109422958
140, 109766766, 109422958
999999, 58717, 34
550, 109422992, 109422992
139, 109766800, 109422992
999999, 58774, 1
550, 109422993, 109422993
138, 109766801, 109422993
999999, 59013, 245
550, 109423238, 109423238
999999, 58769, 108
137, 8637042, 8637042
148, 9193202, 9193202
550, 109423346, 109423346
999999, 58978, 1
148, 9193203, 9193203
550, 109423347, 109423347
999999, 59063, 209
167, 8465348, 8465348
550, 109423556, 109423556
999999, 58855, 1
167, 8465349, 8465349
550, 109423557, 109423557
999999, 59127, 95
167, 8465444, 8465444
550, 109423652, 109423652
999999, 59033, 1
167, 8465445, 8465445
550, 109423653, 109423653
999999, 59073, 277
999999, 59058, 1
167, 8465723, 8465723
550, 109423931, 109423931
999999, 59058, 265
167, 8465988, 8465988
550, 109424196, 109424196
999999, 58813, 100
152, 42482856, 42482856
550, 109424296, 109424296
999999, 58983, 254
151, 42483110, 42483110
550, 109424550, 109424550
999999, 58790, 1
150, 42483111, 42483111
550, 109424551, 109424551
999999, 58790, 65
147, 9336040, 9336040
149, 42483176, 42483176
550, 109424616, 109424616
999999, 59026, 1
146, 9336041, 9336041
148, 42483177, 42483177
550, 109424617, 109424617
999999, 59035, 215
172, 8466624, 8466624
137, 8638528, 8466624
157, 9285696, 8466624
145, 9336256, 8466624
147, 42483392, 8466624
146, 75610304, 8466624
550, 109424832, 109424832
999999, 58821, 1
172, 8466625, 8466625
156, 9285697, 8466625
144, 9336257, 8466625
146, 42483393, 8466625
145, 75610305, 8466625
550, 109424833, 109424833
999999, 59095, 96
172, 8466721, 8466721
146, 8628513, 8466721
148, 9194785, 8466721
155, 9285793, 8466721
143, 9336353, 8466721
138, 42079009, 8466721
145, 42483489, 8466721
144, 75610401, 8466721
140, 109303585, 8466721
550, 109424929, 109424929
137, 109768737, 109424929
999999, 59000, 189
172, 8466910, 8466910
145, 8628702, 8466910
147, 9194974, 8466910
154, 9285982, 8466910
142, 9336542, 8466910
137, 42079198, 8466910
144, 42483678, 8466910
143, 75610590, 8466910
139, 109303774, 8466910
550, 109425118, 109425118
999999, 58903, 63
550, 109425181, 109425181
999999, 59087, 254
173, 8467227, 8467227
153, 9286299, 8467227
138, 109304091, 8467227
550, 109425435, 109425435
999999, 58853, 49
146, 9195340, 9195340
152, 9286348, 9286348
550, 109425484, 109425484
999999, 58805, 1
145, 9195341, 9195341
151, 9286349, 9286349
550, 109425485, 109425485
999999, 59077, 266
150, 9286615, 9286615
146, 42484311, 9286615
142, 75611223, 9286615
550, 109425751, 109425751
999999, 58812, 87
149, 9286702, 9286702
550, 109425838, 109425838
999999, 58820, 1
148, 9286703, 9286703
550, 109425839, 109425839
999999, 58820, 267
178, 8467898, 8467898
550, 109426106, 109426106
999999, 58767, 48
550, 109426154, 109426154
999999, 58808, 1
550, 109426155, 109426155
999999, 58808, 239
180, 8468186, 8468186
139, 109305050, 8468186
550, 109426394, 109426394
999999, 58840, 50
550, 109426444, 109426444
999999, 58791, 262
151, 9287570, 9287570
147, 42485266, 9287570
550, 109426706, 109426706
999999, 58578, 1
150, 9287571, 9287571
146, 42485267, 9287571
550, 109426707, 109426707
999999, 58578, 326
150, 9287897, 9287897
145, 42485593, 9287897
141, 75612505, 9287897
550, 109427033, 109427033
999999, 58506, 77
150, 9287974, 9287974
145, 42485670, 9287974
141, 75612582, 9287974
550, 109427110, 109427110
999999, 58490, 1
150, 9287975, 9287975
145, 42485671, 9287975
141, 75612583, 9287975
550, 109427111, 109427111
999999, 58490, 221
186, 8469124, 8469124
147, 9197188, 8469124
144, 9338756, 8469124
550, 109427332, 109427332
999999, 58459, 1
186, 8469125, 8469125
146, 9197189, 8469125
143, 9338757, 8469125
550, 109427333, 109427333
999999, 58554, 59
186, 8469184, 8469184
152, 8630976, 8469184
143, 9338816, 8469184
139, 42081472, 8469184
550, 109427392, 109427392
999999, 58715, 1
186, 8469185, 8469185
151, 8630977, 8469185
143, 9338817, 8469185
138, 42081473, 8469185
550, 109427393, 109427393
999999, 59069, 317
186, 8469502, 8469502
150, 8631294, 8469502
137, 42081790, 8469502
550, 109427710, 109427710
999999, 58753, 1
186, 8469503, 8469503
149, 8631295, 8469503
550, 109427711, 109427711
999999, 58759, 13
143, 75613196, 75613196
550, 109427724, 109427724
999999, 59015, 1
142, 75613197, 75613197
550, 109427725, 109427725
999999, 59075, 263
137, 8641684, 8641684
550, 109427988, 109427988
999999, 58813, 82
155, 9288934, 9288934
142, 75613542, 9288934
550, 109428070, 109428070
139, 109771878, 109428070
999999, 58996, 238
155, 9289172, 9289172
550, 109428308, 109428308
999999, 58816, 87
550, 109428395, 109428395
999999, 59025, 257
146, 42487212, 42487212
550, 109428652, 109428652
999999, 58769, 1
145, 42487213, 42487213
550, 109428653, 109428653
999999, 58776, 59
144, 42487272, 42487272
550, 109428712, 109428712
999999, 58987, 1
143, 42487273, 42487273
550, 109428713, 109428713
999999, 59075, 226
148, 8632523, 8632523
550, 109428939, 109428939
999999, 59103, 104
550, 109429043, 109429043
999999, 59000, 243
157, 9290150, 9290150
146, 109307942, 9290150
550, 109429286, 109429286
999999, 58819, 26
199, 8471104, 8471104
145, 9340736, 8471104
137, 42224960, 8471104
144, 75614784, 8471104
145, 109307968, 8471104
550, 109429312, 109429312
999999, 59070, 295
999999, 58776, 74
147, 8633265, 8633265
156, 9290545, 9290545
144, 109308337, 9290545
550, 109429681, 109429681
999999, 58713, 242
148, 9199779, 9199779
155, 9290787, 9290787
137, 42084003, 9290787
550, 109429923, 109429923
999999, 58472, 61
202, 8471776, 8471776
146, 8633568, 8471776
137, 8643680, 8471776
147, 9199840, 8471776
154, 9290848, 8471776
146, 9341408, 8471776
139, 42225632, 8471776
144, 42488544, 8471776
143, 75615456, 8471776
144, 109308640, 8471776
550, 109429984, 109429984
140, 109773792, 109429984
999999, 58772, 1
202, 8471777, 8471777
145, 8633569, 8471777
146, 9199841, 8471777
153, 9290849, 8471777
145, 9341409, 8471777
138, 42225633, 8471777
143, 42488545, 8471777
142, 75615457, 8471777
143, 109308641, 8471777
550, 109429985, 109429985
140, 109773793, 109429985
999999, 58772, 190
202, 8471967, 8471967
144, 8633759, 8471967
145, 9200031, 8471967
152, 9291039, 8471967
145, 9341599, 8471967
138, 42225823, 8471967
142, 42488735, 8471967
141, 75615647, 8471967
142, 109308831, 8471967
550, 109430175, 109430175
139, 109773983, 109430175
999999, 58810, 61
144, 9200092, 9200092
151, 9291100, 9291100
550, 109430236, 109430236
138, 109774044, 109430236
999999, 58827, 1
144, 9200093, 9200093
150, 9291101, 9291101
550, 109430237, 109430237
137, 109774045, 109430237
999999, 59086, 250
140, 42226135, 42226135
141, 42489047, 42489047
140, 75615959, 42489047
550, 109430487, 109430487
999999, 58892, 51
143, 8634122, 8634122
143, 9200394, 9200394
141, 109309194, 9200394
550, 109430538, 109430538
999999, 59120, 1
142, 8634123, 8634123
142, 9200395, 9200395
140, 109309195, 9200395
550, 109430539, 109430539
999999, 59120, 273
141, 9200668, 9200668
139, 109309468, 9200668
550, 109430812, 109430812
999999, 58904, 1
257, 3295239, 3295239
170, 104253447, 3295239
999999, 59123, 90
139, 9200759, 9200759
139, 75616375, 75616375
137, 109309559, 75616375
550, 109430903, 109430903
999999, 59115, 226
141, 42226777, 42226777
550, 109431129, 109431129
999999, 58890, 55
151, 9292048, 9292048
140, 42226832, 9292048
550, 109431184, 109431184
999999, 59169, 267
212, 8473243, 8473243
150, 9292315, 8473243
550, 109431451, 109431451
999999, 59145, 48
140, 9201355, 9201355
149, 9292363, 9292363
550, 109431499, 109431499
999999, 59098, 305
151, 9343228, 9343228
550, 109431804, 109431804
999999, 59042, 1
151, 9343229, 9343229
550, 109431805, 109431805
999999, 59042, 47
999999, 59057, 1
137, 109310509, 109310509
550, 109431853, 109431853
999999, 59305, 217
138, 8574982, 8574982
141, 42227718, 42227718
550, 109432070, 109432070
141, 109775878, 109432070
999999, 59089, 1
137, 8574983, 8574983
140, 42227719, 42227719
550, 109432071, 109432071
140, 109775879, 109432071
999999, 59135, 65
142, 9201992, 9201992
139, 42227784, 9201992
145, 75617608, 75617608
550, 109432136, 109432136
999999, 59346, 1
141, 9201993, 9201993
138, 42227785, 9201993
144, 75617609, 75617609
550, 109432137, 109432137
999999, 59437, 299
140, 9202292, 9202292
152, 9343860, 9343860
550, 109432436, 109432436
999999, 59139, 1
139, 9202293, 9202293
151, 9343861, 9343861
550, 109432437, 109432437
999999, 59349, 45
138, 9202338, 9202338
144, 42491042, 42491042
550, 109432482, 109432482
999999, 59305, 1
137, 9202339, 9202339
143, 42491043, 42491043
550, 109432483, 109432483
999999, 59365, 249
142, 42491292, 42491292
550, 109432732, 109432732
139, 109776540, 109432732
999999, 59378, 1
141, 42491293, 42491293
550, 109432733, 109432733
138, 109776541, 109432733
999999, 59378, 47
550, 109432780, 109432780
999999, 59392, 1
550, 109432781, 109432781
999999, 59392, 268
550, 109433049, 109433049
999999, 59388, 307
550, 109433356, 109433356
138, 109777164, 109433356
999999, 59180, 1
550, 109433357, 109433357
138, 109777165, 109433357
999999, 59180, 53
550, 109433410, 109433410
999999, 59344, 1
550, 109433411, 109433411
999999, 59344, 257
234, 8475460, 8475460
140, 42128196, 8475460
550, 109433668, 109433668
140, 109777476, 109433668
999999, 59174, 1
234, 8475461, 8475461
139, 42128197, 8475461
550, 109433669, 109433669
140, 109777477, 109433669
999999, 59174, 100
141, 42492329, 42492329
143, 75619241, 75619241
550, 109433769, 109433769
139, 109777577, 109433769
999999, 59303, 226
550, 109433995, 109433995
137, 109696907, 109433995
999999, 59162, 61
140, 42492616, 42492616
143, 75619528, 75619528
550, 109434056, 109434056
999999, 59382, 1
139, 42492617, 42492617
143, 75619529, 75619529
550, 109434057, 109434057
999999, 59382, 298
999999, 59139, 14
239, 8476161, 8476161
141, 8648065, 8476161
150, 9295233, 8476161
139, 42230017, 8476161
142, 75619841, 8476161
137, 109313025, 8476161
550, 109434369, 109434369
139, 109778177, 109434369
999999, 59126, 319
239, 8476480, 8476480
141, 8648384, 8476480
149, 9295552, 8476480
138, 42230336, 8476480
141, 75620160, 8476480
550, 109434688, 109434688
138, 109778496, 109434688
999999, 59117, 1
239, 8476481, 8476481
140, 8648385, 8476481
148, 9295553, 8476481
137, 42230337, 8476481
140, 75620161, 8476481
550, 109434689, 109434689
137, 109778497, 109434689
999999, 59337, 255
239, 8476736, 8476736
146, 8638528, 8476736
550, 109434944, 109434944
999999, 59083, 1
239, 8476737, 8476737
145, 8638529, 8476737
550, 109434945, 109434945
999999, 59179, 95
239, 8476832, 8476832
144, 8638624, 8476832
139, 8648736, 8476832
147, 9295904, 8476832
153, 9346464, 8476832
139, 42129568, 8476832
139, 42493600, 8476832
139, 75620512, 8476832
138, 75660960, 8476832
550, 109435040, 109435040
139, 109697952, 109435040
999999, 59400, 1
239, 8476833, 8476833
143, 8638625, 8476833
138, 8648737, 8476833
146, 9295905, 8476833
152, 9346465, 8476833
139, 42129569, 8476833
139, 42493601, 8476833
138, 75620513, 8476833
138, 75660961, 8476833
550, 109435041, 109435041
139, 109697953, 109435041
999999, 59400, 189
239, 8477022, 8477022
142, 8638814, 8477022
137, 8648926, 8477022
145, 9296094, 8477022
151, 9346654, 8477022
139, 42129758, 8477022
139, 42493790, 8477022
137, 75620702, 8477022
138, 75661150, 8477022
550, 109435230, 109435230
139, 109698142, 109435230
999999, 59484, 1
239, 8477023, 8477023
141, 8638815, 8477023
144, 9296095, 8477023
150, 9346655, 8477023
139, 42129759, 8477023
139, 42493791, 8477023
138, 75661151, 8477023
550, 109435231, 109435231
139, 109698143, 109435231
999999, 59484, 95
999999, 59436, 1
239, 8477119, 8477119
139, 8638911, 8477119
142, 9296191, 8477119
148, 9346751, 8477119
550, 109435327, 109435327
999999, 59436, 269
141, 9296460, 9296460
137, 75661516, 9296460
550, 109435596, 109435596
999999, 59384, 270
240, 8477658, 8477658
138, 42494426, 8477658
550, 109435866, 109435866
140, 109698778, 109435866
999999, 59115, 1
240, 8477659, 8477659
137, 42494427, 8477659
550, 109435867, 109435867
139, 109698779, 109435867
999999, 59467, 97
550, 109435964, 109435964
138, 109698876, 109435964
999999, 59371, 1
550, 109435965, 109435965
137, 109698877, 109435965
999999, 59444, 253
242, 8478010, 8478010
141, 9297082, 8478010
140, 42130746, 8478010
550, 109436218, 109436218
999999, 59432, 62
141, 9297144, 9297144
550, 109436280, 109436280
999999, 59371, 228
550, 109436508, 109436508
999999, 59204, 1
550, 109436509, 109436509
999999, 59204, 45
550, 109436554, 109436554
999999, 59348, 348
138, 75622374, 75622374
550, 109436902, 109436902
999999, 59096, 1
137, 75622375, 75622375
550, 109436903, 109436903
999999, 59311, 263
550, 109437166, 109437166
999999, 59136, 1
550, 109437167, 109437167
999999, 59372, 34
550, 109437201, 109437201
999999, 59387, 289
