777777, 600, 3000
153, 9190014, 9190014
168, 75514622, 75514622
242, 75676414, 75676414
600, 109329150, 109329150
999999, 65443, 208
153, 9190222, 9190222
600, 109329358, 109329358
999999, 65424, 1
153, 9190223, 9190223
600, 109329359, 109329359
999999, 65424, 61
152, 42023948, 42023948
600, 109329420, 109329420
999999, 65422, 1
151, 42023949, 42023949
600, 109329421, 109329421
999999, 65422, 269
246, 75676954, 75676954
600, 109329690, 109329690
999999, 65410, 1
245, 75676955, 75676955
600, 109329691, 109329691
999999, 65491, 317
244, 75677272, 75677272
600, 109330008, 109330008
999999, 65175, 1
243, 75677273, 75677273
600, 109330009, 109330009
999999, 65405, 96
242, 75677369, 75677369
600, 109330105, 109330105
999999, 65310, 227
150, 9181084, 9181084
242, 75677596, 75677596
600, 109330332, 109330332
999999, 65183, 1
150, 9181085, 9181085
241, 75677597, 75677597
600, 109330333, 109330333
999999, 65433, 95
241, 75677692, 75677692
600, 109330428, 109330428
999999, 65631, 1
240, 75677693, 75677693
600, 109330429, 109330429
999999, 65679, 201
154, 10961090, 10961090
999999, 65479, 1
238, 75677895, 75677895
600, 109330631, 109330631
999999, 65767, 101
171, 75516204, 75516204
600, 109330732, 109330732
999999, 65667, 1
170, 75516205, 75516205
600, 109330733, 109330733
999999, 65735, 231
600, 109330964, 109330964
999999, 65505, 1
600, 109330965, 109330965
999999, 65753, 99
237, 75678328, 75678328
600, 109331064, 109331064
999999, 65655, 1
236, 75678329, 75678329
600, 109331065, 109331065
999999, 65687, 203
151, 42025796, 42025796
235, 75678532, 75678532
600, 109331268, 109331268
999999, 65485, 1
150, 42025797, 42025797
235, 75678533, 75678533
600, 109331269, 109331269
999999, 65779, 93
235, 75678626, 75678626
600, 109331362, 109331362
999999, 65687, 284
150, 9182398, 9182398
151, 42511550, 42511550
234, 75678910, 75678910
600, 109331646, 109331646
999999, 65459, 1
151, 42511551, 42511551
234, 75678911, 75678911
600, 109331647, 109331647
999999, 65727, 55
600, 109331702, 109331702
999999, 65673, 1
600, 109331703, 109331703
999999, 65691, 262
234, 75679229, 75679229
600, 109331965, 109331965
999999, 65430, 45
155, 9192874, 9192874
600, 109332010, 109332010
999999, 65677, 1
154, 9192875, 9192875
600, 109332011, 109332011
999999, 65947, 238
153, 9193113, 9193113
235, 75679513, 75679513
600, 109332249, 109332249
999999, 65710, 81
600, 109332330, 109332330
999999, 65703, 1
600, 109332331, 109332331
999999, 65992, 278
150, 9183361, 9183361
152, 42512513, 42512513
234, 75679873, 75679873
600, 109332609, 109332609
999999, 65775, 265
151, 42512778, 42512778
600, 109332874, 109332874
999999, 65742, 1
150, 42512779, 42512779
600, 109332875, 109332875
999999, 65742, 61
600, 109332936, 109332936
999999, 65728, 301
600, 109333237, 109333237
999999, 65428, 311
600, 109333548, 109333548
999999, 65421, 54
237, 75680866, 75680866
600, 109333602, 109333602
999999, 65411, 262
172, 75519336, 75519336
600, 109333864, 109333864
999999, 65410, 1
171, 75519337, 75519337
600, 109333865, 109333865
999999, 65410, 55
153, 9194784, 9194784
170, 75519392, 75519392
237, 75681184, 75681184
600, 109333920, 109333920
999999, 65412, 1
152, 9194785, 9194785
169, 75519393, 75519393
236, 75681185, 75681185
600, 109333921, 109333921
999999, 65679, 189
151, 9194974, 9194974
168, 75519582, 75519582
235, 75681374, 75681374
600, 109334110, 109334110
999999, 65491, 48
151, 9195022, 9195022
600, 109334158, 109334158
999999, 65490, 1
151, 9195023, 9195023
600, 109334159, 109334159
999999, 65490, 303
151, 9195326, 9195326
237, 75681726, 75681726
600, 109334462, 109334462
999999, 65376, 15
151, 9195341, 9195341
600, 109334477, 109334477
999999, 65409, 272
150, 9195613, 9195613
236, 75682013, 75682013
600, 109334749, 109334749
999999, 65721, 54
172, 75520275, 75520275
600, 109334803, 109334803
999999, 65668, 257
600, 109335060, 109335060
999999, 65499, 96
600, 109335156, 109335156
999999, 65632, 230
171, 75520858, 75520858
235, 75682650, 75682650
600, 109335386, 109335386
999999, 65403, 1
170, 75520859, 75520859
235, 75682651, 75682651
600, 109335387, 109335387
999999, 65447, 98
235, 75682749, 75682749
600, 109335485, 109335485
999999, 65629, 262
235, 75683011, 75683011
600, 109335747, 109335747
999999, 65368, 265
600, 109336012, 109336012
999999, 65158, 1
600, 109336013, 109336013
999999, 65453, 101
600, 109336114, 109336114
999999, 65362, 1
600, 109336115, 109336115
999999, 65660, 207
236, 75683586, 75683586
600, 109336322, 109336322
999999, 65770, 1
235, 75683587, 75683587
600, 109336323, 109336323
999999, 65770, 95
235, 75683682, 75683682
600, 109336418, 109336418
999999, 65731, 1
235, 75683683, 75683683
600, 109336419, 109336419
999999, 65977, 296
600, 109336715, 109336715
999999, 65682, 292
600, 109337007, 109337007
999999, 65485, 20
152, 9187779, 9187779
237, 75684291, 75684291
600, 109337027, 109337027
999999, 65466, 277
236, 75684568, 75684568
600, 109337304, 109337304
999999, 65402, 1
324, 26499831, 26499831
999999, 65402, 44
234, 75684613, 75684613
600, 109337349, 109337349
999999, 65447, 307
152, 8642360, 8642360
233, 75684920, 75684920
600, 109337656, 109337656
999999, 65141, 1
151, 8642361, 8642361
232, 75684921, 75684921
600, 109337657, 109337657
999999, 65405, 55
150, 8642416, 8642416
600, 109337712, 109337712
999999, 65351, 1
600, 109337713, 109337713
999999, 65401, 219
600, 109337932, 109337932
999999, 65183, 1
600, 109337933, 109337933
999999, 65439, 55
231, 75685252, 75685252
600, 109337988, 109337988
999999, 65452, 1
230, 75685253, 75685253
600, 109337989, 109337989
999999, 65677, 303
600, 109338292, 109338292
999999, 65375, 1
600, 109338293, 109338293
999999, 65422, 319
600, 109338612, 109338612
999999, 65408, 1
600, 109338613, 109338613
999999, 65419, 47
169, 75524132, 75524132
232, 75685924, 75685924
600, 109338660, 109338660
999999, 65373, 1
168, 75524133, 75524133
232, 75685925, 75685925
600, 109338661, 109338661
999999, 65629, 253
150, 8421154, 8421154
154, 9199778, 9199778
232, 75686178, 75686178
600, 109338914, 109338914
999999, 65377, 62
156, 9189728, 9189728
153, 9199840, 9189728
150, 42518880, 9189728
168, 75524448, 75524448
232, 75686240, 75686240
600, 109338976, 109338976
999999, 65412, 1
155, 9189729, 9189729
152, 9199841, 9189729
168, 75524449, 75524449
232, 75686241, 75686241
600, 109338977, 109338977
999999, 65412, 189
154, 9189918, 9189918
152, 9200030, 9189918
167, 75524638, 75524638
232, 75686430, 75686430
600, 109339166, 109339166
999999, 65476, 56
600, 109339222, 109339222
999999, 65421, 296
999999, 65186, 1
153, 9200383, 9200383
167, 75524991, 75524991
233, 75686783, 75686783
600, 109339519, 109339519
999999, 65375, 7
233, 75686790, 75686790
600, 109339526, 109339526
999999, 65369, 278
153, 9200668, 9200668
232, 75687068, 75687068
600, 109339804, 109339804
999999, 65146, 1
152, 9200669, 9200669
231, 75687069, 75687069
600, 109339805, 109339805
999999, 65146, 94
167, 75525371, 75525371
231, 75687163, 75687163
600, 109339899, 109339899
999999, 65373, 209
151, 9200972, 9200972
600, 109340108, 109340108
999999, 65410, 1
150, 9200973, 9200973
600, 109340109, 109340109
999999, 65410, 67
150, 42520080, 42520080
600, 109340176, 109340176
999999, 65416, 358
600, 109340534, 109340534
999999, 65059, 1
600, 109340535, 109340535
999999, 65349, 281
600, 109340816, 109340816
999999, 65069, 298
235, 75688378, 75688378
600, 109341114, 109341114
999999, 65092, 1
235, 75688379, 75688379
600, 109341115, 109341115
999999, 65092, 21
150, 42521040, 42521040
600, 109341136, 109341136
999999, 65084, 290
600, 109341426, 109341426
999999, 64795, 1
600, 109341427, 109341427
999999, 65043, 49
156, 8423716, 8423716
236, 75688740, 75688740
600, 109341476, 109341476
999999, 64995, 1
155, 8423717, 8423717
235, 75688741, 75688741
600, 109341477, 109341477
999999, 65059, 241
158, 42683414, 42683414
150, 76255254, 42683414
600, 109341718, 109341718
999999, 64819, 1
157, 42683415, 42683415
600, 109341719, 109341719
999999, 65125, 95
600, 109341814, 109341814
999999, 65031, 226
237, 75689304, 75689304
600, 109342040, 109342040
999999, 64810, 1
237, 75689305, 75689305
600, 109342041, 109342041
999999, 64810, 77
236, 75689382, 75689382
600, 109342118, 109342118
999999, 65036, 1
235, 75689383, 75689383
600, 109342119, 109342119
999999, 65036, 278
235, 75689661, 75689661
600, 109342397, 109342397
999999, 64805, 45
154, 8424682, 8424682
600, 109342442, 109342442
999999, 64761, 1
153, 8424683, 8424683
600, 109342443, 109342443
999999, 64995, 265
152, 8424948, 8424948
600, 109342708, 109342708
999999, 64731, 52
151, 9203624, 9203624
162, 42684456, 42684456
600, 109342760, 109342760
999999, 64786, 236
600, 109342996, 109342996
999999, 64802, 60
600, 109343056, 109343056
999999, 64756, 1
600, 109343057, 109343057
999999, 64756, 281
600, 109343338, 109343338
999999, 64780, 22
154, 9204224, 9204224
168, 75528832, 75528832
238, 75690624, 75690624
151, 76256896, 75690624
600, 109343360, 109343360
999999, 64759, 1
153, 9204225, 9204225
167, 75528833, 75528833
237, 75690625, 75690625
150, 76256897, 75690625
600, 109343361, 109343361
999999, 64775, 311
236, 75690936, 75690936
600, 109343672, 109343672
999999, 64465, 8
152, 9204544, 9204544
166, 75529152, 75529152
235, 75690944, 75690944
600, 109343680, 109343680
999999, 64720, 1
151, 9204545, 9204545
165, 75529153, 75529153
234, 75690945, 75690945
600, 109343681, 109343681
999999, 64815, 256
150, 9204801, 9204801
164, 75529409, 75529409
233, 75691201, 75691201
600, 109343937, 109343937
999999, 64788, 285
154, 8426462, 8426462
171, 9194974, 9194974
168, 42685918, 9194974
163, 75529694, 9194974
233, 75691486, 75691486
600, 109344222, 109344222
999999, 64584, 1
153, 8426463, 8426463
170, 9194975, 9194975
168, 42685919, 9194975
162, 75529695, 9194975
233, 75691487, 75691487
600, 109344223, 109344223
999999, 64584, 55
167, 42685974, 42685974
600, 109344278, 109344278
999999, 64791, 1
167, 42685975, 42685975
600, 109344279, 109344279
999999, 64857, 247
600, 109344526, 109344526
999999, 64822, 1
600, 109344527, 109344527
999999, 64915, 67
150, 9205458, 9205458
600, 109344594, 109344594
999999, 64849, 1
600, 109344595, 109344595
999999, 65105, 265
171, 9195612, 9195612
237, 75692124, 75692124
600, 109344860, 109344860
999999, 64900, 1
171, 9195613, 9195613
237, 75692125, 75692125
600, 109344861, 109344861
999999, 64900, 93
237, 75692218, 75692218
600, 109344954, 109344954
999999, 64996, 1
237, 75692219, 75692219
600, 109344955, 109344955
999999, 64996, 251
600, 109345206, 109345206
999999, 64800, 1
600, 109345207, 109345207
999999, 65095, 287
153, 9206358, 9206358
173, 42687190, 42687190
600, 109345494, 109345494
999999, 64870, 1
152, 9206359, 9206359
172, 42687191, 42687191
600, 109345495, 109345495
999999, 64870, 51
151, 9206410, 9206410
600, 109345546, 109345546
999999, 65132, 258
600, 109345804, 109345804
999999, 64875, 94
157, 8428138, 8428138
600, 109345898, 109345898
999999, 65006, 1
156, 8428139, 8428139
600, 109345899, 109345899
999999, 65006, 334
241, 75693497, 75693497
600, 109346233, 109346233
999999, 64719, 215
155, 8428688, 8428688
600, 109346448, 109346448
999999, 64505, 1
154, 8428689, 8428689
600, 109346449, 109346449
999999, 64827, 47
153, 8428736, 8428736
240, 75693760, 75693760
600, 109346496, 109346496
999999, 65078, 1
152, 8428737, 8428737
239, 75693761, 75693761
600, 109346497, 109346497
999999, 65078, 317
151, 8429054, 8429054
239, 75694078, 75694078
600, 109346814, 109346814
999999, 64772, 1
999999, 64772, 315
180, 42688826, 42688826
239, 75694394, 75694394
600, 109347130, 109347130
999999, 64769, 22
179, 9197904, 9197904
600, 109347152, 109347152
999999, 64760, 1
178, 9197905, 9197905
600, 109347153, 109347153
999999, 65057, 297
150, 8429690, 8429690
182, 42689146, 42689146
238, 75694714, 75694714
600, 109347450, 109347450
999999, 64761, 10
150, 8429700, 8429700
182, 42689156, 42689156
238, 75694724, 75694724
600, 109347460, 109347460
999999, 64800, 1
150, 8429701, 8429701
182, 42689157, 42689157
238, 75694725, 75694725
600, 109347461, 109347461
999999, 64800, 351
150, 8430052, 8430052
150, 9208676, 9208676
168, 75533284, 75533284
600, 109347812, 109347812
999999, 64683, 267
180, 9198831, 9198831
600, 109348079, 109348079
999999, 64471, 25
179, 9198856, 9198856
600, 109348104, 109348104
999999, 64447, 1
178, 9198857, 9198857
600, 109348105, 109348105
999999, 64707, 347
167, 75533924, 75533924
600, 109348452, 109348452
999999, 64361, 1
166, 75533925, 75533925
600, 109348453, 109348453
999999, 64453, 283
177, 9199488, 9199488
600, 109348736, 109348736
999999, 64171, 297
999999, 64147, 55
168, 26511615, 26511615
999999, 64093, 1
175, 9199841, 9199841
180, 42690785, 42690785
164, 75534561, 42690785
240, 75696353, 75696353
600, 109349089, 109349089
999999, 64137, 189
174, 9200030, 9200030
179, 42690974, 42690974
163, 75534750, 42690974
240, 75696542, 75696542
600, 109349278, 109349278
999999, 63949, 1
173, 9200031, 9200031
178, 42690975, 42690975
162, 75534751, 42690975
239, 75696543, 75696543
600, 109349279, 109349279
999999, 64211, 55
600, 109349334, 109349334
999999, 64157, 1
600, 109349335, 109349335
999999, 64205, 261
238, 75696860, 75696860
600, 109349596, 109349596
999999, 64210, 83
600, 109349679, 109349679
999999, 64128, 232
600, 109349911, 109349911
999999, 63957, 65
600, 109349976, 109349976
999999, 63893, 1
600, 109349977, 109349977
999999, 64120, 238
237, 75697479, 75697479
600, 109350215, 109350215
999999, 63969, 62
177, 42691973, 42691973
236, 75697541, 75697541
600, 109350277, 109350277
999999, 63908, 265
172, 9201294, 9201294
600, 109350542, 109350542
150, 109997710, 109350542
999999, 63866, 96
600, 109350638, 109350638
999999, 63771, 1
600, 109350639, 109350639
999999, 64121, 227
165, 75536338, 75536338
600, 109350866, 109350866
999999, 63895, 48
600, 109350914, 109350914
999999, 63902, 1
600, 109350915, 109350915
999999, 63902, 265
600, 109351180, 109351180
999999, 63887, 1
600, 109351181, 109351181
999999, 64129, 93
600, 109351274, 109351274
999999, 64110, 1
600, 109351275, 109351275
999999, 64110, 229
600, 109351504, 109351504
999999, 64174, 1
600, 109351505, 109351505
999999, 64196, 83
167, 75537060, 75537060
600, 109351588, 109351588
999999, 64402, 1
167, 75537061, 75537061
600, 109351589, 109351589
999999, 64402, 245
153, 9212698, 9212698
166, 75537306, 75537306
600, 109351834, 109351834
999999, 64216, 1
152, 9212699, 9212699
165, 75537307, 75537307
600, 109351835, 109351835
999999, 64216, 47
150, 8434122, 8434122
151, 9212746, 9212746
600, 109351882, 109351882
999999, 64402, 1
150, 9212747, 9212747
600, 109351883, 109351883
999999, 64495, 255
600, 109352138, 109352138
999999, 64241, 106
600, 109352244, 109352244
999999, 64350, 1
600, 109352245, 109352245
999999, 64451, 261
178, 42694202, 42694202
241, 75699770, 75699770
600, 109352506, 109352506
999999, 64191, 44
600, 109352550, 109352550
999999, 64364, 1
600, 109352551, 109352551
999999, 64454, 267
600, 109352818, 109352818
999999, 64454, 1
600, 109352819, 109352819
999999, 64454, 53
179, 9203624, 9203624
165, 75538344, 9203624
600, 109352872, 109352872
999999, 64448, 1
178, 9203625, 9203625
165, 75538345, 9203625
600, 109352873, 109352873
999999, 64448, 261
164, 75538606, 75538606
600, 109353134, 109353134
999999, 64428, 1
163, 75538607, 75538607
600, 109353135, 109353135
999999, 64428, 59
600, 109353194, 109353194
999999, 64418, 1
999999, 64418, 265
999999, 64406, 1
600, 109353461, 109353461
999999, 64406, 45
162, 75538978, 75538978
240, 75700770, 75700770
600, 109353506, 109353506
999999, 64458, 1
161, 75538979, 75538979
239, 75700771, 75700771
600, 109353507, 109353507
999999, 64458, 237
160, 75539216, 75539216
600, 109353744, 109353744
999999, 64453, 82
159, 75539298, 75539298
239, 75701090, 75701090
600, 109353826, 109353826
999999, 64452, 1
158, 75539299, 75539299
238, 75701091, 75701091
600, 109353827, 109353827
999999, 64452, 255
157, 75539554, 75539554
238, 75701346, 75701346
600, 109354082, 109354082
999999, 64418, 1
156, 75539555, 75539555
238, 75701347, 75701347
600, 109354083, 109354083
999999, 64418, 61
154, 8658848, 8658848
183, 9204896, 9204896
179, 42695840, 9204896
155, 75539616, 9204896
237, 75701408, 75701408
600, 109354144, 109354144
164, 110001312, 109354144
999999, 64690, 1
153, 8658849, 8658849
182, 9204897, 9204897
178, 42695841, 9204897
154, 75539617, 9204897
236, 75701409, 75701409
600, 109354145, 109354145
163, 110001313, 109354145
999999, 64690, 189
152, 8659038, 8659038
181, 9205086, 9205086
177, 42696030, 9205086
153, 75539806, 9205086
235, 75701598, 75701598
600, 109354334, 109354334
162, 110001502, 109354334
999999, 64596, 1
151, 8659039, 8659039
180, 9205087, 9205087
176, 42696031, 9205087
152, 75539807, 9205087
234, 75701599, 75701599
600, 109354335, 109354335
161, 110001503, 109354335
999999, 64596, 61
150, 8659100, 8659100
151, 75539868, 75539868
233, 75701660, 75701660
600, 109354396, 109354396
999999, 64779, 1
150, 75539869, 75539869
232, 75701661, 75701661
600, 109354397, 109354397
999999, 64843, 249
600, 109354646, 109354646
999999, 64849, 1
600, 109354647, 109354647
999999, 64914, 99
175, 42696442, 42696442
231, 75702010, 75702010
600, 109354746, 109354746
999999, 65064, 1
174, 42696443, 42696443
230, 75702011, 75702011
600, 109354747, 109354747
999999, 65064, 211
180, 9205710, 9205710
600, 109354958, 109354958
161, 110002126, 109354958
999999, 65104, 1
180, 9205711, 9205711
600, 109354959, 109354959
161, 110002127, 109354959
999999, 65164, 55
151, 8659718, 8659718
230, 75702278, 75702278
600, 109355014, 109355014
999999, 65401, 297
600, 109355311, 109355311
999999, 65115, 55
600, 109355366, 109355366
999999, 65061, 240
151, 8660310, 8660310
182, 9206358, 9206358
154, 75541078, 9206358
600, 109355606, 109355606
999999, 65081, 1
150, 8660311, 8660311
181, 9206359, 9206359
154, 75541079, 9206359
600, 109355607, 109355607
999999, 65183, 102
600, 109355709, 109355709
999999, 65082, 253
230, 75703226, 75703226
600, 109355962, 109355962
999999, 65040, 1
229, 75703227, 75703227
600, 109355963, 109355963
999999, 65040, 319
228, 75703546, 75703546
600, 109356282, 109356282
999999, 64818, 10
227, 75703556, 75703556
600, 109356292, 109356292
999999, 64809, 1
226, 75703557, 75703557
600, 109356293, 109356293
999999, 65041, 254
600, 109356547, 109356547
999999, 64788, 61
600, 109356608, 109356608
163, 110003776, 109356608
999999, 64788, 1
600, 109356609, 109356609
162, 110003777, 109356609
999999, 64788, 281
156, 75542362, 75542362
600, 109356890, 109356890
999999, 64762, 50
600, 109356940, 109356940
999999, 64713, 1
600, 109356941, 109356941
999999, 64797, 301
231, 75704506, 75704506
600, 109357242, 109357242
999999, 64497, 1
999999, 64763, 43
600, 109357286, 109357286
999999, 64721, 1
600, 109357287, 109357287
999999, 64771, 278
999999, 64494, 47
180, 9208364, 9208364
157, 75543084, 9208364
600, 109357612, 109357612
999999, 64711, 1
179, 9208365, 9208365
157, 75543085, 9208365
600, 109357613, 109357613
999999, 64723, 219
600, 109357832, 109357832
999999, 64505, 1
600, 109357833, 109357833
999999, 64787, 95
600, 109357928, 109357928
999999, 64693, 1
600, 109357929, 109357929
999999, 64747, 275
600, 109358204, 109358204
999999, 64473, 1
600, 109358205, 109358205
999999, 64753, 47
178, 9209004, 9209004
157, 75543724, 9209004
600, 109358252, 109358252
999999, 64740, 1
177, 9209005, 9209005
156, 75543725, 9209005
600, 109358253, 109358253
999999, 64740, 309
233, 75705826, 75705826
600, 109358562, 109358562
999999, 64676, 320
232, 75706146, 75706146
600, 109358882, 109358882
999999, 64464, 258
176, 9209892, 9209892
155, 75544612, 9209892
600, 109359140, 109359140
999999, 64207, 1
175, 9209893, 9209893
154, 75544613, 9209893
600, 109359141, 109359141
999999, 64415, 249
174, 9210142, 9210142
179, 42701086, 42701086
153, 75544862, 42701086
233, 75706654, 75706654
600, 109359390, 109359390
163, 110006558, 109359390
999999, 64167, 60
173, 9210202, 9210202
152, 75544922, 9210202
600, 109359450, 109359450
999999, 64202, 1
172, 9210203, 9210203
151, 75544923, 9210203
600, 109359451, 109359451
999999, 64202, 244
178, 42701391, 42701391
600, 109359695, 109359695
999999, 64235, 69
600, 109359764, 109359764
999999, 64167, 1
600, 109359765, 109359765
999999, 64431, 249
177, 42701710, 42701710
600, 109360014, 109360014
999999, 64282, 110
600, 109360124, 109360124
999999, 64426, 1
600, 109360125, 109360125
999999, 64426, 214
171, 9211091, 9211091
150, 75545811, 9211091
600, 109360339, 109360339
999999, 64277, 87
600, 109360426, 109360426
999999, 64191, 1
600, 109360427, 109360427
999999, 64405, 290
600, 109360717, 109360717
999999, 64116, 253
600, 109360970, 109360970
999999, 63959, 106
600, 109361076, 109361076
999999, 64042, 1
600, 109361077, 109361077
999999, 64104, 215
153, 75546764, 75546764
600, 109361292, 109361292
999999, 64143, 1
152, 75546765, 75546765
600, 109361293, 109361293
999999, 64191, 67
151, 75546832, 75546832
600, 109361360, 109361360
999999, 64125, 1
151, 75546833, 75546833
600, 109361361, 109361361
999999, 64390, 243
237, 75708868, 75708868
600, 109361604, 109361604
999999, 64234, 1
236, 75708869, 75708869
600, 109361605, 109361605
999999, 64234, 338
600, 109361943, 109361943
999999, 64163, 96
600, 109362039, 109362039
999999, 64115, 226
600, 109362265, 109362265
999999, 63890, 77
600, 109362342, 109362342
999999, 64052, 1
600, 109362343, 109362343
999999, 64101, 276
238, 75709883, 75709883
600, 109362619, 109362619
999999, 64087, 49
172, 9213420, 9213420
150, 75548140, 9213420
600, 109362668, 109362668
999999, 64039, 1
171, 9213421, 9213421
150, 75548141, 9213421
600, 109362669, 109362669
999999, 64364, 213
150, 42097858, 42097858
150, 75548354, 75548354
600, 109362882, 109362882
999999, 64228, 110
181, 42704688, 42704688
150, 75548464, 42704688
600, 109362992, 109362992
999999, 64119, 1
999999, 64339, 254
170, 9213999, 9213999
600, 109363247, 109363247
999999, 64086, 329
170, 9214328, 9214328
239, 75710840, 75710840
600, 109363576, 109363576
999999, 63816, 1
170, 9214329, 9214329
238, 75710841, 75710841
600, 109363577, 109363577
999999, 63816, 41
170, 9214370, 9214370
237, 75710882, 75710882
600, 109363618, 109363618
999999, 64092, 1
170, 9214371, 9214371
236, 75710883, 75710883
600, 109363619, 109363619
999999, 64092, 225
169, 9214596, 9214596
235, 75711108, 75711108
600, 109363844, 109363844
999999, 63880, 94
168, 9214690, 9214690
234, 75711202, 75711202
600, 109363938, 109363938
999999, 63787, 1
999999, 64049, 222
166, 9214913, 9214913
600, 109364161, 109364161
999999, 63909, 95
165, 9215008, 9215008
181, 42705952, 42705952
151, 75549728, 42705952
234, 75711520, 75711520
600, 109364256, 109364256
170, 110011424, 109364256
999999, 64052, 1
164, 9215009, 9215009
180, 42705953, 42705953
150, 75549729, 42705953
234, 75711521, 75711521
600, 109364257, 109364257
169, 110011425, 109364257
999999, 64138, 190
163, 9215199, 9215199
179, 42706143, 42706143
233, 75711711, 75711711
600, 109364447, 109364447
168, 110011615, 109364447
999999, 64205, 61
162, 9215260, 9215260
232, 75711772, 75711772
600, 109364508, 109364508
999999, 64145, 1
161, 9215261, 9215261
231, 75711773, 75711773
600, 109364509, 109364509
999999, 64203, 254
160, 9215515, 9215515
600, 109364763, 109364763
999999, 63950, 91
159, 9215606, 9215606
600, 109364854, 109364854
999999, 64085, 320
159, 9215926, 9215926
600, 109365174, 109365174
999999, 63869, 1
999999, 64111, 225
600, 109365400, 109365400
999999, 63912, 1
600, 109365401, 109365401
999999, 64206, 55
600, 109365456, 109365456
999999, 64225, 1
600, 109365457, 109365457
999999, 64466, 265
600, 109365722, 109365722
999999, 64262, 44
233, 75713030, 75713030
600, 109365766, 109365766
999999, 64219, 1
233, 75713031, 75713031
600, 109365767, 109365767
999999, 64408, 304
600, 109366071, 109366071
999999, 64165, 13
232, 75713348, 75713348
600, 109366084, 109366084
999999, 64153, 1
231, 75713349, 75713349
600, 109366085, 109366085
999999, 64402, 261
600, 109366346, 109366346
999999, 64192, 1
600, 109366347, 109366347
999999, 64192, 106
600, 109366453, 109366453
999999, 64359, 253
164, 9217458, 9217458
600, 109366706, 109366706
999999, 64107, 63
600, 109366769, 109366769
999999, 64134, 235
230, 75714268, 75714268
600, 109367004, 109367004
999999, 64125, 1
229, 75714269, 75714269
600, 109367005, 109367005
999999, 64179, 45
600, 109367050, 109367050
999999, 64401, 1
600, 109367051, 109367051
999999, 64448, 251
228, 75714566, 75714566
600, 109367302, 109367302
999999, 64502, 1
227, 75714567, 75714567
600, 109367303, 109367303
999999, 64502, 319
226, 75714886, 75714886
600, 109367622, 109367622
999999, 64230, 114
225, 75715000, 75715000
600, 109367736, 109367736
999999, 64117, 1
224, 75715001, 75715001
600, 109367737, 109367737
999999, 64333, 215
600, 109367952, 109367952
999999, 64119, 1
600, 109367953, 109367953
999999, 64183, 95
600, 109368048, 109368048
999999, 64089, 1
600, 109368049, 109368049
999999, 64387, 225
165, 9219026, 9219026
155, 75553746, 9219026
600, 109368274, 109368274
999999, 64163, 1
164, 9219027, 9219027
154, 75553747, 9219027
600, 109368275, 109368275
999999, 64207, 89
163, 9219116, 9219116
153, 75553836, 9219116
600, 109368364, 109368364
999999, 64119, 1
162, 9219117, 9219117
152, 75553837, 9219117
600, 109368365, 109368365
999999, 64367, 249
600, 109368614, 109368614
999999, 64119, 1
600, 109368615, 109368615
999999, 64165, 285
163, 9219652, 9219652
223, 75716164, 75716164
600, 109368900, 109368900
999999, 63881, 1
162, 9219653, 9219653
222, 75716165, 75716165
600, 109368901, 109368901
999999, 64148, 99
162, 9219752, 9219752
151, 75554472, 9219752
600, 109369000, 109369000
999999, 64356, 216
162, 9219968, 9219968
600, 109369216, 109369216
999999, 64141, 1
161, 9219969, 9219969
600, 109369217, 109369217
999999, 64193, 95
160, 9220064, 9220064
181, 42711008, 42711008
150, 75554784, 42711008
221, 75716576, 75716576
600, 109369312, 109369312
177, 110016480, 109369312
999999, 64099, 1
159, 9220065, 9220065
180, 42711009, 42711009
221, 75716577, 75716577
600, 109369313, 109369313
176, 110016481, 109369313
999999, 64355, 189
158, 9220254, 9220254
179, 42711198, 42711198
221, 75716766, 75716766
600, 109369502, 109369502
175, 110016670, 109369502
999999, 64167, 1
157, 9220255, 9220255
178, 42711199, 42711199
220, 75716767, 75716767
600, 109369503, 109369503
174, 110016671, 109369503
999999, 64266, 59
600, 109369562, 109369562
999999, 64433, 1
600, 109369563, 109369563
999999, 64493, 257
219, 75717084, 75717084
600, 109369820, 109369820
999999, 64237, 43
218, 75717127, 75717127
600, 109369863, 109369863
999999, 64492, 278
217, 75717405, 75717405
600, 109370141, 109370141
999999, 64228, 81
600, 109370222, 109370222
999999, 64466, 1
600, 109370223, 109370223
999999, 64466, 227
158, 9221202, 9221202
152, 75555922, 9221202
600, 109370450, 109370450
999999, 64494, 62
600, 109370512, 109370512
999999, 64433, 1
600, 109370513, 109370513
999999, 64527, 261
600, 109370774, 109370774
999999, 64267, 1
600, 109370775, 109370775
999999, 64455, 62
600, 109370837, 109370837
999999, 64394, 293
220, 75718394, 75718394
600, 109371130, 109371130
999999, 64196, 1
219, 75718395, 75718395
600, 109371131, 109371131
999999, 64196, 49
999999, 64416, 1
164, 9221933, 9221933
154, 75556653, 9221933
600, 109371181, 109371181
999999, 64685, 271
153, 75556924, 75556924
600, 109371452, 109371452
184, 110018620, 109371452
999999, 64415, 1
152, 75556925, 75556925
600, 109371453, 109371453
183, 110018621, 109371453
999999, 64511, 303
163, 9222508, 9222508
151, 75557228, 9222508
600, 109371756, 109371756
999999, 64209, 1
162, 9222509, 9222509
150, 75557229, 9222509
600, 109371757, 109371757
999999, 64461, 53
219, 75719074, 75719074
600, 109371810, 109371810
999999, 64470, 1
218, 75719075, 75719075
600, 109371811, 109371811
999999, 64697, 243
161, 9222806, 9222806
600, 109372054, 109372054
999999, 64455, 1
160, 9222807, 9222807
600, 109372055, 109372055
999999, 64499, 61
181, 42713812, 42713812
600, 109372116, 109372116
999999, 64786, 1
180, 42713813, 42713813
600, 109372117, 109372117
999999, 64786, 289
600, 109372406, 109372406
999999, 64760, 1
600, 109372407, 109372407
999999, 64760, 52
179, 42714155, 42714155
600, 109372459, 109372459
999999, 64742, 320
298, 109372778, 109372778
999999, 64711, 215
600, 109372994, 109372994
185, 110020162, 109372994
999999, 64558, 1
600, 109372995, 109372995
185, 110020163, 109372995
999999, 64827, 109
600, 109373104, 109373104
999999, 64719, 1
600, 109373105, 109373105
999999, 64740, 265
219, 75720634, 75720634
600, 109373370, 109373370
999999, 64771, 63
218, 75720697, 75720697
600, 109373433, 109373433
999999, 64728, 244
999999, 64735, 19
600, 109373696, 109373696
999999, 64717, 309
600, 109374005, 109374005
999999, 64463, 12
600, 109374017, 109374017
999999, 64452, 304
600, 109374321, 109374321
999999, 64438, 47
158, 9225120, 9225120
178, 42716064, 42716064
219, 75721632, 75721632
600, 109374368, 109374368
185, 110021536, 109374368
999999, 64452, 1
157, 9225121, 9225121
177, 42716065, 42716065
218, 75721633, 75721633
600, 109374369, 109374369
184, 110021537, 109374369
999999, 64452, 190
156, 9225311, 9225311
176, 42716255, 42716255
217, 75721823, 75721823
600, 109374559, 109374559
183, 110021727, 109374559
999999, 64493, 96
600, 109374655, 109374655
999999, 64398, 221
217, 75722140, 75722140
600, 109374876, 109374876
999999, 64233, 1
216, 75722141, 75722141
600, 109374877, 109374877
999999, 64528, 89
600, 109374966, 109374966
999999, 64492, 1
600, 109374967, 109374967
999999, 64492, 227
600, 109375194, 109375194
999999, 64538, 1
600, 109375195, 109375195
999999, 64538, 43
215, 75722502, 75722502
600, 109375238, 109375238
999999, 64540, 304
150, 75561014, 75561014
600, 109375542, 109375542
999999, 64237, 1
150, 75561015, 75561015
600, 109375543, 109375543
999999, 64493, 59
150, 75561074, 75561074
600, 109375602, 109375602
999999, 64435, 1
150, 75561075, 75561075
600, 109375603, 109375603
999999, 64493, 234
150, 75561309, 75561309
216, 75723101, 75723101
600, 109375837, 109375837
999999, 64260, 54
158, 9226643, 9226643
150, 75561363, 9226643
600, 109375891, 109375891
999999, 64395, 243
150, 75561606, 75561606
217, 75723398, 75723398
600, 109376134, 109376134
999999, 64153, 1
150, 75561607, 75561607
216, 75723399, 75723399
600, 109376135, 109376135
999999, 64211, 101
158, 9226988, 9226988
600, 109376236, 109376236
999999, 64362, 1
157, 9226989, 9226989
600, 109376237, 109376237
999999, 64449, 217
215, 75723718, 75723718
600, 109376454, 109376454
999999, 64233, 115
296, 109376568, 109376568
999999, 64349, 207
600, 109376776, 109376776
999999, 64143, 96
156, 9227624, 9227624
600, 109376872, 109376872
999999, 64100, 1
155, 9227625, 9227625
600, 109376873, 109376873
999999, 64100, 229
600, 109377102, 109377102
999999, 64132, 1
600, 109377103, 109377103
999999, 64219, 351
600, 109377454, 109377454
999999, 64145, 75
214, 75724793, 75724793
600, 109377529, 109377529
999999, 64131, 205
214, 75724998, 75724998
600, 109377734, 109377734
999999, 64181, 1
214, 75724999, 75724999
600, 109377735, 109377735
999999, 64189, 107
600, 109377842, 109377842
999999, 64380, 1
600, 109377843, 109377843
999999, 64380, 257
600, 109378100, 109378100
999999, 64142, 1
600, 109378101, 109378101
999999, 64142, 47
600, 109378148, 109378148
999999, 64386, 238
154, 9229138, 9229138
600, 109378386, 109378386
999999, 64149, 306
214, 75725956, 75725956
600, 109378692, 109378692
999999, 63916, 1
214, 75725957, 75725957
600, 109378693, 109378693
999999, 63916, 99
600, 109378792, 109378792
999999, 64047, 1
600, 109378793, 109378793
999999, 64108, 219
214, 75726276, 75726276
600, 109379012, 109379012
999999, 64148, 1
213, 75726277, 75726277
600, 109379013, 109379013
999999, 64225, 99
600, 109379112, 109379112
999999, 64127, 264
600, 109379376, 109379376
999999, 64090, 1
600, 109379377, 109379377
999999, 64090, 48
999999, 64401, 189
153, 9230366, 9230366
180, 42721310, 42721310
155, 75565086, 42721310
211, 75726878, 75726878
600, 109379614, 109379614
187, 110026782, 109379614
999999, 64226, 62
179, 42721372, 42721372
210, 75726940, 75726940
600, 109379676, 109379676
999999, 64165, 1
178, 42721373, 42721373
209, 75726941, 75726941
600, 109379677, 109379677
999999, 64431, 249
177, 42721622, 42721622
154, 75565398, 42721622
600, 109379926, 109379926
999999, 64183, 66
176, 42721688, 42721688
208, 75727256, 75727256
600, 109379992, 109379992
999999, 64176, 1
175, 42721689, 42721689
207, 75727257, 75727257
600, 109379993, 109379993
999999, 64176, 253
174, 42721942, 42721942
153, 75565718, 42721942
600, 109380246, 109380246
999999, 64208, 1
173, 42721943, 42721943
152, 75565719, 42721943
600, 109380247, 109380247
999999, 64545, 88
172, 42722031, 42722031
600, 109380335, 109380335
999999, 64466, 227
172, 42722258, 42722258
600, 109380562, 109380562
999999, 64543, 1
172, 42722259, 42722259
600, 109380563, 109380563
999999, 64589, 97
172, 42722356, 42722356
600, 109380660, 109380660
999999, 64493, 218
157, 9231630, 9231630
172, 42722574, 42722574
600, 109380878, 109380878
999999, 64464, 1
157, 9231631, 9231631
172, 42722575, 42722575
600, 109380879, 109380879
999999, 64464, 55
171, 42722630, 42722630
211, 75728198, 75728198
600, 109380934, 109380934
999999, 64471, 1
999999, 64723, 270
157, 9231957, 9231957
169, 42722901, 42722901
600, 109381205, 109381205
999999, 64497, 85
156, 9232042, 9232042
168, 42722986, 42722986
600, 109381290, 109381290
999999, 64413, 1
155, 9232043, 9232043
167, 42722987, 42722987
600, 109381291, 109381291
999999, 64723, 274
166, 42723261, 42723261
212, 75728829, 75728829
600, 109381565, 109381565
999999, 64450, 45
154, 9232362, 9232362
165, 42723306, 42723306
600, 109381610, 109381610
999999, 64413, 1
999999, 64686, 252
152, 9232615, 9232615
163, 42723559, 42723559
211, 75729127, 75729127
600, 109381863, 109381863
999999, 64481, 26
162, 42723585, 42723585
210, 75729153, 75729153
600, 109381889, 109381889
999999, 64456, 269
152, 9232910, 9232910
161, 42723854, 42723854
600, 109382158, 109382158
999999, 64460, 1
152, 9232911, 9232911
160, 42723855, 42723855
600, 109382159, 109382159
999999, 64460, 59
159, 42723914, 42723914
600, 109382218, 109382218
999999, 64444, 1
158, 42723915, 42723915
600, 109382219, 109382219
999999, 64444, 300
151, 9233271, 9233271
158, 42724215, 42724215
600, 109382519, 109382519
192, 110029687, 109382519
999999, 64439, 17
150, 9233288, 9233288
158, 42724232, 42724232
600, 109382536, 109382536
191, 110029704, 109382536
999999, 64423, 1
157, 42724233, 42724233
600, 109382537, 109382537
191, 110029705, 109382537
999999, 64443, 271
156, 42724504, 42724504
213, 75730072, 75730072
600, 109382808, 109382808
999999, 64173, 1
155, 42724505, 42724505
213, 75730073, 75730073
600, 109382809, 109382809
999999, 64481, 89
154, 42724594, 42724594
600, 109382898, 109382898
193, 110030066, 109382898
999999, 64393, 214
153, 42724808, 42724808
600, 109383112, 109383112
193, 110030280, 109383112
999999, 64188, 1
152, 42724809, 42724809
600, 109383113, 109383113
193, 110030281, 109383113
999999, 64188, 95
151, 42724904, 42724904
160, 75568680, 75568680
600, 109383208, 109383208
999999, 64346, 1
150, 42724905, 42724905
159, 75568681, 75568681
600, 109383209, 109383209
999999, 64408, 269
600, 109383478, 109383478
192, 110030646, 109383478
999999, 64423, 60
600, 109383538, 109383538
192, 110030706, 109383538
999999, 64456, 1
600, 109383539, 109383539
191, 110030707, 109383539
999999, 64671, 207
217, 75731010, 75731010
152, 76211330, 75731010
600, 109383746, 109383746
999999, 64465, 1
217, 75731011, 75731011
151, 76211331, 75731011
600, 109383747, 109383747
999999, 64513, 101
158, 75569320, 75569320
150, 76211432, 75569320
600, 109383848, 109383848
999999, 64413, 220
217, 75731332, 75731332
600, 109384068, 109384068
999999, 64462, 1
216, 75731333, 75731333
600, 109384069, 109384069
999999, 64462, 99
157, 75569640, 75569640
600, 109384168, 109384168
999999, 64452, 1
156, 75569641, 75569641
600, 109384169, 109384169
999999, 64452, 263
151, 42442992, 42442992
600, 109384432, 109384432
999999, 64408, 1
150, 42442993, 42442993
600, 109384433, 109384433
999999, 64503, 47
156, 75569952, 75569952
215, 75731744, 75731744
600, 109384480, 109384480
192, 110031648, 109384480
999999, 64682, 1
155, 75569953, 75569953
214, 75731745, 75731745
600, 109384481, 109384481
191, 110031649, 109384481
999999, 64682, 189
155, 75570142, 75570142
213, 75731934, 75731934
600, 109384670, 109384670
190, 110031838, 109384670
999999, 64597, 56
154, 75570198, 75570198
600, 109384726, 109384726
999999, 64799, 260
212, 75732250, 75732250
600, 109384986, 109384986
189, 110032154, 109384986
999999, 64862, 1
325, 26547513, 26547513
999999, 64862, 92
153, 75570551, 75570551
600, 109385079, 109385079
187, 110032247, 109385079
999999, 64811, 230
210, 75732573, 75732573
600, 109385309, 109385309
999999, 64582, 81
600, 109385390, 109385390
999999, 64762, 269
209, 75732923, 75732923
600, 109385659, 109385659
999999, 64494, 48
600, 109385707, 109385707
999999, 64501, 228
600, 109385935, 109385935
999999, 64274, 107
211, 75733306, 75733306
600, 109386042, 109386042
999999, 64356, 1
211, 75733307, 75733307
600, 109386043, 109386043
999999, 64356, 257
210, 75733564, 75733564
600, 109386300, 109386300
999999, 64146, 1
210, 75733565, 75733565
600, 109386301, 109386301
999999, 64413, 54
600, 109386355, 109386355
190, 110033523, 109386355
999999, 64418, 251
600, 109386606, 109386606
999999, 64428, 1
600, 109386607, 109386607
999999, 64428, 34
600, 109386641, 109386641
999999, 64485, 284
600, 109386925, 109386925
999999, 64202, 301
211, 75734490, 75734490
600, 109387226, 109387226
189, 110034394, 109387226
999999, 64114, 1
999999, 64114, 48
999999, 64126, 257
600, 109387532, 109387532
187, 110034700, 109387532
999999, 64204, 109
209, 75734905, 75734905
600, 109387641, 109387641
999999, 64096, 257
208, 75735162, 75735162
600, 109387898, 109387898
999999, 64076, 1
207, 75735163, 75735163
600, 109387899, 109387899
999999, 64076, 9
153, 9248772, 9248772
206, 75735172, 75735172
600, 109387908, 109387908
999999, 64174, 1
152, 9248773, 9248773
205, 75735173, 75735173
600, 109387909, 109387909
999999, 64174, 253
205, 75735426, 75735426
600, 109388162, 109388162
187, 110035330, 109388162
999999, 64184, 62
152, 42446784, 42446784
161, 75573696, 75573696
205, 75735488, 75735488
600, 109388224, 109388224
187, 110035392, 109388224
999999, 64123, 1
151, 42446785, 42446785
160, 75573697, 75573697
204, 75735489, 75735489
600, 109388225, 109388225
186, 110035393, 109388225
999999, 64172, 279
150, 42447064, 42447064
203, 75735768, 75735768
600, 109388504, 109388504
999999, 64154, 1
202, 75735769, 75735769
600, 109388505, 109388505
999999, 64154, 91
600, 109388596, 109388596
999999, 64077, 254
159, 75574322, 75574322
600, 109388850, 109388850
185, 110036018, 109388850
999999, 64093, 1
158, 75574323, 75574323
600, 109388851, 109388851
184, 110036019, 109388851
999999, 64187, 13
157, 75574336, 75574336
202, 75736128, 75736128
600, 109388864, 109388864
183, 110036032, 109388864
999999, 64175, 1
156, 75574337, 75574337
201, 75736129, 75736129
600, 109388865, 109388865
182, 110036033, 109388865
999999, 64393, 355
200, 75736484, 75736484
600, 109389220, 109389220
999999, 64039, 1
199, 75736485, 75736485
600, 109389221, 109389221
999999, 64147, 259
600, 109389480, 109389480
999999, 64208, 1
600, 109389481, 109389481
999999, 64208, 245
151, 9240478, 9240478
151, 9250590, 9250590
155, 75575198, 75575198
198, 75736990, 75736990
600, 109389726, 109389726
181, 110036894, 109389726
999999, 64212, 1
150, 9240479, 9240479
150, 9250591, 9250591
154, 75575199, 75575199
197, 75736991, 75736991
600, 109389727, 109389727
180, 110036895, 109389727
999999, 64212, 55
600, 109389782, 109389782
999999, 64171, 248
600, 109390030, 109390030
179, 110037198, 109390030
999999, 64202, 1
600, 109390031, 109390031
178, 110037199, 109390031
999999, 64202, 69
600, 109390100, 109390100
999999, 64181, 1
600, 109390101, 109390101
999999, 64471, 249
600, 109390350, 109390350
177, 110037518, 109390350
999999, 64276, 1
600, 109390351, 109390351
176, 110037519, 109390351
999999, 64276, 107
197, 75737722, 75737722
600, 109390458, 109390458
999999, 64442, 1
196, 75737723, 75737723
600, 109390459, 109390459
999999, 64442, 203
195, 75737926, 75737926
600, 109390662, 109390662
999999, 64284, 1
194, 75737927, 75737927
600, 109390663, 109390663
999999, 64284, 59
151, 9241474, 9241474
151, 9251586, 9251586
193, 75737986, 75737986
600, 109390722, 109390722
175, 110037890, 109390722
999999, 64494, 1
151, 9241475, 9241475
151, 9251587, 9251587
192, 75737987, 75737987
600, 109390723, 109390723
174, 110037891, 109390723
999999, 64494, 275
261, 47262860, 47262860
242, 114568332, 47262860
999999, 64267, 48
999999, 64408, 310
152, 9242108, 9242108
192, 75738620, 75738620
600, 109391356, 109391356
173, 110038524, 109391356
999999, 64160, 1
152, 9242109, 9242109
191, 75738621, 75738621
600, 109391357, 109391357
172, 110038525, 109391357
999999, 64160, 45
151, 9242154, 9242154
153, 9252266, 9252266
600, 109391402, 109391402
999999, 64356, 1
150, 9242155, 9242155
152, 9252267, 9252267
600, 109391403, 109391403
999999, 64687, 225
600, 109391628, 109391628
171, 110038796, 109391628
999999, 64463, 1
600, 109391629, 109391629
170, 110038797, 109391629
999999, 64553, 53
192, 75738946, 75738946
600, 109391682, 109391682
169, 110038850, 109391682
999999, 64501, 258
191, 75739204, 75739204
600, 109391940, 109391940
999999, 64469, 338
600, 109392278, 109392278
999999, 64186, 96
600, 109392374, 109392374
999999, 64091, 248
600, 109392622, 109392622
168, 110039790, 109392622
999999, 64144, 1
600, 109392623, 109392623
167, 110039791, 109392623
999999, 64144, 33
600, 109392656, 109392656
166, 110039824, 109392656
999999, 64130, 1
600, 109392657, 109392657
165, 110039825, 109392657
999999, 64378, 297
192, 75740218, 75740218
600, 109392954, 109392954
999999, 64178, 1
191, 75740219, 75740219
600, 109392955, 109392955
999999, 64178, 13
600, 109392968, 109392968
999999, 64386, 1
600, 109392969, 109392969
999999, 64386, 345
190, 75740578, 75740578
600, 109393314, 109393314
164, 110040482, 109393314
999999, 64096, 1
189, 75740579, 75740579
600, 109393315, 109393315
163, 110040483, 109393315
999999, 64387, 231
600, 109393546, 109393546
999999, 64157, 56
153, 9254466, 9254466
188, 75740866, 75740866
600, 109393602, 109393602
162, 110040770, 109393602
999999, 64160, 1
152, 9254467, 9254467
187, 75740867, 75740867
600, 109393603, 109393603
161, 110040771, 109393603
999999, 64160, 297
154, 8607596, 8607596
151, 9254764, 8607596
156, 75579372, 75579372
600, 109393900, 109393900
160, 110041068, 109393900
999999, 64146, 1
153, 8607597, 8607597
150, 9254765, 8607597
155, 75579373, 75579373
600, 109393901, 109393901
159, 110041069, 109393901
999999, 64157, 67
151, 42452528, 42452528
600, 109393968, 109393968
158, 110041136, 109393968
999999, 64394, 216
600, 109394184, 109394184
999999, 64179, 1
600, 109394185, 109394185
999999, 64185, 407
152, 8608288, 8608288
150, 42453152, 8608288
154, 75580064, 75580064
189, 75741856, 75741856
600, 109394592, 109394592
157, 110041760, 109394592
999999, 63779, 1
152, 8608289, 8608289
153, 75580065, 75580065
188, 75741857, 75741857
600, 109394593, 109394593
156, 110041761, 109394593
999999, 64043, 189
152, 8608478, 8608478
152, 75580254, 75580254
187, 75742046, 75742046
600, 109394782, 109394782
155, 110041950, 109394782
999999, 63855, 1
151, 8608479, 8608479
151, 75580255, 75580255
186, 75742047, 75742047
600, 109394783, 109394783
154, 110041951, 109394783
999999, 63922, 59
150, 75580314, 75580314
185, 75742106, 75742106
600, 109394842, 109394842
999999, 64158, 1
319, 26557369, 26557369
999999, 64158, 257
183, 75742364, 75742364
600, 109395100, 109395100
153, 110042268, 109395100
999999, 63948, 82
600, 109395182, 109395182
152, 110042350, 109395182
999999, 64103, 1
600, 109395183, 109395183
151, 110042351, 109395183
999999, 64149, 231
600, 109395414, 109395414
999999, 64268, 1
600, 109395415, 109395415
999999, 64268, 100
183, 75742779, 75742779
600, 109395515, 109395515
999999, 64433, 251
600, 109395766, 109395766
999999, 64183, 293
182, 75743323, 75743323
600, 109396059, 109396059
999999, 63943, 49
154, 8609804, 8609804
600, 109396108, 109396108
999999, 63895, 1
153, 8609805, 8609805
600, 109396109, 109396109
999999, 64115, 289
600, 109396398, 109396398
999999, 63827, 1
600, 109396399, 109396399
999999, 63921, 69
600, 109396468, 109396468
999999, 64042, 1
600, 109396469, 109396469
999999, 64097, 249
154, 8610414, 8610414
600, 109396718, 109396718
999999, 63849, 1
153, 8610415, 8610415
600, 109396719, 109396719
999999, 64151, 33
152, 8610448, 8610448
600, 109396752, 109396752
999999, 64119, 1
152, 8610449, 8610449
600, 109396753, 109396753
999999, 64393, 295
187, 75744312, 75744312
600, 109397048, 109397048
999999, 64099, 1
186, 75744313, 75744313
600, 109397049, 109397049
999999, 64196, 56
152, 8610801, 8610801
600, 109397105, 109397105
999999, 64345, 269
999999, 64077, 1
153, 75582847, 75582847
184, 75744639, 75744639
600, 109397375, 109397375
999999, 64137, 19
600, 109397394, 109397394
999999, 64119, 1
600, 109397395, 109397395
999999, 64428, 292
151, 8611383, 8611383
153, 75583159, 75583159
600, 109397687, 109397687
999999, 64197, 271
184, 75745222, 75745222
600, 109397958, 109397958
999999, 63927, 1
183, 75745223, 75745223
600, 109397959, 109397959
999999, 64133, 74
151, 9258897, 9258897
600, 109398033, 109398033
999999, 64060, 290
150, 8612019, 8612019
600, 109398323, 109398323
999999, 63871, 61
999999, 63811, 232
182, 75745880, 75745880
600, 109398616, 109398616
999999, 63794, 1
999999, 63794, 47
600, 109398664, 109398664
999999, 63850, 1
600, 109398665, 109398665
999999, 63850, 304
999999, 63767, 44
153, 42457573, 42457573
180, 75746277, 75746277
600, 109399013, 109399013
999999, 63807, 261
153, 42457834, 42457834
600, 109399274, 109399274
999999, 63547, 1
999999, 63787, 57
999999, 63731, 268
600, 109399600, 109399600
999999, 63558, 1
600, 109399601, 109399601
999999, 63558, 47
154, 8613344, 8613344
150, 9260512, 8613344
150, 42458208, 8613344
162, 75585120, 75585120
179, 75746912, 75746912
600, 109399648, 109399648
999999, 63736, 1
153, 8613345, 8613345
150, 42458209, 8613345
161, 75585121, 75585121
178, 75746913, 75746913
600, 109399649, 109399649
999999, 64038, 189
153, 8613534, 8613534
160, 75585310, 75585310
177, 75747102, 75747102
600, 109399838, 109399838
999999, 63922, 48
600, 109399886, 109399886
999999, 63875, 584
159, 75585942, 75585942
600, 109400470, 109400470
999999, 63569, 1
158, 75585943, 75585943
600, 109400471, 109400471
999999, 63627, 88
600, 109400559, 109400559
999999, 63785, 229
600, 109400788, 109400788
999999, 63612, 1
600, 109400789, 109400789
999999, 63612, 45
152, 42459394, 42459394
176, 75748098, 75748098
600, 109400834, 109400834
999999, 63858, 280
175, 75748378, 75748378
600, 109401114, 109401114
999999, 63579, 1
174, 75748379, 75748379
600, 109401115, 109401115
999999, 63861, 55
600, 109401170, 109401170
999999, 63807, 296
173, 75748730, 75748730
600, 109401466, 109401466
999999, 63592, 10
172, 75748740, 75748740
600, 109401476, 109401476
999999, 63844, 299
600, 109401775, 109401775
999999, 63546, 317
600, 109402092, 109402092
999999, 63284, 1
600, 109402093, 109402093
999999, 63284, 56
157, 8615845, 8615845
152, 9263013, 8615845
174, 75749413, 75749413
600, 109402149, 109402149
999999, 63418, 247
174, 75749660, 75749660
600, 109402396, 109402396
999999, 63230, 1
174, 75749661, 75749661
600, 109402397, 109402397
999999, 63230, 95
999999, 63386, 1
153, 42461053, 42461053
172, 75749757, 75749757
600, 109402493, 109402493
999999, 63386, 213
156, 8616402, 8616402
600, 109402706, 109402706
999999, 63224, 1
155, 8616403, 8616403
600, 109402707, 109402707
999999, 63224, 89
600, 109402796, 109402796
999999, 63408, 1
600, 109402797, 109402797
999999, 63408, 265
600, 109403062, 109403062
999999, 63224, 1
999999, 63224, 51
600, 109403114, 109403114
999999, 63388, 1
600, 109403115, 109403115
999999, 63388, 257
155, 8617068, 8617068
600, 109403372, 109403372
999999, 63226, 68
152, 42462000, 42462000
600, 109403440, 109403440
999999, 63399, 226
600, 109403666, 109403666
999999, 63260, 1
600, 109403667, 109403667
999999, 63260, 48
158, 8617411, 8617411
171, 75750979, 75750979
600, 109403715, 109403715
999999, 63433, 305
600, 109404020, 109404020
999999, 63222, 12
157, 8617728, 8617728
155, 9264896, 8617728
170, 75751296, 75751296
600, 109404032, 109404032
999999, 63211, 1
156, 8617729, 8617729
154, 9264897, 8617729
169, 75751297, 75751297
600, 109404033, 109404033
999999, 63430, 257
155, 8617986, 8617986
153, 9265154, 8617986
168, 75751554, 75751554
600, 109404290, 109404290
999999, 63286, 1
154, 8617987, 8617987
152, 9265155, 8617987
167, 75751555, 75751555
600, 109404291, 109404291
999999, 63286, 97
163, 75589860, 75589860
166, 75751652, 75751652
600, 109404388, 109404388
999999, 63433, 1
162, 75589861, 75589861
165, 75751653, 75751653
600, 109404389, 109404389
999999, 63491, 253
156, 8618338, 8618338
151, 9265506, 8618338
164, 75751906, 75751906
600, 109404642, 109404642
999999, 63239, 1
155, 8618339, 8618339
150, 9265507, 8618339
163, 75751907, 75751907
600, 109404643, 109404643
999999, 63476, 61
154, 8618400, 8618400
153, 42463264, 8618400
161, 75590176, 75590176
162, 75751968, 75751968
600, 109404704, 109404704
999999, 63510, 190
153, 8618590, 8618590
152, 42463454, 8618590
160, 75590366, 75590366
161, 75752158, 75752158
600, 109404894, 109404894
999999, 63321, 1
152, 8618591, 8618591
151, 42463455, 8618591
159, 75590367, 75590367
160, 75752159, 75752159
600, 109404895, 109404895
999999, 63582, 55
151, 8618646, 8618646
600, 109404950, 109404950
999999, 63846, 1
150, 8618647, 8618647
600, 109404951, 109404951
999999, 63846, 321
150, 42463832, 42463832
159, 75752536, 75752536
600, 109405272, 109405272
999999, 63531, 246
600, 109405518, 109405518
999999, 63588, 1
600, 109405519, 109405519
999999, 63588, 73
158, 75752856, 75752856
600, 109405592, 109405592
999999, 63562, 1
157, 75752857, 75752857
600, 109405593, 109405593
999999, 63562, 291
156, 75753148, 75753148
600, 109405884, 109405884
999999, 63538, 1
156, 75753149, 75753149
600, 109405885, 109405885
999999, 63559, 321
158, 75591678, 75591678
156, 75753470, 75591678
600, 109406206, 109406206
999999, 63239, 1
157, 75591679, 75591679
155, 75753471, 75591679
600, 109406207, 109406207
999999, 63492, 13
600, 109406220, 109406220
999999, 63798, 1
600, 109406221, 109406221
999999, 63798, 249
154, 75753734, 75753734
600, 109406470, 109406470
999999, 63650, 1
153, 75753735, 75753735
600, 109406471, 109406471
999999, 63914, 65
600, 109406536, 109406536
999999, 63897, 1
600, 109406537, 109406537
999999, 64085, 307
155, 75754108, 75754108
600, 109406844, 109406844
999999, 63779, 1
154, 75754109, 75754109
600, 109406845, 109406845
999999, 63826, 5
153, 75754114, 75754114
600, 109406850, 109406850
999999, 64090, 1
152, 75754115, 75754115
600, 109406851, 109406851
999999, 64090, 303
600, 109407154, 109407154
999999, 63876, 1
600, 109407155, 109407155
999999, 63876, 47
151, 75754466, 75754466
600, 109407202, 109407202
999999, 64058, 1
150, 75754467, 75754467
600, 109407203, 109407203
999999, 64058, 235
600, 109407438, 109407438
999999, 63868, 1
600, 109407439, 109407439
999999, 63868, 107
150, 75754810, 75754810
600, 109407546, 109407546
999999, 64074, 252
600, 109407798, 109407798
999999, 63823, 14
158, 9268676, 9268676
150, 75755076, 9268676
600, 109407812, 109407812
999999, 64074, 1
157, 9268677, 9268677
600, 109407813, 109407813
999999, 64074, 305
156, 9268982, 9268982
600, 109408118, 109408118
999999, 63830, 1
155, 9268983, 9268983
600, 109408119, 109408119
999999, 63830, 17
600, 109408136, 109408136
999999, 64114, 1
600, 109408137, 109408137
999999, 64135, 263
600, 109408400, 109408400
999999, 63873, 96
600, 109408496, 109408496
999999, 64076, 229
152, 8622421, 8622421
600, 109408725, 109408725
999999, 63848, 81
150, 75756070, 75756070
600, 109408806, 109408806
999999, 63774, 1
150, 75756071, 75756071
600, 109408807, 109408807
999999, 63774, 262
155, 9269933, 9269933
600, 109409069, 109409069
999999, 63868, 67
600, 109409136, 109409136
999999, 64039, 212
161, 75594820, 75594820
600, 109409348, 109409348
999999, 63922, 94
151, 8623138, 8623138
157, 9270306, 9270306
600, 109409442, 109409442
999999, 63829, 1
150, 8623139, 8623139
156, 9270307, 9270307
600, 109409443, 109409443
999999, 64090, 257
160, 75595172, 75595172
600, 109409700, 109409700
999999, 63838, 60
155, 9270624, 9270624
160, 42468320, 42468320
159, 75595232, 42468320
600, 109409760, 109409760
999999, 64086, 1
154, 9270625, 9270625
159, 42468321, 42468321
158, 75595233, 42468321
600, 109409761, 109409761
999999, 64086, 189
153, 9270814, 9270814
158, 42468510, 42468510
157, 75595422, 42468510
600, 109409950, 109409950
999999, 64214, 1
152, 9270815, 9270815
157, 42468511, 42468511
156, 75595423, 42468511
600, 109409951, 109409951
999999, 64214, 55
600, 109410006, 109410006
999999, 64205, 296
152, 9271166, 9271166
155, 75595774, 75595774
600, 109410302, 109410302
999999, 64148, 62
600, 109410364, 109410364
999999, 64087, 1
600, 109410365, 109410365
999999, 64134, 313
600, 109410678, 109410678
999999, 64130, 1
999999, 64130, 225
600, 109410904, 109410904
999999, 63949, 1
600, 109410905, 109410905
999999, 64175, 47
600, 109410952, 109410952
999999, 64129, 1
600, 109410953, 109410953
999999, 64219, 323
600, 109411276, 109411276
999999, 63897, 298
600, 109411574, 109411574
999999, 63866, 1
600, 109411575, 109411575
999999, 63866, 11
600, 109411586, 109411586
999999, 63903, 1
600, 109411587, 109411587
999999, 64091, 312
600, 109411899, 109411899
999999, 63780, 13
600, 109411912, 109411912
999999, 63814, 298
600, 109412210, 109412210
999999, 63786, 1
600, 109412211, 109412211
999999, 63786, 49
600, 109412260, 109412260
999999, 63830, 1
600, 109412261, 109412261
999999, 63830, 234
600, 109412495, 109412495
999999, 63911, 55
150, 42066630, 42066630
600, 109412550, 109412550
999999, 63857, 1
600, 109412551, 109412551
999999, 64103, 261
600, 109412812, 109412812
999999, 64139, 1
600, 109412813, 109412813
999999, 64225, 93
600, 109412906, 109412906
999999, 64354, 1
600, 109412907, 109412907
999999, 64354, 273
999999, 64188, 1
600, 109413181, 109413181
999999, 64188, 45
161, 9274090, 9274090
600, 109413226, 109413226
999999, 64354, 1
160, 9274091, 9274091
600, 109413227, 109413227
999999, 64354, 263
600, 109413490, 109413490
999999, 64192, 1
600, 109413491, 109413491
999999, 64192, 49
600, 109413540, 109413540
999999, 64364, 266
150, 8627502, 8627502
160, 9274670, 9274670
600, 109413806, 109413806
999999, 64147, 1
160, 9274671, 9274671
600, 109413807, 109413807
999999, 64427, 61
160, 9274732, 9274732
600, 109413868, 109413868
999999, 64367, 1
160, 9274733, 9274733
600, 109413869, 109413869
999999, 64409, 228
160, 9274961, 9274961
600, 109414097, 109414097
999999, 64182, 87
164, 42472744, 42472744
165, 75599656, 75599656
600, 109414184, 109414184
999999, 64355, 1
999999, 64411, 223
163, 75599880, 75599880
600, 109414408, 109414408
999999, 64189, 1
162, 75599881, 75599881
600, 109414409, 109414409
999999, 64486, 351
600, 109414760, 109414760
999999, 64196, 1
600, 109414761, 109414761
999999, 64196, 55
159, 9275680, 9275680
151, 42068896, 9275680
162, 42473376, 42473376
161, 75600288, 42473376
600, 109414816, 109414816
999999, 64394, 1
158, 9275681, 9275681
150, 42068897, 9275681
161, 42473377, 42473377
160, 75600289, 42473377
600, 109414817, 109414817
999999, 64394, 250
329, 26577593, 26577593
999999, 64205, 243
157, 9276174, 9276174
600, 109415310, 109415310
999999, 63963, 74
600, 109415384, 109415384
999999, 64164, 1
600, 109415385, 109415385
999999, 64164, 293
151, 8457470, 8457470
156, 9276542, 9276542
600, 109415678, 109415678
999999, 63926, 23
600, 109415701, 109415701
999999, 63904, 289
999999, 63874, 1
158, 75601463, 75601463
600, 109415991, 109415991
999999, 63874, 59
600, 109416050, 109416050
999999, 63822, 1
600, 109416051, 109416051
999999, 63822, 233
600, 109416284, 109416284
999999, 63895, 94
157, 8458170, 8458170
600, 109416378, 109416378
999999, 63854, 1
157, 8458171, 8458171
600, 109416379, 109416379
999999, 63854, 215
600, 109416594, 109416594
999999, 63854, 102
999999, 63753, 1
600, 109416697, 109416697
999999, 63848, 217
600, 109416914, 109416914
999999, 63820, 91
600, 109417005, 109417005
999999, 63825, 267
167, 42475832, 42475832
600, 109417272, 109417272
999999, 63766, 1
166, 42475833, 42475833
600, 109417273, 109417273
999999, 63766, 47
151, 8560232, 8560232
165, 42475880, 42475880
159, 75602792, 42475880
600, 109417320, 109417320
999999, 63793, 1
151, 8560233, 8560233
164, 42475881, 42475881
158, 75602793, 42475881
600, 109417321, 109417321
999999, 64037, 241
166, 8459354, 8459354
600, 109417562, 109417562
999999, 63797, 1
166, 8459355, 8459355
600, 109417563, 109417563
999999, 63865, 49
600, 109417612, 109417612
999999, 63817, 1
600, 109417613, 109417613
999999, 64061, 253
151, 8560778, 8560778
600, 109417866, 109417866
999999, 63809, 1
150, 8560779, 8560779
600, 109417867, 109417867
999999, 63899, 97
600, 109417964, 109417964
999999, 64042, 1
600, 109417965, 109417965
999999, 64042, 232
150, 9188053, 9188053
600, 109418197, 109418197
999999, 64127, 81
600, 109418278, 109418278
999999, 64132, 1
600, 109418279, 109418279
999999, 64132, 221
175, 8460292, 8460292
600, 109418500, 109418500
999999, 64184, 1
175, 8460293, 8460293
600, 109418501, 109418501
999999, 64184, 333
600, 109418834, 109418834
999999, 63892, 1
600, 109418835, 109418835
999999, 64153, 95
290, 109418931, 109418931
999999, 64059, 1
167, 9279795, 9279795
600, 109418931, 109418931
999999, 64078, 244
600, 109419175, 109419175
999999, 64104, 65
166, 42477800, 42477800
600, 109419240, 109419240
999999, 64100, 255
600, 109419495, 109419495
999999, 63846, 66
165, 42478121, 42478121
600, 109419561, 109419561
999999, 64081, 249
166, 9280674, 9280674
159, 75605282, 9280674
600, 109419810, 109419810
999999, 63842, 1
165, 9280675, 9280675
158, 75605283, 9280675
600, 109419811, 109419811
999999, 63842, 251
185, 8461854, 8461854
151, 9189918, 8461854
164, 9280926, 8461854
164, 42478622, 8461854
157, 75605534, 8461854
600, 109420062, 109420062
999999, 63866, 61
185, 8461915, 8461915
600, 109420123, 109420123
999999, 63806, 292
185, 8462207, 8462207
163, 9281279, 8462207
600, 109420415, 109420415
999999, 63606, 11
156, 75605898, 75605898
600, 109420426, 109420426
999999, 63842, 1
155, 75605899, 75605899
600, 109420427, 109420427
999999, 63861, 260
162, 9281551, 9281551
164, 42479247, 42479247
600, 109420687, 109420687
999999, 63602, 103
164, 42479350, 42479350
154, 75606262, 42479350
600, 109420790, 109420790
999999, 63772, 1
164, 42479351, 42479351
153, 75606263, 42479351
600, 109420791, 109420791
999999, 63772, 211
163, 42479562, 42479562
600, 109421002, 109421002
999999, 63656, 1
162, 42479563, 42479563
600, 109421003, 109421003
999999, 63656, 97
600, 109421100, 109421100
999999, 63773, 1
600, 109421101, 109421101
999999, 63861, 233
163, 9282198, 9282198
152, 75606806, 9282198
600, 109421334, 109421334
999999, 63629, 1
163, 9282199, 9282199
151, 75606807, 9282199
600, 109421335, 109421335
999999, 63899, 61
163, 9282260, 9282260
600, 109421396, 109421396
999999, 63839, 1
999999, 63887, 255
163, 42480212, 42480212
600, 109421652, 109421652
999999, 63633, 1
999999, 63886, 85
162, 42480298, 42480298
600, 109421738, 109421738
999999, 63862, 1
162, 42480299, 42480299
600, 109421739, 109421739
999999, 63862, 267
153, 75607478, 75607478
600, 109422006, 109422006
999999, 63785, 1
152, 75607479, 75607479
600, 109422007, 109422007
999999, 63880, 51
162, 42480618, 42480618
600, 109422058, 109422058
999999, 64049, 1
161, 42480619, 42480619
600, 109422059, 109422059
999999, 64403, 264
600, 109422323, 109422323
999999, 64140, 13
207, 8464128, 8464128
152, 75607808, 8464128
600, 109422336, 109422336
999999, 64134, 1
207, 8464129, 8464129
152, 75607809, 8464129
600, 109422337, 109422337
999999, 64402, 283
600, 109422620, 109422620
999999, 64180, 1
600, 109422621, 109422621
999999, 64180, 55
600, 109422676, 109422676
999999, 64390, 1
600, 109422677, 109422677
999999, 64447, 281
600, 109422958, 109422958
999999, 64462, 34
600, 109422992, 109422992
999999, 64429, 1
600, 109422993, 109422993
999999, 64436, 245
600, 109423238, 109423238
999999, 64461, 108
150, 8637042, 8637042
154, 9193202, 9193202
600, 109423346, 109423346
999999, 64442, 1
154, 9193203, 9193203
600, 109423347, 109423347
999999, 64695, 209
217, 8465348, 8465348
600, 109423556, 109423556
999999, 64487, 1
217, 8465349, 8465349
600, 109423557, 109423557
999999, 64548, 95
217, 8465444, 8465444
600, 109423652, 109423652
999999, 64730, 1
217, 8465445, 8465445
600, 109423653, 109423653
999999, 64730, 277
999999, 64464, 1
217, 8465723, 8465723
600, 109423931, 109423931
999999, 64464, 265
217, 8465988, 8465988
600, 109424196, 109424196
999999, 64560, 100
163, 42482856, 42482856
600, 109424296, 109424296
999999, 64461, 254
162, 42483110, 42483110
600, 109424550, 109424550
999999, 64435, 1
161, 42483111, 42483111
600, 109424551, 109424551
999999, 64512, 65
159, 9336040, 9336040
160, 42483176, 42483176
600, 109424616, 109424616
999999, 64707, 1
159, 9336041, 9336041
159, 42483177, 42483177
600, 109424617, 109424617
999999, 64762, 215
222, 8466624, 8466624
150, 8638528, 8466624
174, 9285696, 8466624
159, 9336256, 8466624
152, 42220480, 8466624
158, 42483392, 8466624
155, 75610304, 8466624
600, 109424832, 109424832
999999, 64826, 1
222, 8466625, 8466625
173, 9285697, 8466625
159, 9336257, 8466625
151, 42220481, 8466625
157, 42483393, 8466625
154, 75610305, 8466625
600, 109424833, 109424833
999999, 64826, 96
222, 8466721, 8466721
154, 8628513, 8466721
155, 9194785, 8466721
172, 9285793, 8466721
158, 9336353, 8466721
150, 42220577, 8466721
156, 42483489, 8466721
153, 75610401, 8466721
152, 109303585, 8466721
600, 109424929, 109424929
150, 109768737, 109424929
999999, 64787, 189
222, 8466910, 8466910
153, 8628702, 8466910
154, 9194974, 8466910
172, 9285982, 8466910
157, 9336542, 8466910
155, 42483678, 8466910
152, 75610590, 8466910
151, 109303774, 8466910
600, 109425118, 109425118
999999, 64818, 63
600, 109425181, 109425181
999999, 64837, 254
223, 8467227, 8467227
171, 9286299, 8467227
150, 109304091, 8467227
600, 109425435, 109425435
999999, 64584, 49
153, 9195340, 9195340
171, 9286348, 9286348
600, 109425484, 109425484
999999, 64869, 1
153, 9195341, 9195341
170, 9286349, 9286349
600, 109425485, 109425485
999999, 65111, 266
169, 9286615, 9286615
150, 42221399, 9286615
155, 42484311, 9286615
153, 75611223, 9286615
600, 109425751, 109425751
999999, 64846, 87
169, 9286702, 9286702
600, 109425838, 109425838
150, 109769646, 109425838
999999, 65008, 1
169, 9286703, 9286703
600, 109425839, 109425839
150, 109769647, 109425839
999999, 65008, 267
228, 8467898, 8467898
600, 109426106, 109426106
999999, 64803, 48
600, 109426154, 109426154
999999, 65004, 1
600, 109426155, 109426155
999999, 65004, 239
230, 8468186, 8468186
151, 42222042, 8468186
152, 109305050, 8468186
600, 109426394, 109426394
999999, 64812, 50
600, 109426444, 109426444
999999, 65038, 262
169, 9287570, 9287570
157, 42485266, 9287570
600, 109426706, 109426706
999999, 64868, 1
168, 9287571, 9287571
156, 42485267, 9287571
600, 109426707, 109426707
999999, 64868, 326
167, 9287897, 9287897
155, 42485593, 9287897
157, 75612505, 9287897
600, 109427033, 109427033
151, 109770841, 109427033
999999, 64753, 77
166, 9287974, 9287974
154, 42485670, 9287974
156, 75612582, 9287974
600, 109427110, 109427110
150, 109770918, 109427110
999999, 64677, 1
165, 9287975, 9287975
153, 42485671, 9287975
155, 75612583, 9287975
600, 109427111, 109427111
999999, 64737, 221
236, 8469124, 8469124
156, 9197188, 8469124
163, 9338756, 8469124
600, 109427332, 109427332
999999, 64778, 1
236, 8469125, 8469125
155, 9197189, 8469125
163, 9338757, 8469125
600, 109427333, 109427333
999999, 64778, 59
236, 8469184, 8469184
154, 8630976, 8469184
162, 9338816, 8469184
152, 42223040, 8469184
600, 109427392, 109427392
999999, 64780, 1
236, 8469185, 8469185
153, 8630977, 8469185
161, 9338817, 8469185
151, 42223041, 8469185
600, 109427393, 109427393
999999, 64780, 317
236, 8469502, 8469502
152, 8631294, 8469502
600, 109427710, 109427710
999999, 64727, 1
236, 8469503, 8469503
152, 8631295, 8469503
600, 109427711, 109427711
999999, 64825, 13
154, 75613196, 75613196
600, 109427724, 109427724
999999, 64813, 1
153, 75613197, 75613197
600, 109427725, 109427725
999999, 65029, 263
600, 109427988, 109427988
999999, 64767, 82
164, 9288934, 9288934
152, 75613542, 9288934
600, 109428070, 109428070
153, 109771878, 109428070
999999, 64772, 238
163, 9289172, 9289172
600, 109428308, 109428308
999999, 64535, 87
600, 109428395, 109428395
999999, 64677, 257
153, 42487212, 42487212
600, 109428652, 109428652
999999, 64505, 1
152, 42487213, 42487213
600, 109428653, 109428653
999999, 64785, 59
151, 42487272, 42487272
600, 109428712, 109428712
999999, 64727, 1
150, 42487273, 42487273
600, 109428713, 109428713
999999, 64781, 226
153, 8632523, 8632523
600, 109428939, 109428939
999999, 64556, 104
600, 109429043, 109429043
999999, 64762, 243
162, 9290150, 9290150
151, 109307942, 9290150
600, 109429286, 109429286
999999, 64740, 26
249, 8471104, 8471104
161, 9340736, 8471104
150, 42224960, 8471104
153, 75614784, 8471104
150, 109307968, 8471104
600, 109429312, 109429312
999999, 64715, 295
999999, 64517, 74
152, 8633265, 8633265
161, 9290545, 9290545
600, 109429681, 109429681
999999, 64759, 242
157, 9199779, 9199779
160, 9290787, 9290787
600, 109429923, 109429923
999999, 64518, 61
252, 8471776, 8471776
151, 8633568, 8471776
156, 9199840, 8471776
159, 9290848, 8471776
160, 9341408, 8471776
152, 42488544, 8471776
152, 75615456, 8471776
600, 109429984, 109429984
154, 109773792, 109429984
999999, 64730, 1
252, 8471777, 8471777
150, 8633569, 8471777
155, 9199841, 8471777
158, 9290849, 8471777
159, 9341409, 8471777
152, 42488545, 8471777
151, 75615457, 8471777
600, 109429985, 109429985
153, 109773793, 109429985
999999, 64730, 190
252, 8471967, 8471967
154, 9200031, 8471967
157, 9291039, 8471967
158, 9341599, 8471967
151, 42488735, 8471967
150, 75615647, 8471967
600, 109430175, 109430175
152, 109773983, 109430175
999999, 64587, 61
153, 9200092, 9200092
156, 9291100, 9291100
600, 109430236, 109430236
151, 109774044, 109430236
999999, 64527, 1
152, 9200093, 9200093
155, 9291101, 9291101
600, 109430237, 109430237
150, 109774045, 109430237
999999, 64743, 250
150, 42489047, 42489047
600, 109430487, 109430487
999999, 64494, 51
151, 9200394, 9200394
600, 109430538, 109430538
999999, 64796, 1
150, 9200395, 9200395
600, 109430539, 109430539
999999, 64796, 273
600, 109430812, 109430812
999999, 64597, 1
277, 3295239, 3295239
190, 104253447, 3295239
999999, 64837, 90
600, 109430903, 109430903
999999, 64748, 226
600, 109431129, 109431129
999999, 64583, 55
158, 9292048, 9292048
600, 109431184, 109431184
999999, 64529, 267
262, 8473243, 8473243
158, 9292315, 8473243
600, 109431451, 109431451
999999, 64451, 48
151, 9201355, 9201355
158, 9292363, 9292363
600, 109431499, 109431499
999999, 64499, 305
160, 9343228, 9343228
600, 109431804, 109431804
999999, 64410, 1
159, 9343229, 9343229
600, 109431805, 109431805
999999, 64497, 47
999999, 64687, 1
600, 109431853, 109431853
999999, 64735, 217
600, 109432070, 109432070
155, 109694982, 109432070
153, 109775878, 109432070
999999, 64519, 1
600, 109432071, 109432071
154, 109694983, 109432071
152, 109775879, 109432071
999999, 64785, 65
150, 9201992, 9201992
150, 75617608, 75617608
600, 109432136, 109432136
999999, 64721, 1
600, 109432137, 109432137
999999, 64775, 299
159, 9343860, 9343860
600, 109432436, 109432436
999999, 64730, 1
158, 9343861, 9343861
600, 109432437, 109432437
999999, 64730, 45
152, 42491042, 42491042
600, 109432482, 109432482
999999, 64752, 1
151, 42491043, 42491043
600, 109432483, 109432483
999999, 65048, 249
150, 42491292, 42491292
600, 109432732, 109432732
151, 109776540, 109432732
999999, 64849, 1
600, 109432733, 109432733
150, 109776541, 109432733
999999, 65117, 47
600, 109432780, 109432780
999999, 65071, 1
600, 109432781, 109432781
999999, 65079, 268
600, 109433049, 109433049
999999, 65107, 307
600, 109433356, 109433356
999999, 64801, 1
600, 109433357, 109433357
999999, 64855, 53
600, 109433410, 109433410
999999, 64803, 1
600, 109433411, 109433411
999999, 65143, 257
284, 8475460, 8475460
157, 42128196, 8475460
600, 109433668, 109433668
999999, 65138, 1
284, 8475461, 8475461
156, 42128197, 8475461
600, 109433669, 109433669
999999, 65138, 100
150, 75619241, 75619241
600, 109433769, 109433769
999999, 65104, 226
600, 109433995, 109433995
157, 109696907, 109433995
999999, 65087, 61
600, 109434056, 109434056
999999, 65027, 1
600, 109434057, 109434057
999999, 65123, 298
999999, 65039, 14
289, 8476161, 8476161
164, 9295233, 8476161
600, 109434369, 109434369
999999, 65026, 319
289, 8476480, 8476480
163, 9295552, 8476480
600, 109434688, 109434688
999999, 64768, 1
289, 8476481, 8476481
162, 9295553, 8476481
600, 109434689, 109434689
999999, 65069, 255
289, 8476736, 8476736
155, 8638528, 8476736
600, 109434944, 109434944
999999, 64876, 1
289, 8476737, 8476737
154, 8638529, 8476737
600, 109434945, 109434945
999999, 65091, 95
289, 8476832, 8476832
153, 8638624, 8476832
162, 9295904, 8476832
159, 9346464, 8476832
157, 42129568, 8476832
600, 109435040, 109435040
156, 109697952, 109435040
999999, 64997, 1
289, 8476833, 8476833
152, 8638625, 8476833
161, 9295905, 8476833
158, 9346465, 8476833
157, 42129569, 8476833
600, 109435041, 109435041
155, 109697953, 109435041
999999, 65316, 189
289, 8477022, 8477022
151, 8638814, 8477022
160, 9296094, 8477022
157, 9346654, 8477022
156, 42129758, 8477022
600, 109435230, 109435230
154, 109698142, 109435230
999999, 65234, 1
289, 8477023, 8477023
151, 8638815, 8477023
159, 9296095, 8477023
156, 9346655, 8477023
155, 42129759, 8477023
600, 109435231, 109435231
153, 109698143, 109435231
999999, 65478, 95
999999, 65632, 1
289, 8477119, 8477119
151, 8638911, 8477119
159, 9296191, 8477119
156, 9346751, 8477119
600, 109435327, 109435327
999999, 65632, 269
159, 9296460, 9296460
600, 109435596, 109435596
999999, 65418, 270
290, 8477658, 8477658
600, 109435866, 109435866
154, 109698778, 109435866
999999, 65149, 1
290, 8477659, 8477659
600, 109435867, 109435867
153, 109698779, 109435867
999999, 65410, 97
600, 109435964, 109435964
152, 109698876, 109435964
999999, 65630, 1
600, 109435965, 109435965
151, 109698877, 109435965
999999, 65680, 253
292, 8478010, 8478010
161, 9297082, 8478010
160, 42130746, 8478010
600, 109436218, 109436218
999999, 65728, 62
160, 9297144, 9297144
600, 109436280, 109436280
999999, 65674, 228
600, 109436508, 109436508
999999, 65447, 1
600, 109436509, 109436509
999999, 65727, 45
600, 109436554, 109436554
999999, 65683, 348
600, 109436902, 109436902
999999, 65390, 1
600, 109436903, 109436903
999999, 65390, 263
600, 109437166, 109437166
999999, 65422, 1
600, 109437167, 109437167
999999, 65422, 34
600, 109437201, 109437201
999999, 65394, 289
