777777, 650, 3000
163, 9190014, 9190014
178, 75514622, 75514622
263, 75676414, 75676414
650, 109329150, 109329150
999999, 70736, 208
162, 9190222, 9190222
650, 109329358, 109329358
999999, 71112, 1
650, 109329359, 109329359
999999, 71112, 61
650, 109329420, 109329420
999999, 71139, 1
650, 109329421, 109329421
999999, 71367, 269
163, 42509594, 42509594
262, 75676954, 75676954
650, 109329690, 109329690
999999, 71099, 1
162, 42509595, 42509595
262, 75676955, 75676955
650, 109329691, 109329691
999999, 71143, 317
262, 75677272, 75677272
650, 109330008, 109330008
999999, 71106, 1
262, 75677273, 75677273
650, 109330009, 109330009
999999, 71106, 96
261, 75677369, 75677369
650, 109330105, 109330105
999999, 71065, 227
261, 75677596, 75677596
650, 109330332, 109330332
999999, 71134, 1
261, 75677597, 75677597
650, 109330333, 109330333
999999, 71143, 95
260, 75677692, 75677692
650, 109330428, 109330428
999999, 71347, 1
259, 75677693, 75677693
650, 109330429, 109330429
999999, 71663, 201
999999, 71463, 1
258, 75677895, 75677895
650, 109330631, 109330631
999999, 71518, 101
179, 75516204, 75516204
650, 109330732, 109330732
999999, 71664, 1
178, 75516205, 75516205
650, 109330733, 109330733
999999, 71664, 231
650, 109330964, 109330964
999999, 71528, 1
650, 109330965, 109330965
999999, 71528, 99
261, 75678328, 75678328
650, 109331064, 109331064
999999, 71642, 1
260, 75678329, 75678329
650, 109331065, 109331065
999999, 71642, 203
259, 75678532, 75678532
650, 109331268, 109331268
999999, 71528, 1
258, 75678533, 75678533
650, 109331269, 109331269
999999, 71528, 93
257, 75678626, 75678626
650, 109331362, 109331362
999999, 71700, 284
162, 42511550, 42511550
256, 75678910, 75678910
650, 109331646, 109331646
999999, 71417, 1
255, 75678911, 75678911
650, 109331647, 109331647
999999, 71467, 55
650, 109331702, 109331702
999999, 71413, 1
650, 109331703, 109331703
999999, 71669, 262
254, 75679229, 75679229
650, 109331965, 109331965
999999, 71475, 45
162, 9192874, 9192874
650, 109332010, 109332010
999999, 71656, 1
650, 109332011, 109332011
999999, 71656, 238
254, 75679513, 75679513
650, 109332249, 109332249
999999, 71466, 81
650, 109332330, 109332330
999999, 71690, 1
650, 109332331, 109332331
999999, 71701, 278
255, 75679873, 75679873
650, 109332609, 109332609
999999, 71424, 265
650, 109332874, 109332874
999999, 71416, 1
650, 109332875, 109332875
999999, 71416, 61
650, 109332936, 109332936
999999, 71452, 301
650, 109333237, 109333237
999999, 71152, 311
650, 109333548, 109333548
999999, 71094, 54
162, 9184354, 9184354
260, 75680866, 75680866
650, 109333602, 109333602
999999, 71041, 262
180, 75519336, 75519336
650, 109333864, 109333864
999999, 70840, 1
180, 75519337, 75519337
650, 109333865, 109333865
999999, 71029, 55
162, 8416160, 8416160
164, 9184672, 9184672
168, 9194784, 9194784
180, 75519392, 75519392
262, 75681184, 75681184
650, 109333920, 109333920
999999, 70975, 1
162, 8416161, 8416161
164, 9184673, 9184673
167, 9194785, 9194785
179, 75519393, 75519393
261, 75681185, 75681185
650, 109333921, 109333921
999999, 71029, 189
162, 8416350, 8416350
164, 9184862, 9184862
166, 9194974, 9194974
178, 75519582, 75519582
260, 75681374, 75681374
650, 109334110, 109334110
999999, 70841, 48
165, 9195022, 9195022
650, 109334158, 109334158
999999, 71114, 1
164, 9195023, 9195023
650, 109334159, 109334159
999999, 71359, 303
163, 9185214, 9185214
163, 9195326, 9195326
260, 75681726, 75681726
650, 109334462, 109334462
999999, 71057, 15
162, 9195341, 9195341
650, 109334477, 109334477
999999, 71115, 272
261, 75682013, 75682013
650, 109334749, 109334749
999999, 70844, 54
177, 75520275, 75520275
650, 109334803, 109334803
999999, 71081, 257
650, 109335060, 109335060
999999, 70825, 96
650, 109335156, 109335156
999999, 71050, 230
178, 75520858, 75520858
264, 75682650, 75682650
650, 109335386, 109335386
999999, 70821, 1
177, 75520859, 75520859
263, 75682651, 75682651
650, 109335387, 109335387
999999, 70833, 98
262, 75682749, 75682749
650, 109335485, 109335485
999999, 70736, 262
262, 75683011, 75683011
650, 109335747, 109335747
999999, 70723, 265
165, 8418252, 8418252
650, 109336012, 109336012
999999, 70459, 1
164, 8418253, 8418253
650, 109336013, 109336013
999999, 70523, 101
163, 8418354, 8418354
650, 109336114, 109336114
999999, 70423, 1
162, 8418355, 8418355
650, 109336115, 109336115
999999, 70729, 207
264, 75683586, 75683586
650, 109336322, 109336322
999999, 70523, 1
264, 75683587, 75683587
650, 109336323, 109336323
999999, 70527, 95
264, 75683682, 75683682
650, 109336418, 109336418
999999, 70433, 1
263, 75683683, 75683683
650, 109336419, 109336419
999999, 70735, 296
650, 109336715, 109336715
999999, 70440, 292
650, 109337007, 109337007
999999, 70195, 20
172, 9187779, 9187779
264, 75684291, 75684291
650, 109337027, 109337027
999999, 70176, 277
263, 75684568, 75684568
650, 109337304, 109337304
999999, 70134, 1
351, 26499831, 26499831
999999, 70134, 44
262, 75684613, 75684613
650, 109337349, 109337349
999999, 70197, 307
261, 75684920, 75684920
650, 109337656, 109337656
999999, 70142, 1
261, 75684921, 75684921
650, 109337657, 109337657
999999, 70155, 55
650, 109337712, 109337712
999999, 70101, 1
650, 109337713, 109337713
999999, 70405, 219
650, 109337932, 109337932
999999, 70187, 1
650, 109337933, 109337933
999999, 70203, 55
261, 75685252, 75685252
650, 109337988, 109337988
999999, 70149, 1
260, 75685253, 75685253
650, 109337989, 109337989
999999, 70411, 303
650, 109338292, 109338292
999999, 70204, 1
650, 109338293, 109338293
999999, 70432, 319
650, 109338612, 109338612
999999, 70194, 1
650, 109338613, 109338613
999999, 70194, 47
176, 75524132, 75524132
261, 75685924, 75685924
650, 109338660, 109338660
999999, 70409, 1
175, 75524133, 75524133
260, 75685925, 75685925
650, 109338661, 109338661
999999, 70475, 253
164, 8421154, 8421154
166, 9199778, 9199778
260, 75686178, 75686178
650, 109338914, 109338914
999999, 70434, 62
163, 8421216, 8421216
174, 9189728, 9189728
166, 9199840, 9189728
178, 42680672, 42680672
175, 75524448, 42680672
260, 75686240, 75686240
650, 109338976, 109338976
999999, 70466, 1
162, 8421217, 8421217
173, 9189729, 9189729
166, 9199841, 9189729
178, 42680673, 42680673
174, 75524449, 42680673
260, 75686241, 75686241
650, 109338977, 109338977
999999, 70466, 189
173, 9189918, 9189918
165, 9200030, 9189918
178, 42680862, 42680862
174, 75524638, 42680862
260, 75686430, 75686430
650, 109339166, 109339166
999999, 70534, 56
178, 42680918, 42680918
650, 109339222, 109339222
999999, 70538, 296
999999, 70243, 1
166, 9200383, 9200383
175, 75524991, 75524991
261, 75686783, 75686783
650, 109339519, 109339519
999999, 70431, 7
261, 75686790, 75686790
650, 109339526, 109339526
999999, 70425, 278
166, 9200668, 9200668
260, 75687068, 75687068
650, 109339804, 109339804
999999, 70202, 1
166, 9200669, 9200669
260, 75687069, 75687069
650, 109339805, 109339805
999999, 70497, 94
176, 75525371, 75525371
260, 75687163, 75687163
650, 109339899, 109339899
999999, 70465, 209
165, 9200972, 9200972
650, 109340108, 109340108
999999, 70257, 1
164, 9200973, 9200973
650, 109340109, 109340109
999999, 70569, 67
650, 109340176, 109340176
999999, 70503, 358
650, 109340534, 109340534
999999, 70370, 1
650, 109340535, 109340535
999999, 70370, 281
650, 109340816, 109340816
999999, 70136, 298
262, 75688378, 75688378
650, 109341114, 109341114
999999, 69839, 1
261, 75688379, 75688379
650, 109341115, 109341115
999999, 70161, 21
650, 109341136, 109341136
999999, 70438, 290
650, 109341426, 109341426
999999, 70149, 1
650, 109341427, 109341427
999999, 70159, 49
164, 8423716, 8423716
262, 75688740, 75688740
650, 109341476, 109341476
999999, 70111, 1
164, 8423717, 8423717
262, 75688741, 75688741
650, 109341477, 109341477
999999, 70422, 241
190, 42683414, 42683414
650, 109341718, 109341718
999999, 70194, 1
190, 42683415, 42683415
650, 109341719, 109341719
999999, 70491, 95
650, 109341814, 109341814
999999, 70397, 226
262, 75689304, 75689304
650, 109342040, 109342040
999999, 70220, 1
262, 75689305, 75689305
650, 109342041, 109342041
999999, 70220, 77
262, 75689382, 75689382
650, 109342118, 109342118
999999, 70377, 1
261, 75689383, 75689383
650, 109342119, 109342119
999999, 70431, 278
260, 75689661, 75689661
650, 109342397, 109342397
999999, 70154, 45
166, 8424682, 8424682
650, 109342442, 109342442
999999, 70370, 1
165, 8424683, 8424683
650, 109342443, 109342443
999999, 70370, 265
164, 8424948, 8424948
650, 109342708, 109342708
999999, 70198, 52
163, 9203624, 9203624
192, 42684456, 42684456
650, 109342760, 109342760
999999, 70147, 236
650, 109342996, 109342996
999999, 70184, 60
650, 109343056, 109343056
999999, 70125, 1
650, 109343057, 109343057
999999, 70169, 281
650, 109343338, 109343338
999999, 69889, 22
164, 9204224, 9204224
175, 75528832, 75528832
263, 75690624, 75690624
650, 109343360, 109343360
999999, 70130, 1
163, 9204225, 9204225
174, 75528833, 75528833
262, 75690625, 75690625
650, 109343361, 109343361
999999, 70130, 311
261, 75690936, 75690936
650, 109343672, 109343672
999999, 69868, 8
163, 9204544, 9204544
173, 75529152, 75529152
260, 75690944, 75690944
650, 109343680, 109343680
999999, 70126, 1
163, 9204545, 9204545
172, 75529153, 75529153
259, 75690945, 75690945
650, 109343681, 109343681
999999, 70126, 256
163, 9204801, 9204801
171, 75529409, 75529409
258, 75691201, 75691201
650, 109343937, 109343937
999999, 69931, 285
166, 8426462, 8426462
186, 9194974, 9194974
163, 9205086, 9194974
166, 42079198, 9194974
191, 42685918, 42685918
170, 75529694, 42685918
257, 75691486, 75691486
650, 109344222, 109344222
999999, 69647, 1
165, 8426463, 8426463
185, 9194975, 9194975
163, 9205087, 9194975
165, 42079199, 9194975
190, 42685919, 42685919
169, 75529695, 42685919
256, 75691487, 75691487
650, 109344223, 109344223
999999, 69874, 55
189, 42685974, 42685974
650, 109344278, 109344278
999999, 69906, 1
188, 42685975, 42685975
650, 109344279, 109344279
999999, 69906, 247
650, 109344526, 109344526
999999, 69882, 1
650, 109344527, 109344527
999999, 69882, 67
162, 9205458, 9205458
650, 109344594, 109344594
999999, 70166, 1
650, 109344595, 109344595
999999, 70166, 265
185, 9195612, 9195612
256, 75692124, 75692124
650, 109344860, 109344860
999999, 69956, 1
185, 9195613, 9195613
256, 75692125, 75692125
650, 109344861, 109344861
999999, 69956, 93
255, 75692218, 75692218
650, 109344954, 109344954
999999, 70113, 1
255, 75692219, 75692219
650, 109344955, 109344955
999999, 70355, 251
650, 109345206, 109345206
999999, 70178, 1
650, 109345207, 109345207
999999, 70178, 287
164, 9206358, 9206358
167, 42080470, 42080470
189, 42687190, 42687190
650, 109345494, 109345494
999999, 70184, 1
163, 9206359, 9206359
166, 42080471, 42080471
188, 42687191, 42687191
650, 109345495, 109345495
999999, 70206, 51
162, 9206410, 9206410
650, 109345546, 109345546
999999, 70444, 258
650, 109345804, 109345804
999999, 70187, 94
172, 8428138, 8428138
650, 109345898, 109345898
999999, 70152, 1
171, 8428139, 8428139
650, 109345899, 109345899
999999, 70152, 334
255, 75693497, 75693497
650, 109346233, 109346233
999999, 70051, 215
170, 8428688, 8428688
650, 109346448, 109346448
999999, 69930, 1
169, 8428689, 8428689
650, 109346449, 109346449
999999, 69930, 47
168, 8428736, 8428736
165, 42081472, 8428736
256, 75693760, 75693760
650, 109346496, 109346496
999999, 70098, 1
167, 8428737, 8428737
164, 42081473, 8428737
255, 75693761, 75693761
650, 109346497, 109346497
999999, 70199, 317
166, 8429054, 8429054
163, 42081790, 8429054
254, 75694078, 75694078
650, 109346814, 109346814
999999, 69883, 1
999999, 70099, 315
163, 8651834, 8651834
187, 42688826, 42688826
252, 75694394, 75694394
650, 109347130, 109347130
999999, 69875, 22
190, 9197904, 9197904
650, 109347152, 109347152
999999, 70120, 1
189, 9197905, 9197905
650, 109347153, 109347153
999999, 70120, 297
166, 8429690, 8429690
162, 8652154, 8429690
186, 42689146, 42689146
251, 75694714, 75694714
650, 109347450, 109347450
999999, 69870, 10
166, 8429700, 8429700
185, 42689156, 42689156
250, 75694724, 75694724
650, 109347460, 109347460
999999, 69861, 1
166, 8429701, 8429701
184, 42689157, 42689157
249, 75694725, 75694725
650, 109347461, 109347461
999999, 70101, 351
166, 8430052, 8430052
178, 75533284, 75533284
650, 109347812, 109347812
999999, 69751, 267
190, 9198831, 9198831
650, 109348079, 109348079
999999, 69533, 25
189, 9198856, 9198856
650, 109348104, 109348104
999999, 69509, 1
189, 9198857, 9198857
650, 109348105, 109348105
999999, 69761, 347
165, 8430692, 8430692
177, 75533924, 75533924
650, 109348452, 109348452
999999, 69415, 1
165, 8430693, 8430693
176, 75533925, 75533925
650, 109348453, 109348453
999999, 69511, 283
165, 8430976, 8430976
189, 9199488, 9199488
650, 109348736, 109348736
999999, 69229, 297
999999, 69164, 55
178, 26511615, 26511615
999999, 69190, 1
163, 8431329, 8431329
187, 9199841, 9199841
184, 42690785, 9199841
174, 75534561, 9199841
248, 75696353, 75696353
650, 109349089, 109349089
166, 109996257, 109349089
999999, 69190, 189
162, 8431518, 8431518
187, 9200030, 9200030
183, 42690974, 9200030
173, 75534750, 9200030
248, 75696542, 75696542
650, 109349278, 109349278
166, 109996446, 109349278
999999, 69222, 1
187, 9200031, 9200031
182, 42690975, 9200031
172, 75534751, 9200031
248, 75696543, 75696543
650, 109349279, 109349279
166, 109996447, 109349279
999999, 69222, 55
650, 109349334, 109349334
999999, 69500, 1
650, 109349335, 109349335
999999, 69500, 261
247, 75696860, 75696860
650, 109349596, 109349596
999999, 69334, 83
650, 109349679, 109349679
999999, 69252, 232
650, 109349911, 109349911
999999, 69264, 65
650, 109349976, 109349976
999999, 69264, 1
650, 109349977, 109349977
999999, 69518, 238
246, 75697479, 75697479
650, 109350215, 109350215
999999, 69346, 62
181, 42691973, 42691973
245, 75697541, 75697541
650, 109350277, 109350277
999999, 69533, 265
186, 9201294, 9201294
650, 109350542, 109350542
165, 109997710, 109350542
999999, 69269, 96
650, 109350638, 109350638
999999, 69424, 1
650, 109350639, 109350639
999999, 69484, 227
162, 8433106, 8433106
174, 75536338, 75536338
650, 109350866, 109350866
999999, 69549, 48
650, 109350914, 109350914
999999, 69512, 1
650, 109350915, 109350915
999999, 69512, 265
650, 109351180, 109351180
999999, 69507, 1
650, 109351181, 109351181
999999, 69609, 93
650, 109351274, 109351274
999999, 69517, 1
650, 109351275, 109351275
999999, 69727, 229
650, 109351504, 109351504
999999, 69499, 1
650, 109351505, 109351505
999999, 69595, 83
177, 75537060, 75537060
650, 109351588, 109351588
999999, 69513, 1
177, 75537061, 75537061
650, 109351589, 109351589
999999, 69745, 245
162, 9212698, 9212698
177, 75537306, 75537306
650, 109351834, 109351834
999999, 69501, 1
162, 9212699, 9212699
176, 75537307, 75537307
650, 109351835, 109351835
999999, 69561, 47
162, 9212746, 9212746
650, 109351882, 109351882
999999, 69515, 1
650, 109351883, 109351883
999999, 69769, 255
650, 109352138, 109352138
999999, 69515, 106
650, 109352244, 109352244
999999, 69494, 1
650, 109352245, 109352245
999999, 69494, 261
183, 42694202, 42694202
252, 75699770, 75699770
650, 109352506, 109352506
999999, 69500, 44
650, 109352550, 109352550
999999, 69457, 1
650, 109352551, 109352551
999999, 69507, 267
650, 109352818, 109352818
999999, 69241, 1
650, 109352819, 109352819
999999, 69504, 53
190, 9203624, 9203624
178, 75538344, 9203624
650, 109352872, 109352872
999999, 69464, 1
189, 9203625, 9203625
178, 75538345, 9203625
650, 109352873, 109352873
999999, 69464, 261
177, 75538606, 75538606
650, 109353134, 109353134
999999, 69486, 1
176, 75538607, 75538607
650, 109353135, 109353135
999999, 69486, 59
650, 109353194, 109353194
999999, 69482, 1
999999, 69482, 265
999999, 69498, 1
650, 109353461, 109353461
999999, 69531, 45
175, 75538978, 75538978
255, 75700770, 75700770
650, 109353506, 109353506
999999, 69487, 1
174, 75538979, 75538979
254, 75700771, 75700771
650, 109353507, 109353507
999999, 69731, 237
173, 75539216, 75539216
650, 109353744, 109353744
999999, 69602, 82
172, 75539298, 75539298
253, 75701090, 75701090
650, 109353826, 109353826
999999, 69521, 1
171, 75539299, 75539299
253, 75701091, 75701091
650, 109353827, 109353827
999999, 69729, 255
170, 75539554, 75539554
253, 75701346, 75701346
650, 109354082, 109354082
999999, 69475, 1
169, 75539555, 75539555
252, 75701347, 75701347
650, 109354083, 109354083
999999, 69569, 61
188, 9204896, 9204896
185, 42695840, 9204896
168, 75539616, 9204896
251, 75701408, 75701408
650, 109354144, 109354144
171, 110001312, 109354144
999999, 69509, 1
187, 9204897, 9204897
184, 42695841, 9204897
167, 75539617, 9204897
251, 75701409, 75701409
650, 109354145, 109354145
170, 110001313, 109354145
999999, 69785, 189
186, 9205086, 9205086
183, 42696030, 9205086
166, 75539806, 9205086
251, 75701598, 75701598
650, 109354334, 109354334
169, 110001502, 109354334
999999, 69597, 1
185, 9205087, 9205087
182, 42696031, 9205087
165, 75539807, 9205087
251, 75701599, 75701599
650, 109354335, 109354335
168, 110001503, 109354335
999999, 69861, 61
164, 75539868, 75539868
250, 75701660, 75701660
650, 109354396, 109354396
999999, 69900, 1
163, 75539869, 75539869
249, 75701661, 75701661
650, 109354397, 109354397
999999, 70153, 249
650, 109354646, 109354646
999999, 69905, 1
650, 109354647, 109354647
999999, 69969, 99
181, 42696442, 42696442
248, 75702010, 75702010
650, 109354746, 109354746
999999, 69871, 1
180, 42696443, 42696443
247, 75702011, 75702011
650, 109354747, 109354747
999999, 70085, 211
184, 9205710, 9205710
650, 109354958, 109354958
169, 110002126, 109354958
999999, 69875, 1
184, 9205711, 9205711
650, 109354959, 109354959
169, 110002127, 109354959
999999, 69970, 55
248, 75702278, 75702278
650, 109355014, 109355014
999999, 70104, 297
650, 109355311, 109355311
999999, 69870, 55
650, 109355366, 109355366
999999, 70069, 240
184, 9206358, 9206358
166, 75541078, 9206358
650, 109355606, 109355606
999999, 69878, 1
183, 9206359, 9206359
165, 75541079, 9206359
650, 109355607, 109355607
999999, 69878, 102
650, 109355709, 109355709
999999, 70042, 253
247, 75703226, 75703226
650, 109355962, 109355962
999999, 69876, 1
246, 75703227, 75703227
650, 109355963, 109355963
999999, 69876, 319
246, 75703546, 75703546
650, 109356282, 109356282
999999, 69824, 10
246, 75703556, 75703556
650, 109356292, 109356292
999999, 69862, 1
246, 75703557, 75703557
650, 109356293, 109356293
999999, 69862, 254
650, 109356547, 109356547
999999, 69847, 61
650, 109356608, 109356608
169, 110003776, 109356608
999999, 69836, 1
650, 109356609, 109356609
168, 110003777, 109356609
999999, 70097, 281
165, 75542362, 75542362
650, 109356890, 109356890
999999, 69817, 50
650, 109356940, 109356940
999999, 70093, 1
650, 109356941, 109356941
999999, 70169, 301
245, 75704506, 75704506
650, 109357242, 109357242
999999, 69869, 1
999999, 70089, 43
650, 109357286, 109357286
999999, 70047, 1
650, 109357287, 109357287
999999, 70105, 278
999999, 69828, 47
185, 9208364, 9208364
167, 75543084, 9208364
650, 109357612, 109357612
999999, 70098, 1
185, 9208365, 9208365
166, 75543085, 9208365
650, 109357613, 109357613
999999, 70098, 219
650, 109357832, 109357832
999999, 69892, 1
650, 109357833, 109357833
999999, 69892, 95
650, 109357928, 109357928
999999, 70060, 1
650, 109357929, 109357929
999999, 70141, 275
650, 109358204, 109358204
999999, 70104, 1
650, 109358205, 109358205
999999, 70190, 47
184, 9209004, 9209004
168, 75543724, 9209004
650, 109358252, 109358252
999999, 70400, 1
183, 9209005, 9209005
167, 75543725, 9209005
650, 109358253, 109358253
999999, 70400, 309
248, 75705826, 75705826
650, 109358562, 109358562
999999, 70150, 320
247, 75706146, 75706146
650, 109358882, 109358882
999999, 69831, 258
182, 9209892, 9209892
166, 75544612, 9209892
650, 109359140, 109359140
999999, 69799, 1
182, 9209893, 9209893
165, 75544613, 9209893
650, 109359141, 109359141
999999, 69902, 249
181, 9210142, 9210142
186, 42701086, 42701086
164, 75544862, 42701086
246, 75706654, 75706654
650, 109359390, 109359390
172, 110006558, 109359390
999999, 69896, 60
180, 9210202, 9210202
164, 75544922, 9210202
650, 109359450, 109359450
999999, 69862, 1
179, 9210203, 9210203
163, 75544923, 9210203
650, 109359451, 109359451
999999, 70156, 244
185, 42701391, 42701391
650, 109359695, 109359695
999999, 69986, 69
650, 109359764, 109359764
999999, 70159, 1
650, 109359765, 109359765
999999, 70219, 249
186, 42701710, 42701710
650, 109360014, 109360014
999999, 69971, 110
650, 109360124, 109360124
999999, 70051, 1
650, 109360125, 109360125
999999, 70111, 214
185, 9211091, 9211091
165, 75545811, 9211091
650, 109360339, 109360339
999999, 69898, 87
650, 109360426, 109360426
999999, 70061, 1
650, 109360427, 109360427
999999, 70111, 290
650, 109360717, 109360717
999999, 69822, 253
650, 109360970, 109360970
999999, 69842, 106
650, 109361076, 109361076
999999, 69737, 1
650, 109361077, 109361077
999999, 69826, 215
166, 75546764, 75546764
650, 109361292, 109361292
999999, 69837, 1
165, 75546765, 75546765
650, 109361293, 109361293
999999, 69891, 67
164, 75546832, 75546832
650, 109361360, 109361360
999999, 70091, 1
163, 75546833, 75546833
650, 109361361, 109361361
999999, 70138, 243
249, 75708868, 75708868
650, 109361604, 109361604
999999, 70200, 1
248, 75708869, 75708869
650, 109361605, 109361605
999999, 70200, 338
650, 109361943, 109361943
999999, 69909, 96
650, 109362039, 109362039
999999, 69814, 226
650, 109362265, 109362265
999999, 69805, 77
650, 109362342, 109362342
999999, 69729, 1
650, 109362343, 109362343
999999, 69793, 276
247, 75709883, 75709883
650, 109362619, 109362619
999999, 69518, 49
186, 9213420, 9213420
164, 75548140, 9213420
650, 109362668, 109362668
999999, 69768, 1
185, 9213421, 9213421
163, 75548141, 9213421
650, 109362669, 109362669
999999, 69768, 213
162, 75548354, 75548354
650, 109362882, 109362882
999999, 69600, 110
186, 42704688, 42704688
650, 109362992, 109362992
999999, 69491, 1
999999, 69739, 254
184, 9213999, 9213999
650, 109363247, 109363247
999999, 69486, 329
184, 9214328, 9214328
246, 75710840, 75710840
650, 109363576, 109363576
999999, 69204, 1
184, 9214329, 9214329
245, 75710841, 75710841
650, 109363577, 109363577
999999, 69204, 41
183, 9214370, 9214370
244, 75710882, 75710882
650, 109363618, 109363618
999999, 69431, 1
183, 9214371, 9214371
243, 75710883, 75710883
650, 109363619, 109363619
999999, 69737, 225
183, 9214596, 9214596
242, 75711108, 75711108
650, 109363844, 109363844
999999, 69513, 94
182, 9214690, 9214690
241, 75711202, 75711202
650, 109363938, 109363938
999999, 69472, 1
999999, 69472, 222
180, 9214913, 9214913
650, 109364161, 109364161
999999, 69507, 95
179, 9215008, 9215008
184, 42705952, 42705952
241, 75711520, 75711520
650, 109364256, 109364256
180, 110011424, 109364256
999999, 69413, 1
178, 9215009, 9215009
183, 42705953, 42705953
240, 75711521, 75711521
650, 109364257, 109364257
179, 110011425, 109364257
999999, 69512, 190
177, 9215199, 9215199
182, 42706143, 42706143
239, 75711711, 75711711
650, 109364447, 109364447
178, 110011615, 109364447
999999, 69548, 61
176, 9215260, 9215260
238, 75711772, 75711772
650, 109364508, 109364508
999999, 69548, 1
175, 9215261, 9215261
237, 75711773, 75711773
650, 109364509, 109364509
999999, 69548, 254
175, 9215515, 9215515
650, 109364763, 109364763
999999, 69592, 91
174, 9215606, 9215606
650, 109364854, 109364854
999999, 69515, 320
173, 9215926, 9215926
650, 109365174, 109365174
999999, 69514, 1
999999, 69514, 225
650, 109365400, 109365400
999999, 69544, 1
650, 109365401, 109365401
999999, 69544, 55
650, 109365456, 109365456
999999, 69584, 1
650, 109365457, 109365457
999999, 69584, 265
650, 109365722, 109365722
999999, 69508, 44
240, 75713030, 75713030
650, 109365766, 109365766
999999, 69465, 1
239, 75713031, 75713031
650, 109365767, 109365767
999999, 69559, 304
650, 109366071, 109366071
999999, 69256, 13
238, 75713348, 75713348
650, 109366084, 109366084
999999, 69512, 1
237, 75713349, 75713349
650, 109366085, 109366085
999999, 69781, 261
650, 109366346, 109366346
999999, 69521, 1
650, 109366347, 109366347
999999, 69617, 106
650, 109366453, 109366453
999999, 69512, 253
180, 9217458, 9217458
650, 109366706, 109366706
999999, 69512, 63
650, 109366769, 109366769
999999, 69511, 235
237, 75714268, 75714268
650, 109367004, 109367004
999999, 69504, 1
236, 75714269, 75714269
650, 109367005, 109367005
999999, 69504, 45
650, 109367050, 109367050
999999, 69504, 1
650, 109367051, 109367051
999999, 69851, 251
235, 75714566, 75714566
650, 109367302, 109367302
999999, 69601, 1
234, 75714567, 75714567
650, 109367303, 109367303
999999, 69863, 319
233, 75714886, 75714886
650, 109367622, 109367622
999999, 69545, 114
232, 75715000, 75715000
650, 109367736, 109367736
999999, 69465, 1
231, 75715001, 75715001
650, 109367737, 109367737
999999, 69753, 215
650, 109367952, 109367952
999999, 69600, 1
650, 109367953, 109367953
999999, 69869, 95
650, 109368048, 109368048
999999, 69775, 1
650, 109368049, 109368049
999999, 69796, 225
179, 9219026, 9219026
176, 75553746, 9219026
650, 109368274, 109368274
999999, 69867, 1
178, 9219027, 9219027
176, 75553747, 9219027
650, 109368275, 109368275
999999, 69886, 89
177, 9219116, 9219116
176, 75553836, 9219116
650, 109368364, 109368364
999999, 70048, 1
176, 9219117, 9219117
176, 75553837, 75553837
650, 109368365, 109368365
999999, 70048, 249
650, 109368614, 109368614
999999, 69854, 1
650, 109368615, 109368615
999999, 69854, 285
175, 9219652, 9219652
234, 75716164, 75716164
650, 109368900, 109368900
999999, 69859, 1
174, 9219653, 9219653
233, 75716165, 75716165
650, 109368901, 109368901
999999, 69919, 99
173, 9219752, 9219752
180, 75554472, 75554472
650, 109369000, 109369000
999999, 69821, 216
172, 9219968, 9219968
650, 109369216, 109369216
999999, 69836, 1
171, 9219969, 9219969
650, 109369217, 109369217
999999, 69836, 95
170, 9220064, 9220064
186, 42711008, 42711008
181, 75554784, 42711008
233, 75716576, 75716576
650, 109369312, 109369312
193, 110016480, 109369312
999999, 69797, 1
169, 9220065, 9220065
185, 42711009, 42711009
180, 75554785, 42711009
232, 75716577, 75716577
650, 109369313, 109369313
192, 110016481, 109369313
999999, 70092, 189
168, 9220254, 9220254
184, 42711198, 42711198
180, 75554974, 42711198
231, 75716766, 75716766
650, 109369502, 109369502
191, 110016670, 109369502
999999, 69956, 1
167, 9220255, 9220255
183, 42711199, 42711199
180, 75554975, 42711199
230, 75716767, 75716767
650, 109369503, 109369503
190, 110016671, 109369503
999999, 69956, 59
650, 109369562, 109369562
999999, 70170, 1
650, 109369563, 109369563
999999, 70170, 257
229, 75717084, 75717084
650, 109369820, 109369820
999999, 69958, 43
228, 75717127, 75717127
650, 109369863, 109369863
999999, 69916, 278
227, 75717405, 75717405
650, 109370141, 109370141
999999, 69895, 81
650, 109370222, 109370222
999999, 69815, 1
650, 109370223, 109370223
999999, 69873, 227
168, 9221202, 9221202
187, 75555922, 75555922
650, 109370450, 109370450
999999, 69647, 62
650, 109370512, 109370512
999999, 69774, 1
650, 109370513, 109370513
999999, 69774, 261
650, 109370774, 109370774
999999, 69572, 1
650, 109370775, 109370775
999999, 69823, 62
650, 109370837, 109370837
999999, 69849, 293
230, 75718394, 75718394
650, 109371130, 109371130
999999, 69557, 1
229, 75718395, 75718395
650, 109371131, 109371131
999999, 69787, 49
999999, 69739, 1
168, 9221933, 9221933
189, 75556653, 75556653
650, 109371181, 109371181
999999, 69791, 271
189, 75556924, 75556924
650, 109371452, 109371452
193, 110018620, 109371452
999999, 69521, 1
189, 75556925, 75556925
650, 109371453, 109371453
192, 110018621, 109371453
999999, 69781, 303
167, 9222508, 9222508
189, 75557228, 75557228
650, 109371756, 109371756
999999, 69566, 1
166, 9222509, 9222509
189, 75557229, 75557229
650, 109371757, 109371757
999999, 69842, 53
189, 75557282, 75557282
229, 75719074, 75719074
650, 109371810, 109371810
999999, 69850, 1
189, 75557283, 75557283
229, 75719075, 75719075
650, 109371811, 109371811
999999, 70104, 243
165, 9222806, 9222806
189, 75557526, 75557526
650, 109372054, 109372054
999999, 69870, 1
164, 9222807, 9222807
189, 75557527, 75557527
650, 109372055, 109372055
999999, 70167, 61
186, 42713812, 42713812
189, 75557588, 75557588
650, 109372116, 109372116
999999, 70107, 1
185, 42713813, 42713813
189, 75557589, 75557589
650, 109372117, 109372117
999999, 70125, 289
189, 75557878, 75557878
650, 109372406, 109372406
999999, 69837, 1
189, 75557879, 75557879
650, 109372407, 109372407
999999, 70127, 52
184, 42714155, 42714155
189, 75557931, 75557931
650, 109372459, 109372459
999999, 70076, 320
323, 109372778, 109372778
999999, 69829, 215
189, 75558466, 75558466
650, 109372994, 109372994
192, 110020162, 109372994
999999, 69615, 1
189, 75558467, 75558467
650, 109372995, 109372995
191, 110020163, 109372995
999999, 69844, 109
189, 75558576, 75558576
650, 109373104, 109373104
999999, 69797, 1
188, 75558577, 75558577
650, 109373105, 109373105
999999, 70055, 265
187, 75558842, 75558842
232, 75720634, 75720634
650, 109373370, 109373370
999999, 69868, 63
186, 75558905, 75558905
231, 75720697, 75720697
650, 109373433, 109373433
999999, 69806, 244
999999, 69789, 19
184, 75559168, 75559168
650, 109373696, 109373696
999999, 69771, 309
650, 109374005, 109374005
999999, 69821, 12
183, 75559489, 75559489
650, 109374017, 109374017
999999, 69823, 304
182, 75559793, 75559793
650, 109374321, 109374321
999999, 69520, 47
164, 9225120, 9225120
184, 42716064, 42716064
181, 75559840, 42716064
230, 75721632, 75721632
650, 109374368, 109374368
192, 110021536, 109374368
999999, 69740, 1
163, 9225121, 9225121
183, 42716065, 42716065
180, 75559841, 42716065
229, 75721633, 75721633
650, 109374369, 109374369
191, 110021537, 109374369
999999, 69740, 190
162, 9225311, 9225311
182, 42716255, 42716255
179, 75560031, 42716255
228, 75721823, 75721823
650, 109374559, 109374559
190, 110021727, 109374559
999999, 69609, 96
178, 75560127, 75560127
650, 109374655, 109374655
999999, 69514, 221
177, 75560348, 75560348
227, 75722140, 75722140
650, 109374876, 109374876
999999, 69578, 1
176, 75560349, 75560349
226, 75722141, 75722141
650, 109374877, 109374877
999999, 69915, 89
650, 109374966, 109374966
999999, 69835, 1
650, 109374967, 109374967
999999, 70138, 227
650, 109375194, 109375194
999999, 69958, 1
650, 109375195, 109375195
999999, 69958, 43
229, 75722502, 75722502
650, 109375238, 109375238
999999, 70104, 304
179, 75561014, 75561014
650, 109375542, 109375542
999999, 69801, 1
178, 75561015, 75561015
650, 109375543, 109375543
999999, 69862, 59
178, 75561074, 75561074
650, 109375602, 109375602
999999, 70056, 1
177, 75561075, 75561075
650, 109375603, 109375603
999999, 70099, 234
176, 75561309, 75561309
230, 75723101, 75723101
650, 109375837, 109375837
999999, 69866, 54
167, 9226643, 9226643
175, 75561363, 75561363
650, 109375891, 109375891
999999, 70123, 243
174, 75561606, 75561606
231, 75723398, 75723398
650, 109376134, 109376134
999999, 69881, 1
173, 75561607, 75561607
230, 75723399, 75723399
650, 109376135, 109376135
999999, 69888, 101
166, 9226988, 9226988
172, 75561708, 75561708
650, 109376236, 109376236
999999, 70061, 1
165, 9226989, 9226989
172, 75561709, 75561709
650, 109376237, 109376237
999999, 70107, 217
172, 75561926, 75561926
229, 75723718, 75723718
650, 109376454, 109376454
999999, 69891, 115
321, 109376568, 109376568
999999, 70049, 207
172, 75562248, 75562248
650, 109376776, 109376776
999999, 69843, 96
166, 9227624, 9227624
171, 75562344, 75562344
650, 109376872, 109376872
999999, 69790, 1
165, 9227625, 9227625
170, 75562345, 75562345
650, 109376873, 109376873
999999, 69790, 229
169, 75562574, 75562574
650, 109377102, 109377102
999999, 69856, 1
168, 75562575, 75562575
650, 109377103, 109377103
999999, 69856, 351
167, 75562926, 75562926
650, 109377454, 109377454
999999, 69526, 75
166, 75563001, 75563001
231, 75724793, 75724793
650, 109377529, 109377529
999999, 69452, 205
231, 75724998, 75724998
650, 109377734, 109377734
999999, 69556, 1
231, 75724999, 75724999
650, 109377735, 109377735
999999, 69556, 107
650, 109377842, 109377842
999999, 69458, 1
650, 109377843, 109377843
999999, 69458, 257
650, 109378100, 109378100
999999, 69454, 1
650, 109378101, 109378101
999999, 69516, 47
650, 109378148, 109378148
999999, 69753, 238
164, 9229138, 9229138
650, 109378386, 109378386
999999, 69608, 306
234, 75725956, 75725956
650, 109378692, 109378692
999999, 69518, 1
233, 75725957, 75725957
650, 109378693, 109378693
999999, 69518, 99
650, 109378792, 109378792
999999, 69468, 1
650, 109378793, 109378793
999999, 69468, 219
234, 75726276, 75726276
650, 109379012, 109379012
999999, 69518, 1
233, 75726277, 75726277
650, 109379013, 109379013
999999, 69518, 99
650, 109379112, 109379112
999999, 69508, 264
650, 109379376, 109379376
999999, 69245, 1
650, 109379377, 109379377
999999, 69463, 48
999999, 69511, 189
162, 9230366, 9230366
187, 42721310, 42721310
165, 75565086, 42721310
231, 75726878, 75726878
650, 109379614, 109379614
202, 110026782, 109379614
999999, 69548, 62
186, 42721372, 42721372
230, 75726940, 75726940
650, 109379676, 109379676
999999, 69487, 1
185, 42721373, 42721373
229, 75726941, 75726941
650, 109379677, 109379677
999999, 69590, 249
184, 42721622, 42721622
165, 75565398, 42721622
650, 109379926, 109379926
999999, 69599, 66
183, 42721688, 42721688
228, 75727256, 75727256
650, 109379992, 109379992
999999, 69856, 1
182, 42721689, 42721689
227, 75727257, 75727257
650, 109379993, 109379993
999999, 69856, 253
181, 42721942, 42721942
164, 75565718, 42721942
650, 109380246, 109380246
999999, 69644, 1
180, 42721943, 42721943
163, 75565719, 42721943
650, 109380247, 109380247
999999, 69644, 88
179, 42722031, 42722031
650, 109380335, 109380335
999999, 69817, 227
178, 42722258, 42722258
650, 109380562, 109380562
999999, 69591, 1
178, 42722259, 42722259
650, 109380563, 109380563
999999, 69645, 97
178, 42722356, 42722356
650, 109380660, 109380660
999999, 69549, 218
166, 9231630, 9231630
178, 42722574, 42722574
650, 109380878, 109380878
999999, 69520, 1
166, 9231631, 9231631
178, 42722575, 42722575
650, 109380879, 109380879
999999, 69520, 55
177, 42722630, 42722630
230, 75728198, 75728198
650, 109380934, 109380934
999999, 69512, 1
999999, 69779, 270
166, 9231957, 9231957
175, 42722901, 42722901
650, 109381205, 109381205
999999, 69568, 85
166, 9232042, 9232042
174, 42722986, 42722986
165, 76208874, 42722986
650, 109381290, 109381290
999999, 69744, 1
166, 9232043, 9232043
173, 42722987, 42722987
164, 76208875, 42722987
650, 109381291, 109381291
999999, 69744, 274
172, 42723261, 42723261
231, 75728829, 75728829
163, 76209149, 75728829
650, 109381565, 109381565
999999, 69561, 45
165, 9232362, 9232362
171, 42723306, 42723306
650, 109381610, 109381610
999999, 69517, 1
999999, 69729, 252
163, 9232615, 9232615
169, 42723559, 42723559
230, 75729127, 75729127
650, 109381863, 109381863
999999, 69478, 26
168, 42723585, 42723585
229, 75729153, 75729153
650, 109381889, 109381889
999999, 69512, 269
162, 9232910, 9232910
167, 42723854, 42723854
650, 109382158, 109382158
999999, 69578, 1
166, 42723855, 42723855
650, 109382159, 109382159
999999, 69578, 59
165, 42723914, 42723914
163, 76209802, 42723914
650, 109382218, 109382218
999999, 69756, 1
164, 42723915, 42723915
163, 76209803, 42723915
650, 109382219, 109382219
999999, 69756, 300
162, 9233271, 9233271
163, 42724215, 42724215
650, 109382519, 109382519
205, 110029687, 109382519
999999, 69563, 17
162, 42724232, 42724232
650, 109382536, 109382536
204, 110029704, 109382536
999999, 69547, 1
650, 109382537, 109382537
204, 110029705, 109382537
999999, 69809, 271
230, 75730072, 75730072
650, 109382808, 109382808
999999, 69539, 1
229, 75730073, 75730073
650, 109382809, 109382809
999999, 69588, 89
650, 109382898, 109382898
204, 110030066, 109382898
999999, 69760, 214
650, 109383112, 109383112
203, 110030280, 109383112
999999, 69547, 1
650, 109383113, 109383113
202, 110030281, 109383113
999999, 69560, 95
171, 75568680, 75568680
650, 109383208, 109383208
999999, 69735, 1
170, 75568681, 75568681
650, 109383209, 109383209
999999, 69829, 269
650, 109383478, 109383478
201, 110030646, 109383478
999999, 69561, 60
650, 109383538, 109383538
200, 110030706, 109383538
999999, 69720, 1
650, 109383539, 109383539
199, 110030707, 109383539
999999, 69720, 207
229, 75731010, 75731010
162, 76211330, 75731010
650, 109383746, 109383746
999999, 69622, 1
228, 75731011, 75731011
650, 109383747, 109383747
999999, 69941, 101
169, 75569320, 75569320
650, 109383848, 109383848
999999, 69841, 220
227, 75731332, 75731332
650, 109384068, 109384068
999999, 69870, 1
226, 75731333, 75731333
650, 109384069, 109384069
999999, 69870, 99
168, 75569640, 75569640
650, 109384168, 109384168
999999, 69785, 1
167, 75569641, 75569641
650, 109384169, 109384169
999999, 70063, 263
650, 109384432, 109384432
999999, 69801, 1
650, 109384433, 109384433
999999, 69848, 47
167, 75569952, 75569952
226, 75731744, 75731744
650, 109384480, 109384480
198, 110031648, 109384480
999999, 70092, 1
166, 75569953, 75569953
225, 75731745, 75731745
650, 109384481, 109384481
197, 110031649, 109384481
999999, 70145, 189
165, 75570142, 75570142
224, 75731934, 75731934
650, 109384670, 109384670
196, 110031838, 109384670
999999, 69957, 56
164, 75570198, 75570198
650, 109384726, 109384726
999999, 70174, 260
223, 75732250, 75732250
650, 109384986, 109384986
195, 110032154, 109384986
999999, 69915, 1
349, 26547513, 26547513
999999, 69959, 92
163, 75570551, 75570551
650, 109385079, 109385079
193, 110032247, 109385079
999999, 69868, 230
221, 75732573, 75732573
650, 109385309, 109385309
999999, 69907, 81
650, 109385390, 109385390
999999, 69827, 269
221, 75732923, 75732923
650, 109385659, 109385659
999999, 69606, 48
650, 109385707, 109385707
999999, 69747, 228
650, 109385935, 109385935
999999, 69581, 107
221, 75733306, 75733306
650, 109386042, 109386042
999999, 69475, 1
220, 75733307, 75733307
650, 109386043, 109386043
999999, 69715, 257
220, 75733564, 75733564
650, 109386300, 109386300
999999, 69790, 1
220, 75733565, 75733565
650, 109386301, 109386301
999999, 69790, 54
650, 109386355, 109386355
192, 110033523, 109386355
999999, 69827, 251
650, 109386606, 109386606
999999, 69577, 1
650, 109386607, 109386607
999999, 69802, 34
650, 109386641, 109386641
999999, 69823, 284
650, 109386925, 109386925
999999, 69540, 301
220, 75734490, 75734490
650, 109387226, 109387226
191, 110034394, 109387226
999999, 69540, 1
999999, 69540, 48
999999, 69511, 257
650, 109387532, 109387532
189, 110034700, 109387532
999999, 69503, 109
219, 75734905, 75734905
650, 109387641, 109387641
999999, 69491, 257
218, 75735162, 75735162
650, 109387898, 109387898
999999, 69235, 1
217, 75735163, 75735163
650, 109387899, 109387899
999999, 69455, 9
167, 9248772, 9248772
216, 75735172, 75735172
650, 109387908, 109387908
999999, 69447, 1
166, 9248773, 9248773
215, 75735173, 75735173
650, 109387909, 109387909
999999, 69501, 253
214, 75735426, 75735426
650, 109388162, 109388162
188, 110035330, 109388162
999999, 69540, 62
163, 42446784, 42446784
164, 75573696, 75573696
213, 75735488, 75735488
650, 109388224, 109388224
187, 110035392, 109388224
999999, 69479, 1
162, 42446785, 42446785
163, 75573697, 75573697
212, 75735489, 75735489
650, 109388225, 109388225
186, 110035393, 109388225
999999, 69537, 279
211, 75735768, 75735768
650, 109388504, 109388504
999999, 69259, 1
211, 75735769, 75735769
650, 109388505, 109388505
999999, 69541, 91
650, 109388596, 109388596
999999, 69462, 254
162, 75574322, 75574322
650, 109388850, 109388850
185, 110036018, 109388850
999999, 69512, 1
650, 109388851, 109388851
184, 110036019, 109388851
999999, 69512, 13
212, 75736128, 75736128
650, 109388864, 109388864
183, 110036032, 109388864
999999, 69506, 1
211, 75736129, 75736129
650, 109388865, 109388865
182, 110036033, 109388865
999999, 69506, 355
210, 75736484, 75736484
650, 109389220, 109389220
999999, 69416, 1
209, 75736485, 75736485
650, 109389221, 109389221
999999, 69416, 259
650, 109389480, 109389480
999999, 69225, 1
650, 109389481, 109389481
999999, 69519, 245
165, 9250590, 9250590
208, 75736990, 75736990
650, 109389726, 109389726
181, 110036894, 109389726
999999, 69275, 1
164, 9250591, 9250591
207, 75736991, 75736991
650, 109389727, 109389727
180, 110036895, 109389727
999999, 69321, 55
650, 109389782, 109389782
999999, 69503, 248
163, 9250894, 9250894
650, 109390030, 109390030
179, 110037198, 109390030
999999, 69302, 1
163, 9250895, 9250895
650, 109390031, 109390031
178, 110037199, 109390031
999999, 69651, 69
650, 109390100, 109390100
999999, 69583, 1
650, 109390101, 109390101
999999, 69847, 249
165, 9251214, 9251214
650, 109390350, 109390350
177, 110037518, 109390350
999999, 69599, 1
164, 9251215, 9251215
650, 109390351, 109390351
176, 110037519, 109390351
999999, 69651, 107
207, 75737722, 75737722
650, 109390458, 109390458
999999, 69545, 1
207, 75737723, 75737723
650, 109390459, 109390459
999999, 69765, 203
207, 75737926, 75737926
650, 109390662, 109390662
999999, 69563, 1
207, 75737927, 75737927
650, 109390663, 109390663
999999, 69657, 59
162, 9241474, 9241474
167, 9251586, 9251586
207, 75737986, 75737986
650, 109390722, 109390722
175, 110037890, 109390722
999999, 69788, 1
166, 9251587, 9251587
206, 75737987, 75737987
650, 109390723, 109390723
174, 110037891, 109390723
999999, 69843, 275
283, 47262860, 47262860
257, 114568332, 47262860
999999, 69569, 48
999999, 69824, 310
204, 75738620, 75738620
650, 109391356, 109391356
173, 110038524, 109391356
999999, 69515, 1
204, 75738621, 75738621
650, 109391357, 109391357
172, 110038525, 109391357
999999, 69789, 45
163, 9252266, 9252266
650, 109391402, 109391402
999999, 69745, 1
163, 9252267, 9252267
650, 109391403, 109391403
999999, 69842, 225
650, 109391628, 109391628
171, 110038796, 109391628
999999, 69822, 1
650, 109391629, 109391629
170, 110038797, 109391629
999999, 69822, 53
204, 75738946, 75738946
650, 109391682, 109391682
169, 110038850, 109391682
999999, 69830, 258
203, 75739204, 75739204
650, 109391940, 109391940
999999, 69573, 338
650, 109392278, 109392278
999999, 69545, 96
650, 109392374, 109392374
999999, 69510, 248
650, 109392622, 109392622
168, 110039790, 109392622
999999, 69263, 1
650, 109392623, 109392623
167, 110039791, 109392623
999999, 69469, 33
650, 109392656, 109392656
166, 110039824, 109392656
999999, 69437, 1
650, 109392657, 109392657
165, 110039825, 109392657
999999, 69537, 297
203, 75740218, 75740218
650, 109392954, 109392954
999999, 69241, 1
202, 75740219, 75740219
650, 109392955, 109392955
999999, 69455, 13
650, 109392968, 109392968
999999, 69443, 1
650, 109392969, 109392969
999999, 69545, 345
201, 75740578, 75740578
650, 109393314, 109393314
164, 110040482, 109393314
999999, 69201, 1
200, 75740579, 75740579
650, 109393315, 109393315
163, 110040483, 109393315
999999, 69421, 231
650, 109393546, 109393546
999999, 69274, 56
162, 9254466, 9254466
201, 75740866, 75740866
650, 109393602, 109393602
162, 110040770, 109393602
999999, 69219, 1
200, 75740867, 75740867
650, 109393603, 109393603
999999, 69459, 297
167, 8607596, 8607596
171, 75579372, 75579372
650, 109393900, 109393900
999999, 69163, 1
167, 8607597, 8607597
171, 75579373, 75579373
650, 109393901, 109393901
999999, 69257, 67
650, 109393968, 109393968
999999, 69191, 216
650, 109394184, 109394184
999999, 69200, 1
650, 109394185, 109394185
999999, 69502, 407
168, 8608288, 8608288
171, 75580064, 75580064
199, 75741856, 75741856
650, 109394592, 109394592
999999, 69168, 1
168, 8608289, 8608289
170, 75580065, 75580065
198, 75741857, 75741857
650, 109394593, 109394593
999999, 69168, 189
167, 8608478, 8608478
169, 75580254, 75580254
197, 75742046, 75742046
650, 109394782, 109394782
999999, 69257, 1
166, 8608479, 8608479
168, 75580255, 75580255
196, 75742047, 75742047
650, 109394783, 109394783
999999, 69315, 59
167, 75580314, 75580314
195, 75742106, 75742106
650, 109394842, 109394842
999999, 69502, 1
348, 26557369, 26557369
999999, 69557, 257
193, 75742364, 75742364
650, 109395100, 109395100
999999, 69301, 82
650, 109395182, 109395182
999999, 69510, 1
650, 109395183, 109395183
999999, 69510, 231
650, 109395414, 109395414
999999, 69562, 1
650, 109395415, 109395415
999999, 69562, 100
192, 75742779, 75742779
650, 109395515, 109395515
999999, 69543, 251
650, 109395766, 109395766
999999, 69554, 293
191, 75743323, 75743323
650, 109396059, 109396059
999999, 69262, 49
167, 8609804, 8609804
650, 109396108, 109396108
999999, 69268, 1
167, 8609805, 8609805
650, 109396109, 109396109
999999, 69268, 289
650, 109396398, 109396398
999999, 69169, 1
650, 109396399, 109396399
999999, 69227, 69
650, 109396468, 109396468
999999, 69159, 1
650, 109396469, 109396469
999999, 69409, 249
167, 8610414, 8610414
650, 109396718, 109396718
999999, 69161, 1
166, 8610415, 8610415
650, 109396719, 109396719
999999, 69211, 33
165, 8610448, 8610448
650, 109396752, 109396752
999999, 69179, 1
164, 8610449, 8610449
650, 109396753, 109396753
999999, 69451, 295
195, 75744312, 75744312
650, 109397048, 109397048
999999, 69157, 1
194, 75744313, 75744313
650, 109397049, 109397049
999999, 69237, 56
163, 8610801, 8610801
650, 109397105, 109397105
999999, 69182, 269
999999, 69128, 1
169, 75582847, 75582847
192, 75744639, 75744639
650, 109397375, 109397375
999999, 69128, 19
650, 109397394, 109397394
999999, 69204, 1
650, 109397395, 109397395
999999, 69444, 292
165, 8611383, 8611383
168, 75583159, 75583159
650, 109397687, 109397687
999999, 69239, 271
191, 75745222, 75745222
650, 109397958, 109397958
999999, 68969, 1
190, 75745223, 75745223
650, 109397959, 109397959
999999, 69189, 74
162, 9258897, 9258897
650, 109398033, 109398033
999999, 69209, 290
166, 8612019, 8612019
650, 109398323, 109398323
999999, 68920, 61
999999, 69079, 232
189, 75745880, 75745880
650, 109398616, 109398616
999999, 68960, 1
999999, 68960, 47
650, 109398664, 109398664
999999, 69157, 1
650, 109398665, 109398665
999999, 69215, 304
999999, 68912, 44
164, 42457573, 42457573
186, 75746277, 75746277
650, 109399013, 109399013
999999, 69106, 261
163, 42457834, 42457834
650, 109399274, 109399274
999999, 68940, 1
999999, 68940, 57
999999, 69145, 268
650, 109399600, 109399600
999999, 69196, 1
650, 109399601, 109399601
999999, 69196, 47
168, 8613344, 8613344
168, 75585120, 75585120
184, 75746912, 75746912
650, 109399648, 109399648
999999, 69155, 1
167, 8613345, 8613345
167, 75585121, 75585121
183, 75746913, 75746913
650, 109399649, 109399649
999999, 69457, 189
166, 8613534, 8613534
166, 75585310, 75585310
182, 75747102, 75747102
650, 109399838, 109399838
999999, 69269, 48
650, 109399886, 109399886
999999, 69268, 584
165, 75585942, 75585942
650, 109400470, 109400470
999999, 68685, 1
164, 75585943, 75585943
650, 109400471, 109400471
999999, 68951, 88
650, 109400559, 109400559
999999, 68885, 229
650, 109400788, 109400788
999999, 68657, 1
650, 109400789, 109400789
999999, 68910, 45
183, 75748098, 75748098
650, 109400834, 109400834
999999, 69184, 280
182, 75748378, 75748378
650, 109401114, 109401114
999999, 68905, 1
181, 75748379, 75748379
650, 109401115, 109401115
999999, 69005, 55
650, 109401170, 109401170
999999, 69215, 296
181, 75748730, 75748730
650, 109401466, 109401466
999999, 68967, 10
181, 75748740, 75748740
650, 109401476, 109401476
999999, 69146, 299
650, 109401775, 109401775
999999, 68848, 317
650, 109402092, 109402092
999999, 68579, 1
650, 109402093, 109402093
999999, 68847, 56
170, 8615845, 8615845
166, 9263013, 8615845
164, 42743845, 8615845
181, 75749413, 75749413
650, 109402149, 109402149
999999, 68792, 247
163, 42744092, 42744092
180, 75749660, 75749660
650, 109402396, 109402396
999999, 68634, 1
162, 42744093, 42744093
179, 75749661, 75749661
650, 109402397, 109402397
999999, 68634, 95
999999, 68768, 1
177, 75749757, 75749757
650, 109402493, 109402493
999999, 68768, 213
169, 8616402, 8616402
650, 109402706, 109402706
999999, 68600, 1
168, 8616403, 8616403
650, 109402707, 109402707
999999, 68600, 89
650, 109402796, 109402796
999999, 68824, 1
650, 109402797, 109402797
999999, 68824, 265
650, 109403062, 109403062
999999, 68824, 1
999999, 68824, 51
650, 109403114, 109403114
999999, 68834, 1
650, 109403115, 109403115
999999, 68834, 257
167, 8617068, 8617068
650, 109403372, 109403372
999999, 68878, 68
650, 109403440, 109403440
999999, 68832, 226
650, 109403666, 109403666
999999, 68607, 1
650, 109403667, 109403667
999999, 68905, 48
166, 8617411, 8617411
179, 75750979, 75750979
650, 109403715, 109403715
999999, 68858, 305
650, 109404020, 109404020
999999, 68560, 12
165, 8617728, 8617728
170, 9264896, 9264896
180, 75751296, 75751296
650, 109404032, 109404032
999999, 68549, 1
164, 8617729, 8617729
169, 9264897, 9264897
179, 75751297, 75751297
650, 109404033, 109404033
999999, 68904, 257
163, 8617986, 8617986
169, 9265154, 9265154
178, 75751554, 75751554
650, 109404290, 109404290
999999, 68885, 1
162, 8617987, 8617987
169, 9265155, 9265155
177, 75751555, 75751555
650, 109404291, 109404291
999999, 68979, 97
168, 42746084, 42746084
168, 75589860, 75589860
176, 75751652, 75751652
650, 109404388, 109404388
999999, 68883, 1
167, 42746085, 42746085
167, 75589861, 75589861
175, 75751653, 75751653
650, 109404389, 109404389
999999, 69144, 253
169, 9265506, 9265506
166, 42746338, 9265506
174, 75751906, 75751906
650, 109404642, 109404642
999999, 68896, 1
168, 9265507, 9265507
165, 42746339, 9265507
173, 75751907, 75751907
650, 109404643, 109404643
999999, 69203, 61
167, 9265568, 9265568
166, 42463264, 9265568
164, 42746400, 9265568
166, 75590176, 9265568
172, 75751968, 75751968
650, 109404704, 109404704
999999, 69143, 190
166, 9265758, 9265758
165, 42463454, 9265758
163, 42746590, 9265758
165, 75590366, 9265758
171, 75752158, 75752158
650, 109404894, 109404894
999999, 69270, 1
165, 9265759, 9265759
164, 42463455, 9265759
162, 42746591, 9265759
164, 75590367, 9265759
170, 75752159, 75752159
650, 109404895, 109404895
999999, 69270, 55
650, 109404950, 109404950
999999, 69261, 1
650, 109404951, 109404951
999999, 69499, 321
163, 42463832, 42463832
162, 42746968, 42463832
169, 75752536, 75752536
650, 109405272, 109405272
999999, 69179, 246
650, 109405518, 109405518
999999, 68981, 1
650, 109405519, 109405519
999999, 69289, 73
164, 42464152, 42464152
168, 75752856, 75752856
650, 109405592, 109405592
999999, 69217, 1
164, 42464153, 42464153
168, 75752857, 75752857
650, 109405593, 109405593
999999, 69260, 291
167, 9266748, 9266748
167, 75753148, 75753148
650, 109405884, 109405884
999999, 69196, 1
166, 9266749, 9266749
166, 75753149, 75753149
650, 109405885, 109405885
999999, 69196, 321
162, 42060286, 42060286
165, 75591678, 75591678
166, 75753470, 75753470
650, 109406206, 109406206
999999, 68966, 1
162, 42060287, 42060287
165, 75591679, 75591679
166, 75753471, 75753471
650, 109406207, 109406207
999999, 68966, 13
650, 109406220, 109406220
999999, 69220, 1
650, 109406221, 109406221
999999, 69220, 249
166, 75753734, 75753734
650, 109406470, 109406470
999999, 69019, 1
166, 75753735, 75753735
650, 109406471, 109406471
999999, 69207, 65
162, 8610120, 8610120
650, 109406536, 109406536
999999, 69143, 1
162, 8610121, 8610121
650, 109406537, 109406537
999999, 69189, 307
165, 42060924, 42060924
166, 75754108, 75754108
650, 109406844, 109406844
999999, 69152, 1
165, 42060925, 42060925
165, 75754109, 75754109
650, 109406845, 109406845
999999, 69152, 5
164, 42060930, 42060930
165, 75754114, 75754114
650, 109406850, 109406850
999999, 69240, 1
163, 42060931, 42060931
165, 75754115, 75754115
650, 109406851, 109406851
999999, 69240, 303
166, 8610738, 8610738
162, 42061234, 8610738
162, 42748850, 8610738
650, 109407154, 109407154
999999, 69252, 1
166, 8610739, 8610739
650, 109407155, 109407155
999999, 69252, 47
164, 75754466, 75754466
650, 109407202, 109407202
999999, 69452, 1
163, 75754467, 75754467
650, 109407203, 109407203
999999, 69748, 235
650, 109407438, 109407438
999999, 69600, 1
650, 109407439, 109407439
999999, 69821, 107
170, 8611130, 8611130
162, 75754810, 8611130
650, 109407546, 109407546
999999, 69715, 252
170, 8611382, 8611382
650, 109407798, 109407798
999999, 69570, 14
170, 8611396, 8611396
173, 9268676, 9268676
650, 109407812, 109407812
999999, 69557, 1
170, 8611397, 8611397
172, 9268677, 9268677
650, 109407813, 109407813
999999, 69767, 305
170, 8611702, 8611702
171, 9268982, 9268982
650, 109408118, 109408118
999999, 69463, 1
170, 8611703, 8611703
170, 9268983, 9268983
650, 109408119, 109408119
999999, 69563, 17
170, 8611720, 8611720
650, 109408136, 109408136
999999, 69547, 1
169, 8611721, 8611721
650, 109408137, 109408137
999999, 69767, 263
650, 109408400, 109408400
999999, 69553, 96
650, 109408496, 109408496
999999, 69738, 229
650, 109408725, 109408725
999999, 69510, 81
650, 109408806, 109408806
999999, 69472, 1
650, 109408807, 109408807
999999, 69472, 262
168, 8612653, 8612653
174, 9269933, 9269933
650, 109409069, 109409069
999999, 69470, 67
650, 109409136, 109409136
999999, 69460, 212
172, 75594820, 75594820
650, 109409348, 109409348
999999, 69249, 94
173, 9270306, 9270306
650, 109409442, 109409442
999999, 69453, 1
172, 9270307, 9270307
650, 109409443, 109409443
999999, 69513, 257
167, 8613284, 8613284
171, 75595172, 75595172
650, 109409700, 109409700
999999, 69257, 60
166, 8613344, 8613344
171, 9270624, 9270624
168, 42468320, 9270624
170, 75595232, 9270624
650, 109409760, 109409760
999999, 69450, 1
165, 8613345, 8613345
170, 9270625, 9270625
167, 42468321, 9270625
169, 75595233, 9270625
650, 109409761, 109409761
999999, 69450, 189
164, 8613534, 8613534
169, 9270814, 9270814
166, 42468510, 9270814
168, 75595422, 9270814
650, 109409950, 109409950
999999, 69322, 1
163, 8613535, 8613535
168, 9270815, 9270815
165, 42468511, 9270815
167, 75595423, 9270815
650, 109409951, 109409951
999999, 69322, 55
162, 8613590, 8613590
650, 109410006, 109410006
999999, 69542, 296
167, 9271166, 9271166
166, 75595774, 9271166
650, 109410302, 109410302
999999, 69247, 62
650, 109410364, 109410364
999999, 69240, 1
650, 109410365, 109410365
999999, 69240, 313
650, 109410678, 109410678
999999, 69186, 1
999999, 69186, 225
650, 109410904, 109410904
999999, 68968, 1
650, 109410905, 109410905
999999, 68968, 47
650, 109410952, 109410952
999999, 69227, 1
650, 109410953, 109410953
999999, 69279, 323
650, 109411276, 109411276
999999, 68957, 298
650, 109411574, 109411574
999999, 68874, 1
650, 109411575, 109411575
999999, 68874, 11
650, 109411586, 109411586
999999, 68959, 1
650, 109411587, 109411587
999999, 69147, 312
169, 8453691, 8453691
650, 109411899, 109411899
999999, 68931, 13
650, 109411912, 109411912
999999, 69126, 298
650, 109412210, 109412210
999999, 68829, 1
650, 109412211, 109412211
999999, 68902, 49
650, 109412260, 109412260
999999, 69098, 1
650, 109412261, 109412261
999999, 69098, 234
650, 109412495, 109412495
999999, 68933, 55
650, 109412550, 109412550
999999, 68879, 1
650, 109412551, 109412551
999999, 69123, 261
650, 109412812, 109412812
999999, 68863, 1
650, 109412813, 109412813
999999, 68953, 93
650, 109412906, 109412906
999999, 69100, 1
650, 109412907, 109412907
999999, 69100, 273
999999, 69144, 1
650, 109413181, 109413181
999999, 69229, 45
179, 9274090, 9274090
650, 109413226, 109413226
999999, 69185, 1
178, 9274091, 9274091
650, 109413227, 109413227
999999, 69457, 263
650, 109413490, 109413490
999999, 69195, 1
650, 109413491, 109413491
999999, 69235, 49
187, 8455332, 8455332
650, 109413540, 109413540
999999, 69448, 266
177, 9274670, 9274670
650, 109413806, 109413806
999999, 69183, 1
176, 9274671, 9274671
650, 109413807, 109413807
999999, 69202, 61
175, 9274732, 9274732
650, 109413868, 109413868
999999, 69411, 1
174, 9274733, 9274733
650, 109413869, 109413869
999999, 69471, 228
173, 9274961, 9274961
650, 109414097, 109414097
999999, 69244, 87
174, 42472744, 42472744
169, 75599656, 42472744
650, 109414184, 109414184
999999, 69458, 1
999999, 69467, 223
167, 75599880, 75599880
650, 109414408, 109414408
999999, 69245, 1
166, 75599881, 75599881
650, 109414409, 109414409
999999, 69519, 351
650, 109414760, 109414760
999999, 69169, 1
650, 109414761, 109414761
999999, 69260, 55
198, 8456608, 8456608
163, 9184672, 8456608
172, 9275680, 8456608
173, 42473376, 8456608
165, 75600288, 8456608
650, 109414816, 109414816
999999, 69452, 1
198, 8456609, 8456609
162, 9184673, 8456609
171, 9275681, 8456609
172, 42473377, 8456609
164, 75600289, 8456609
650, 109414817, 109414817
999999, 69471, 250
357, 26577593, 26577593
999999, 69222, 243
170, 9276174, 9276174
650, 109415310, 109415310
999999, 69252, 74
650, 109415384, 109415384
999999, 69179, 1
650, 109415385, 109415385
999999, 69273, 293
201, 8457470, 8457470
169, 9276542, 8457470
650, 109415678, 109415678
999999, 68981, 23
650, 109415701, 109415701
999999, 69172, 289
999999, 68972, 1
162, 75601463, 75601463
650, 109415991, 109415991
999999, 68972, 59
650, 109416050, 109416050
999999, 69184, 1
650, 109416051, 109416051
999999, 69184, 233
650, 109416284, 109416284
999999, 69000, 94
207, 8458170, 8458170
650, 109416378, 109416378
999999, 68907, 1
207, 8458171, 8458171
650, 109416379, 109416379
999999, 69160, 215
650, 109416594, 109416594
999999, 69006, 102
999999, 68905, 1
650, 109416697, 109416697
999999, 69094, 217
650, 109416914, 109416914
999999, 68973, 91
650, 109417005, 109417005
999999, 69102, 267
178, 42475832, 42475832
650, 109417272, 109417272
999999, 69190, 1
177, 42475833, 42475833
650, 109417273, 109417273
999999, 69190, 47
163, 8560232, 8560232
177, 42475880, 42475880
165, 75602792, 42475880
650, 109417320, 109417320
999999, 69150, 1
162, 8560233, 8560233
176, 42475881, 42475881
165, 75602793, 42475881
650, 109417321, 109417321
999999, 69418, 241
216, 8459354, 8459354
650, 109417562, 109417562
999999, 69238, 1
216, 8459355, 8459355
650, 109417563, 109417563
999999, 69238, 49
650, 109417612, 109417612
999999, 69454, 1
650, 109417613, 109417613
999999, 69511, 253
650, 109417866, 109417866
999999, 69554, 1
650, 109417867, 109417867
999999, 69554, 97
650, 109417964, 109417964
999999, 69465, 1
650, 109417965, 109417965
999999, 69734, 232
650, 109418197, 109418197
999999, 69591, 81
650, 109418278, 109418278
999999, 69764, 1
650, 109418279, 109418279
999999, 69764, 221
225, 8460292, 8460292
650, 109418500, 109418500
999999, 69605, 1
225, 8460293, 8460293
650, 109418501, 109418501
999999, 69881, 333
650, 109418834, 109418834
999999, 69549, 1
650, 109418835, 109418835
999999, 69559, 95
312, 109418931, 109418931
999999, 69465, 1
184, 9279795, 9279795
650, 109418931, 109418931
999999, 69825, 244
650, 109419175, 109419175
999999, 69582, 65
177, 42477800, 42477800
650, 109419240, 109419240
999999, 69745, 255
650, 109419495, 109419495
999999, 69568, 66
176, 42478121, 42478121
650, 109419561, 109419561
999999, 69762, 249
164, 8562722, 8562722
183, 9280674, 9280674
164, 42215458, 9280674
168, 75605282, 9280674
650, 109419810, 109419810
999999, 69569, 1
163, 8562723, 8562723
182, 9280675, 9280675
163, 42215459, 9280675
167, 75605283, 9280675
650, 109419811, 109419811
999999, 69847, 251
235, 8461854, 8461854
162, 8562974, 8461854
181, 9280926, 8461854
163, 9331486, 8461854
162, 42215710, 8461854
175, 42478622, 8461854
166, 75605534, 8461854
650, 109420062, 109420062
999999, 69597, 61
235, 8461915, 8461915
650, 109420123, 109420123
999999, 69593, 292
235, 8462207, 8462207
181, 9281279, 8462207
650, 109420415, 109420415
999999, 69521, 11
165, 75605898, 75605898
650, 109420426, 109420426
999999, 69592, 1
164, 75605899, 75605899
650, 109420427, 109420427
999999, 69592, 260
181, 9281551, 9281551
163, 42216335, 9281551
175, 42479247, 9281551
650, 109420687, 109420687
999999, 69666, 103
162, 42216438, 42216438
174, 42479350, 42479350
164, 75606262, 42479350
650, 109420790, 109420790
999999, 69806, 1
173, 42479351, 42479351
164, 75606263, 42479351
650, 109420791, 109420791
999999, 69806, 211
173, 42479562, 42479562
650, 109421002, 109421002
999999, 69844, 1
173, 42479563, 42479563
650, 109421003, 109421003
999999, 69844, 97
162, 109299756, 109299756
650, 109421100, 109421100
999999, 69809, 1
650, 109421101, 109421101
999999, 70057, 233
166, 8564246, 8564246
183, 9282198, 9282198
167, 75606806, 9282198
650, 109421334, 109421334
999999, 69825, 1
165, 8564247, 8564247
182, 9282199, 9282199
166, 75606807, 9282199
650, 109421335, 109421335
999999, 69871, 61
181, 9282260, 9282260
650, 109421396, 109421396
999999, 70086, 1
999999, 70177, 255
164, 8564564, 8564564
173, 42480212, 42480212
650, 109421652, 109421652
999999, 69923, 1
999999, 70133, 85
162, 8564650, 8564650
171, 42480298, 42480298
650, 109421738, 109421738
999999, 70049, 1
170, 42480299, 42480299
650, 109421739, 109421739
999999, 70109, 267
166, 75607478, 75607478
650, 109422006, 109422006
999999, 70104, 1
165, 75607479, 75607479
650, 109422007, 109422007
999999, 70104, 51
169, 42480618, 42480618
650, 109422058, 109422058
999999, 70114, 1
168, 42480619, 42480619
650, 109422059, 109422059
999999, 70114, 264
650, 109422323, 109422323
999999, 70114, 13
257, 8464128, 8464128
164, 42217984, 8464128
164, 75607808, 8464128
650, 109422336, 109422336
999999, 70200, 1
257, 8464129, 8464129
163, 42217985, 8464129
163, 75607809, 8464129
650, 109422337, 109422337
999999, 70200, 283
162, 42218268, 42218268
650, 109422620, 109422620
999999, 70134, 1
650, 109422621, 109422621
999999, 70134, 55
650, 109422676, 109422676
999999, 70166, 1
650, 109422677, 109422677
999999, 70166, 281
650, 109422958, 109422958
164, 109766766, 109422958
999999, 70114, 34
650, 109422992, 109422992
163, 109766800, 109422992
999999, 70165, 1
650, 109422993, 109422993
163, 109766801, 109422993
999999, 70445, 245
650, 109423238, 109423238
999999, 70201, 108
163, 9193202, 9193202
650, 109423346, 109423346
999999, 70148, 1
162, 9193203, 9193203
650, 109423347, 109423347
999999, 70148, 209
267, 8465348, 8465348
650, 109423556, 109423556
999999, 70249, 1
267, 8465349, 8465349
650, 109423557, 109423557
999999, 70469, 95
267, 8465444, 8465444
650, 109423652, 109423652
999999, 70375, 1
267, 8465445, 8465445
650, 109423653, 109423653
999999, 70471, 277
999999, 70510, 1
267, 8465723, 8465723
650, 109423931, 109423931
999999, 70510, 265
267, 8465988, 8465988
650, 109424196, 109424196
999999, 70518, 100
172, 42482856, 42482856
650, 109424296, 109424296
999999, 70419, 254
171, 42483110, 42483110
650, 109424550, 109424550
999999, 70212, 1
170, 42483111, 42483111
650, 109424551, 109424551
999999, 70212, 65
171, 9336040, 9336040
169, 42483176, 9336040
650, 109424616, 109424616
999999, 70364, 1
170, 9336041, 9336041
168, 42483177, 9336041
650, 109424617, 109424617
999999, 70364, 215
272, 8466624, 8466624
179, 9285696, 8466624
169, 9336256, 8466624
167, 42483392, 8466624
164, 75610304, 8466624
650, 109424832, 109424832
999999, 70502, 1
272, 8466625, 8466625
178, 9285697, 8466625
168, 9336257, 8466625
166, 42483393, 8466625
163, 75610305, 8466625
650, 109424833, 109424833
999999, 70502, 96
272, 8466721, 8466721
163, 9194785, 8466721
177, 9285793, 8466721
167, 9336353, 8466721
165, 42483489, 8466721
162, 75610401, 8466721
650, 109424929, 109424929
163, 109768737, 109424929
999999, 70480, 189
272, 8466910, 8466910
163, 9194974, 8466910
177, 9285982, 8466910
166, 9336542, 8466910
164, 42483678, 8466910
650, 109425118, 109425118
162, 109768926, 109425118
999999, 70532, 63
650, 109425181, 109425181
999999, 70470, 254
273, 8467227, 8467227
178, 9286299, 8467227
650, 109425435, 109425435
999999, 70277, 49
165, 9195340, 9195340
178, 9286348, 9286348
650, 109425484, 109425484
999999, 70229, 1
165, 9195341, 9195341
178, 9286349, 9286349
650, 109425485, 109425485
999999, 70417, 266
178, 9286615, 9286615
166, 42484311, 9286615
163, 75611223, 9286615
650, 109425751, 109425751
999999, 70247, 87
177, 9286702, 9286702
650, 109425838, 109425838
165, 109769646, 109425838
999999, 70376, 1
177, 9286703, 9286703
650, 109425839, 109425839
164, 109769647, 109425839
999999, 70463, 267
278, 8467898, 8467898
650, 109426106, 109426106
999999, 70433, 48
650, 109426154, 109426154
999999, 70434, 1
650, 109426155, 109426155
999999, 70434, 239
280, 8468186, 8468186
650, 109426394, 109426394
999999, 70462, 50
650, 109426444, 109426444
999999, 70413, 262
178, 9287570, 9287570
165, 42485266, 9287570
650, 109426706, 109426706
999999, 70206, 1
177, 9287571, 9287571
164, 42485267, 9287571
650, 109426707, 109426707
999999, 70459, 326
176, 9287897, 9287897
163, 42485593, 9287897
162, 75612505, 9287897
650, 109427033, 109427033
163, 109770841, 109427033
999999, 70134, 77
175, 9287974, 9287974
162, 42485670, 9287974
650, 109427110, 109427110
162, 109770918, 109427110
999999, 70124, 1
174, 9287975, 9287975
650, 109427111, 109427111
999999, 70420, 221
286, 8469124, 8469124
165, 9197188, 8469124
170, 9338756, 8469124
650, 109427332, 109427332
999999, 70249, 1
286, 8469125, 8469125
165, 9197189, 8469125
169, 9338757, 8469125
650, 109427333, 109427333
999999, 70517, 59
286, 8469184, 8469184
164, 8630976, 8469184
168, 9338816, 8469184
650, 109427392, 109427392
999999, 70459, 1
286, 8469185, 8469185
163, 8630977, 8469185
167, 9338817, 8469185
650, 109427393, 109427393
999999, 70467, 317
286, 8469502, 8469502
162, 8631294, 8469502
650, 109427710, 109427710
999999, 70446, 1
286, 8469503, 8469503
650, 109427711, 109427711
999999, 70446, 13
650, 109427724, 109427724
999999, 70488, 1
650, 109427725, 109427725
999999, 70488, 263
650, 109427988, 109427988
999999, 70566, 82
176, 9288934, 9288934
650, 109428070, 109428070
999999, 70736, 238
175, 9289172, 9289172
650, 109428308, 109428308
999999, 70499, 87
650, 109428395, 109428395
999999, 70478, 257
650, 109428652, 109428652
999999, 70430, 1
650, 109428653, 109428653
999999, 70430, 59
650, 109428712, 109428712
999999, 70468, 1
650, 109428713, 109428713
999999, 70681, 226
162, 8632523, 8632523
650, 109428939, 109428939
999999, 70456, 104
650, 109429043, 109429043
999999, 70413, 243
176, 9290150, 9290150
650, 109429286, 109429286
999999, 70472, 26
299, 8471104, 8471104
167, 9340736, 8471104
650, 109429312, 109429312
999999, 70508, 295
999999, 70429, 74
176, 9290545, 9290545
650, 109429681, 109429681
999999, 70356, 242
167, 9199779, 9199779
175, 9290787, 9290787
650, 109429923, 109429923
999999, 70434, 61
302, 8471776, 8471776
166, 9199840, 8471776
174, 9290848, 8471776
166, 9341408, 8471776
163, 42124512, 8471776
650, 109429984, 109429984
162, 109692896, 109429984
999999, 70480, 1
302, 8471777, 8471777
165, 9199841, 8471777
173, 9290849, 8471777
165, 9341409, 8471777
162, 42124513, 8471777
650, 109429985, 109429985
999999, 70724, 190
302, 8471967, 8471967
165, 9200031, 8471967
173, 9291039, 8471967
165, 9341599, 8471967
162, 42124703, 8471967
650, 109430175, 109430175
999999, 70783, 61
165, 9200092, 9200092
173, 9291100, 9291100
650, 109430236, 109430236
999999, 70723, 1
164, 9200093, 9200093
173, 9291101, 9291101
650, 109430237, 109430237
999999, 70777, 250
650, 109430487, 109430487
999999, 70528, 51
163, 9200394, 9200394
650, 109430538, 109430538
999999, 70739, 1
162, 9200395, 9200395
650, 109430539, 109430539
999999, 71055, 273
650, 109430812, 109430812
999999, 70833, 1
294, 3295239, 3295239
207, 104253447, 3295239
999999, 71133, 90
650, 109430903, 109430903
999999, 71051, 226
650, 109431129, 109431129
999999, 70826, 55
175, 9292048, 9292048
650, 109431184, 109431184
999999, 71052, 267
312, 8473243, 8473243
174, 9292315, 8473243
650, 109431451, 109431451
999999, 70786, 48
173, 9292363, 9292363
650, 109431499, 109431499
999999, 70793, 305
171, 9343228, 9343228
650, 109431804, 109431804
999999, 70489, 1
170, 9343229, 9343229
650, 109431805, 109431805
999999, 70783, 47
999999, 70737, 1
650, 109431853, 109431853
999999, 70742, 217
650, 109432070, 109432070
166, 109694982, 109432070
162, 109775878, 109432070
999999, 70836, 1
650, 109432071, 109432071
165, 109694983, 109432071
999999, 70844, 65
650, 109432136, 109432136
999999, 71083, 1
650, 109432137, 109432137
999999, 71132, 299
169, 9343860, 9343860
650, 109432436, 109432436
999999, 71074, 1
168, 9343861, 9343861
650, 109432437, 109432437
999999, 71074, 45
650, 109432482, 109432482
999999, 71124, 1
650, 109432483, 109432483
999999, 71124, 249
650, 109432732, 109432732
162, 109776540, 109432732
999999, 71086, 1
650, 109432733, 109432733
999999, 71086, 47
650, 109432780, 109432780
999999, 71144, 1
650, 109432781, 109432781
999999, 71144, 268
650, 109433049, 109433049
999999, 71125, 307
650, 109433356, 109433356
999999, 70819, 1
650, 109433357, 109433357
999999, 71130, 53
650, 109433410, 109433410
999999, 71142, 1
650, 109433411, 109433411
999999, 71142, 257
334, 8475460, 8475460
172, 42128196, 8475460
650, 109433668, 109433668
999999, 71119, 1
334, 8475461, 8475461
171, 42128197, 8475461
650, 109433669, 109433669
999999, 71165, 100
650, 109433769, 109433769
999999, 71066, 226
650, 109433995, 109433995
167, 109696907, 109433995
999999, 71138, 61
650, 109434056, 109434056
999999, 71416, 1
650, 109434057, 109434057
999999, 71671, 298
999999, 71374, 14
339, 8476161, 8476161
165, 8577281, 8476161
177, 9295233, 8476161
163, 42230017, 8476161
650, 109434369, 109434369
999999, 71455, 319
339, 8476480, 8476480
165, 8577600, 8476480
177, 9295552, 8476480
163, 42230336, 8476480
650, 109434688, 109434688
999999, 71137, 1
339, 8476481, 8476481
165, 8577601, 8476481
177, 9295553, 8476481
163, 42230337, 8476481
650, 109434689, 109434689
999999, 71326, 255
339, 8476736, 8476736
168, 8638528, 8476736
650, 109434944, 109434944
999999, 71127, 1
339, 8476737, 8476737
167, 8638529, 8476737
650, 109434945, 109434945
999999, 71387, 95
339, 8476832, 8476832
166, 8577952, 8476832
166, 8638624, 8476832
176, 9295904, 8476832
175, 9346464, 8476832
174, 42129568, 8476832
164, 42230688, 8476832
162, 42493600, 8476832
650, 109435040, 109435040
172, 109697952, 109435040
999999, 71293, 1
339, 8476833, 8476833
165, 8577953, 8476833
165, 8638625, 8476833
175, 9295905, 8476833
174, 9346465, 8476833
173, 42129569, 8476833
163, 42230689, 8476833
650, 109435041, 109435041
171, 109697953, 109435041
999999, 71333, 189
339, 8477022, 8477022
164, 8578142, 8477022
164, 8638814, 8477022
174, 9296094, 8477022
173, 9346654, 8477022
172, 42129758, 8477022
162, 42230878, 8477022
650, 109435230, 109435230
170, 109698142, 109435230
999999, 71145, 1
339, 8477023, 8477023
163, 8578143, 8477023
163, 8638815, 8477023
173, 9296095, 8477023
173, 9346655, 8477023
172, 42129759, 8477023
650, 109435231, 109435231
169, 109698143, 109435231
999999, 71515, 95
999999, 71421, 1
339, 8477119, 8477119
171, 9296191, 8477119
172, 9346751, 8477119
650, 109435327, 109435327
999999, 71671, 269
170, 9296460, 9296460
650, 109435596, 109435596
999999, 71403, 270
340, 8477658, 8477658
650, 109435866, 109435866
168, 109698778, 109435866
999999, 71192, 1
340, 8477659, 8477659
650, 109435867, 109435867
167, 109698779, 109435867
999999, 71192, 97
650, 109435964, 109435964
166, 109698876, 109435964
999999, 71322, 1
650, 109435965, 109435965
165, 109698877, 109435965
999999, 71387, 253
342, 8478010, 8478010
174, 9297082, 8478010
175, 42130746, 8478010
650, 109436218, 109436218
999999, 71135, 62
173, 9297144, 9297144
650, 109436280, 109436280
999999, 71316, 228
650, 109436508, 109436508
999999, 71196, 1
650, 109436509, 109436509
999999, 71415, 45
650, 109436554, 109436554
999999, 71371, 348
650, 109436902, 109436902
999999, 71108, 1
650, 109436903, 109436903
999999, 71324, 263
650, 109437166, 109437166
999999, 71122, 1
650, 109437167, 109437167
999999, 71122, 34
650, 109437201, 109437201
999999, 71405, 289
