777777, 700, 3000
185, 75514622, 75514622
287, 75676414, 75676414
700, 109329150, 109329150
999999, 76442, 208
700, 109329358, 109329358
999999, 76235, 1
700, 109329359, 109329359
999999, 76525, 61
700, 109329420, 109329420
999999, 76465, 1
700, 109329421, 109329421
999999, 76785, 269
291, 75676954, 75676954
700, 109329690, 109329690
999999, 76517, 1
290, 75676955, 75676955
700, 109329691, 109329691
999999, 76529, 317
289, 75677272, 75677272
700, 109330008, 109330008
999999, 76213, 1
289, 75677273, 75677273
700, 109330009, 109330009
999999, 76461, 96
289, 75677369, 75677369
700, 109330105, 109330105
999999, 76366, 227
176, 9181084, 9181084
288, 75677596, 75677596
700, 109330332, 109330332
999999, 76204, 1
175, 9181085, 9181085
287, 75677597, 75677597
700, 109330333, 109330333
999999, 76204, 95
287, 75677692, 75677692
700, 109330428, 109330428
999999, 76416, 1
287, 75677693, 75677693
700, 109330429, 109330429
999999, 76416, 201
999999, 76220, 1
287, 75677895, 75677895
700, 109330631, 109330631
999999, 76220, 101
186, 75516204, 75516204
700, 109330732, 109330732
999999, 76422, 1
185, 75516205, 75516205
700, 109330733, 109330733
999999, 76422, 231
700, 109330964, 109330964
999999, 76238, 1
700, 109330965, 109330965
999999, 76238, 99
288, 75678328, 75678328
700, 109331064, 109331064
999999, 76374, 1
287, 75678329, 75678329
700, 109331065, 109331065
999999, 76374, 203
287, 75678532, 75678532
700, 109331268, 109331268
999999, 76278, 1
286, 75678533, 75678533
700, 109331269, 109331269
999999, 76529, 93
286, 75678626, 75678626
700, 109331362, 109331362
999999, 76450, 284
183, 9182398, 9182398
286, 75678910, 75678910
700, 109331646, 109331646
999999, 76167, 1
182, 9182399, 9182399
285, 75678911, 75678911
700, 109331647, 109331647
999999, 76471, 55
700, 109331702, 109331702
999999, 76417, 1
700, 109331703, 109331703
999999, 76433, 262
284, 75679229, 75679229
700, 109331965, 109331965
999999, 76172, 45
177, 9192874, 9192874
700, 109332010, 109332010
999999, 76390, 1
176, 9192875, 9192875
700, 109332011, 109332011
999999, 76485, 238
175, 9193113, 9193113
283, 75679513, 75679513
700, 109332249, 109332249
999999, 76476, 81
700, 109332330, 109332330
999999, 76476, 1
700, 109332331, 109332331
999999, 76476, 278
181, 9183361, 9183361
284, 75679873, 75679873
700, 109332609, 109332609
999999, 76460, 265
700, 109332874, 109332874
999999, 76262, 1
700, 109332875, 109332875
999999, 76473, 61
700, 109332936, 109332936
999999, 76506, 301
700, 109333237, 109333237
999999, 76206, 311
700, 109333548, 109333548
999999, 76152, 54
182, 9184354, 9184354
288, 75680866, 75680866
700, 109333602, 109333602
999999, 76158, 262
188, 75519336, 75519336
700, 109333864, 109333864
999999, 75897, 1
188, 75519337, 75519337
700, 109333865, 109333865
999999, 76085, 55
175, 8416160, 8416160
184, 9184672, 9184672
181, 9194784, 9184672
187, 42675616, 42675616
188, 75519392, 75519392
290, 75681184, 75681184
700, 109333920, 109333920
999999, 76031, 1
183, 9184673, 9184673
180, 9194785, 9184673
186, 42675617, 42675617
187, 75519393, 75519393
289, 75681185, 75681185
700, 109333921, 109333921
999999, 76085, 189
182, 9184862, 9184862
180, 9194974, 9184862
185, 42675806, 42675806
187, 75519582, 75519582
289, 75681374, 75681374
700, 109334110, 109334110
999999, 76192, 48
179, 9195022, 9195022
700, 109334158, 109334158
999999, 76206, 1
178, 9195023, 9195023
700, 109334159, 109334159
999999, 76206, 303
183, 9185214, 9185214
177, 9195326, 9185214
290, 75681726, 75681726
700, 109334462, 109334462
999999, 76216, 15
176, 9195341, 9195341
700, 109334477, 109334477
999999, 76202, 272
175, 9195613, 9195613
290, 75682013, 75682013
700, 109334749, 109334749
999999, 76155, 54
186, 75520275, 75520275
700, 109334803, 109334803
999999, 76102, 257
700, 109335060, 109335060
999999, 75892, 96
700, 109335156, 109335156
999999, 75797, 230
185, 75520858, 75520858
290, 75682650, 75682650
700, 109335386, 109335386
999999, 75890, 1
184, 75520859, 75520859
289, 75682651, 75682651
700, 109335387, 109335387
999999, 76187, 98
288, 75682749, 75682749
700, 109335485, 109335485
999999, 76090, 262
288, 75683011, 75683011
700, 109335747, 109335747
999999, 75839, 265
700, 109336012, 109336012
999999, 75575, 1
700, 109336013, 109336013
999999, 75886, 101
700, 109336114, 109336114
999999, 75798, 1
700, 109336115, 109336115
999999, 76095, 207
289, 75683586, 75683586
700, 109336322, 109336322
999999, 75889, 1
289, 75683587, 75683587
700, 109336323, 109336323
999999, 75937, 95
289, 75683682, 75683682
700, 109336418, 109336418
999999, 75843, 1
289, 75683683, 75683683
700, 109336419, 109336419
999999, 76076, 296
700, 109336715, 109336715
999999, 75835, 292
700, 109337007, 109337007
999999, 75544, 20
190, 9187779, 9187779
288, 75684291, 75684291
700, 109337027, 109337027
999999, 75785, 277
287, 75684568, 75684568
700, 109337304, 109337304
999999, 75509, 1
376, 26499831, 26499831
999999, 75601, 44
287, 75684613, 75684613
700, 109337349, 109337349
999999, 75558, 307
286, 75684920, 75684920
700, 109337656, 109337656
999999, 75524, 1
285, 75684921, 75684921
700, 109337657, 109337657
999999, 75524, 55
700, 109337712, 109337712
999999, 75514, 1
700, 109337713, 109337713
999999, 75514, 219
700, 109337932, 109337932
999999, 75558, 1
700, 109337933, 109337933
999999, 75558, 55
286, 75685252, 75685252
700, 109337988, 109337988
999999, 75552, 1
285, 75685253, 75685253
700, 109337989, 109337989
999999, 75817, 303
700, 109338292, 109338292
999999, 75515, 1
700, 109338293, 109338293
999999, 75575, 319
700, 109338612, 109338612
999999, 75257, 1
700, 109338613, 109338613
999999, 75484, 47
184, 75524132, 75524132
284, 75685924, 75685924
700, 109338660, 109338660
999999, 75524, 1
184, 75524133, 75524133
283, 75685925, 75685925
700, 109338661, 109338661
999999, 75524, 253
178, 8421154, 8421154
180, 9199778, 9199778
181, 42073890, 42073890
282, 75686178, 75686178
700, 109338914, 109338914
999999, 75494, 62
177, 8421216, 8421216
189, 9189728, 9189728
179, 9199840, 9189728
180, 42073952, 9189728
198, 42680672, 42680672
185, 75524448, 42680672
281, 75686240, 75686240
700, 109338976, 109338976
999999, 75433, 1
176, 8421217, 8421217
188, 9189729, 9189729
178, 9199841, 9189729
179, 42073953, 9189729
197, 42680673, 42680673
184, 75524449, 42680673
280, 75686241, 75686241
700, 109338977, 109338977
999999, 75783, 189
175, 8421406, 8421406
187, 9189918, 9189918
177, 9200030, 9189918
178, 42074142, 9189918
196, 42680862, 42680862
183, 75524638, 42680862
279, 75686430, 75686430
700, 109339166, 109339166
999999, 75595, 56
175, 8421462, 8421462
196, 42680918, 42680918
700, 109339222, 109339222
999999, 75594, 296
999999, 75299, 1
177, 9200383, 9200383
183, 75524991, 75524991
279, 75686783, 75686783
700, 109339519, 109339519
999999, 75548, 7
279, 75686790, 75686790
700, 109339526, 109339526
999999, 75784, 278
177, 9200668, 9200668
179, 42074780, 42074780
278, 75687068, 75687068
700, 109339804, 109339804
999999, 75580, 1
176, 9200669, 9200669
178, 42074781, 42074781
277, 75687069, 75687069
700, 109339805, 109339805
999999, 75580, 94
182, 75525371, 75525371
276, 75687163, 75687163
700, 109339899, 109339899
999999, 75779, 209
176, 9200972, 9200972
700, 109340108, 109340108
999999, 75593, 1
175, 9200973, 9200973
700, 109340109, 109340109
999999, 75881, 67
700, 109340176, 109340176
999999, 75815, 358
700, 109340534, 109340534
999999, 75516, 1
700, 109340535, 109340535
999999, 75516, 281
700, 109340816, 109340816
999999, 75468, 298
277, 75688378, 75688378
700, 109341114, 109341114
999999, 75264, 1
277, 75688379, 75688379
700, 109341115, 109341115
999999, 75264, 21
700, 109341136, 109341136
999999, 75458, 290
700, 109341426, 109341426
999999, 75270, 1
700, 109341427, 109341427
999999, 75270, 49
179, 8423716, 8423716
178, 42076452, 8423716
276, 75688740, 75688740
700, 109341476, 109341476
999999, 75438, 1
179, 8423717, 8423717
177, 42076453, 8423717
275, 75688741, 75688741
700, 109341477, 109341477
999999, 75528, 241
176, 42076694, 42076694
196, 42683414, 42683414
700, 109341718, 109341718
999999, 75554, 1
175, 42076695, 42076695
195, 42683415, 42683415
700, 109341719, 109341719
999999, 75554, 95
700, 109341814, 109341814
999999, 75506, 226
274, 75689304, 75689304
700, 109342040, 109342040
999999, 75281, 1
273, 75689305, 75689305
700, 109342041, 109342041
999999, 75521, 77
272, 75689382, 75689382
700, 109342118, 109342118
999999, 75445, 1
271, 75689383, 75689383
700, 109342119, 109342119
999999, 75493, 278
270, 75689661, 75689661
700, 109342397, 109342397
999999, 75216, 45
182, 8424682, 8424682
700, 109342442, 109342442
999999, 75424, 1
181, 8424683, 8424683
700, 109342443, 109342443
999999, 75424, 265
181, 8424948, 8424948
700, 109342708, 109342708
999999, 75256, 52
196, 42684456, 42684456
700, 109342760, 109342760
999999, 75205, 236
700, 109342996, 109342996
999999, 75201, 60
700, 109343056, 109343056
999999, 75222, 1
700, 109343057, 109343057
999999, 75222, 281
700, 109343338, 109343338
999999, 75162, 22
185, 75528832, 75528832
272, 75690624, 75690624
700, 109343360, 109343360
999999, 75141, 1
184, 75528833, 75528833
271, 75690625, 75690625
700, 109343361, 109343361
999999, 75473, 311
270, 75690936, 75690936
700, 109343672, 109343672
999999, 75163, 8
183, 75529152, 75529152
269, 75690944, 75690944
700, 109343680, 109343680
999999, 75250, 1
182, 75529153, 75529153
268, 75690945, 75690945
700, 109343681, 109343681
999999, 75250, 256
181, 75529409, 75529409
267, 75691201, 75691201
700, 109343937, 109343937
999999, 75238, 285
182, 8426462, 8426462
200, 9194974, 9194974
195, 42685918, 9194974
180, 75529694, 9194974
266, 75691486, 75691486
700, 109344222, 109344222
999999, 75018, 1
181, 8426463, 8426463
199, 9194975, 9194975
194, 42685919, 9194975
179, 75529695, 9194975
265, 75691487, 75691487
700, 109344223, 109344223
999999, 75272, 55
193, 42685974, 42685974
700, 109344278, 109344278
999999, 75283, 1
192, 42685975, 42685975
700, 109344279, 109344279
999999, 75531, 247
700, 109344526, 109344526
999999, 75285, 1
700, 109344527, 109344527
999999, 75535, 67
700, 109344594, 109344594
999999, 75529, 1
700, 109344595, 109344595
999999, 75820, 265
202, 9195612, 9195612
265, 75692124, 75692124
700, 109344860, 109344860
175, 109992028, 109344860
999999, 75566, 1
202, 9195613, 9195613
264, 75692125, 75692125
700, 109344861, 109344861
175, 109992029, 109344861
999999, 75566, 93
264, 75692218, 75692218
700, 109344954, 109344954
999999, 75733, 1
263, 75692219, 75692219
700, 109344955, 109344955
999999, 75835, 251
700, 109345206, 109345206
999999, 75585, 1
700, 109345207, 109345207
999999, 75795, 287
194, 42687190, 42687190
700, 109345494, 109345494
999999, 75509, 1
193, 42687191, 42687191
700, 109345495, 109345495
999999, 75605, 51
700, 109345546, 109345546
999999, 75555, 258
700, 109345804, 109345804
999999, 75530, 94
183, 8428138, 8428138
700, 109345898, 109345898
999999, 75437, 1
182, 8428139, 8428139
700, 109345899, 109345899
999999, 75497, 334
264, 75693497, 75693497
700, 109346233, 109346233
999999, 75164, 215
181, 8428688, 8428688
700, 109346448, 109346448
999999, 75204, 1
180, 8428689, 8428689
700, 109346449, 109346449
999999, 75204, 47
179, 8428736, 8428736
266, 75693760, 75693760
700, 109346496, 109346496
999999, 75242, 1
178, 8428737, 8428737
266, 75693761, 75693761
700, 109346497, 109346497
999999, 75242, 317
177, 8429054, 8429054
265, 75694078, 75694078
700, 109346814, 109346814
999999, 75192, 1
999999, 75192, 315
192, 42688826, 42688826
264, 75694394, 75694394
700, 109347130, 109347130
999999, 74928, 22
201, 9197904, 9197904
700, 109347152, 109347152
999999, 74907, 1
200, 9197905, 9197905
700, 109347153, 109347153
999999, 75170, 297
176, 8429690, 8429690
192, 42689146, 42689146
264, 75694714, 75694714
700, 109347450, 109347450
999999, 74886, 10
176, 8429700, 8429700
191, 42689156, 42689156
263, 75694724, 75694724
700, 109347460, 109347460
999999, 74877, 1
176, 8429701, 8429701
190, 42689157, 42689157
262, 75694725, 75694725
700, 109347461, 109347461
999999, 75159, 351
176, 8430052, 8430052
191, 75533284, 75533284
700, 109347812, 109347812
999999, 74809, 267
199, 9198831, 9198831
700, 109348079, 109348079
999999, 74597, 25
198, 9198856, 9198856
700, 109348104, 109348104
999999, 74573, 1
197, 9198857, 9198857
700, 109348105, 109348105
999999, 74853, 347
175, 8430692, 8430692
190, 75533924, 75533924
700, 109348452, 109348452
999999, 74540, 1
189, 75533925, 75533925
700, 109348453, 109348453
999999, 74540, 283
196, 9199488, 9199488
700, 109348736, 109348736
999999, 74502, 297
999999, 74313, 55
193, 26511615, 26511615
999999, 74259, 1
194, 9199841, 9199841
190, 42690785, 9199841
187, 75534561, 9199841
263, 75696353, 75696353
700, 109349089, 109349089
175, 109996257, 109349089
999999, 74467, 189
193, 9200030, 9200030
189, 42690974, 9200030
186, 75534750, 9200030
263, 75696542, 75696542
700, 109349278, 109349278
999999, 74279, 1
192, 9200031, 9200031
188, 42690975, 9200031
185, 75534751, 9200031
262, 75696543, 75696543
700, 109349279, 109349279
999999, 74373, 55
700, 109349334, 109349334
999999, 74319, 1
700, 109349335, 109349335
999999, 74595, 261
263, 75696860, 75696860
700, 109349596, 109349596
999999, 74335, 83
700, 109349679, 109349679
999999, 74517, 232
700, 109349911, 109349911
999999, 74385, 65
700, 109349976, 109349976
999999, 74574, 1
700, 109349977, 109349977
999999, 74574, 238
263, 75697479, 75697479
700, 109350215, 109350215
999999, 74401, 62
187, 42691973, 42691973
262, 75697541, 75697541
700, 109350277, 109350277
999999, 74340, 265
191, 9201294, 9201294
700, 109350542, 109350542
999999, 74290, 96
700, 109350638, 109350638
999999, 74195, 1
700, 109350639, 109350639
999999, 74290, 227
188, 75536338, 75536338
700, 109350866, 109350866
999999, 74252, 48
700, 109350914, 109350914
999999, 74267, 1
700, 109350915, 109350915
999999, 74520, 265
700, 109351180, 109351180
999999, 74304, 1
700, 109351181, 109351181
999999, 74304, 93
700, 109351274, 109351274
999999, 74477, 1
700, 109351275, 109351275
999999, 74563, 229
700, 109351504, 109351504
999999, 74335, 1
700, 109351505, 109351505
999999, 74601, 83
188, 75537060, 75537060
700, 109351588, 109351588
999999, 74566, 1
187, 75537061, 75537061
700, 109351589, 109351589
999999, 74566, 245
186, 75537306, 75537306
700, 109351834, 109351834
999999, 74560, 1
185, 75537307, 75537307
700, 109351835, 109351835
999999, 74609, 47
700, 109351882, 109351882
999999, 74824, 1
700, 109351883, 109351883
999999, 74824, 255
700, 109352138, 109352138
999999, 74895, 106
700, 109352244, 109352244
999999, 74866, 1
700, 109352245, 109352245
999999, 74866, 261
191, 42694202, 42694202
267, 75699770, 75699770
700, 109352506, 109352506
999999, 74826, 44
700, 109352550, 109352550
999999, 74783, 1
700, 109352551, 109352551
999999, 74841, 267
700, 109352818, 109352818
999999, 74575, 1
700, 109352819, 109352819
999999, 74891, 53
196, 9203624, 9203624
187, 75538344, 9203624
700, 109352872, 109352872
999999, 74839, 1
195, 9203625, 9203625
187, 75538345, 9203625
700, 109352873, 109352873
999999, 74851, 261
175, 9213998, 9213998
187, 75538606, 75538606
700, 109353134, 109353134
999999, 74591, 1
186, 75538607, 75538607
700, 109353135, 109353135
999999, 74853, 59
700, 109353194, 109353194
999999, 74876, 1
999999, 75113, 265
999999, 74935, 1
700, 109353461, 109353461
999999, 75191, 45
175, 9214370, 9214370
186, 75538978, 75538978
270, 75700770, 75700770
700, 109353506, 109353506
999999, 75147, 1
185, 75538979, 75538979
269, 75700771, 75700771
700, 109353507, 109353507
999999, 75205, 237
184, 75539216, 75539216
700, 109353744, 109353744
999999, 74969, 82
183, 75539298, 75539298
268, 75701090, 75701090
700, 109353826, 109353826
999999, 75113, 1
182, 75539299, 75539299
267, 75701091, 75701091
700, 109353827, 109353827
999999, 75216, 255
181, 75539554, 75539554
266, 75701346, 75701346
700, 109354082, 109354082
999999, 75204, 1
181, 75539555, 75539555
265, 75701347, 75701347
700, 109354083, 109354083
999999, 75229, 61
195, 9204896, 9204896
192, 42695840, 9204896
180, 75539616, 9204896
264, 75701408, 75701408
700, 109354144, 109354144
182, 110001312, 109354144
999999, 75463, 1
195, 9204897, 9204897
191, 42695841, 9204897
179, 75539617, 9204897
264, 75701409, 75701409
700, 109354145, 109354145
181, 110001313, 109354145
999999, 75536, 189
195, 9205086, 9205086
190, 42696030, 9205086
178, 75539806, 9205086
263, 75701598, 75701598
700, 109354334, 109354334
180, 110001502, 109354334
999999, 75589, 1
195, 9205087, 9205087
190, 42696031, 9205087
178, 75539807, 9205087
263, 75701599, 75701599
700, 109354335, 109354335
180, 110001503, 109354335
999999, 75649, 61
178, 75539868, 75539868
263, 75701660, 75701660
700, 109354396, 109354396
999999, 75589, 1
178, 75539869, 75539869
263, 75701661, 75701661
700, 109354397, 109354397
999999, 75778, 249
700, 109354646, 109354646
999999, 75590, 1
700, 109354647, 109354647
999999, 75590, 99
191, 42696442, 42696442
262, 75702010, 75702010
700, 109354746, 109354746
999999, 75741, 1
190, 42696443, 42696443
261, 75702011, 75702011
700, 109354747, 109354747
999999, 75791, 211
198, 9205710, 9205710
700, 109354958, 109354958
181, 110002126, 109354958
999999, 75581, 1
197, 9205711, 9205711
700, 109354959, 109354959
180, 110002127, 109354959
999999, 75853, 55
260, 75702278, 75702278
700, 109355014, 109355014
999999, 75799, 297
700, 109355311, 109355311
999999, 75592, 55
700, 109355366, 109355366
999999, 75763, 240
196, 9206358, 9206358
179, 75541078, 9206358
700, 109355606, 109355606
999999, 75578, 1
195, 9206359, 9206359
178, 75541079, 9206359
700, 109355607, 109355607
999999, 75844, 102
700, 109355709, 109355709
999999, 75790, 253
259, 75703226, 75703226
700, 109355962, 109355962
999999, 75842, 1
258, 75703227, 75703227
700, 109355963, 109355963
999999, 75842, 319
257, 75703546, 75703546
700, 109356282, 109356282
999999, 75570, 10
256, 75703556, 75703556
700, 109356292, 109356292
999999, 75561, 1
255, 75703557, 75703557
700, 109356293, 109356293
999999, 75777, 254
700, 109356547, 109356547
999999, 75524, 61
700, 109356608, 109356608
182, 110003776, 109356608
999999, 75528, 1
700, 109356609, 109356609
181, 110003777, 109356609
999999, 75528, 281
179, 75542362, 75542362
700, 109356890, 109356890
999999, 75546, 50
700, 109356940, 109356940
999999, 75497, 1
700, 109356941, 109356941
999999, 75541, 301
254, 75704506, 75704506
700, 109357242, 109357242
999999, 75241, 1
999999, 75489, 43
700, 109357286, 109357286
999999, 75447, 1
700, 109357287, 109357287
999999, 75493, 278
999999, 75216, 47
198, 9208364, 9208364
178, 75543084, 9208364
700, 109357612, 109357612
999999, 75437, 1
198, 9208365, 9208365
177, 75543085, 9208365
700, 109357613, 109357613
999999, 75743, 219
700, 109357832, 109357832
999999, 75525, 1
700, 109357833, 109357833
999999, 75577, 95
700, 109357928, 109357928
999999, 75483, 1
700, 109357929, 109357929
999999, 75739, 275
700, 109358204, 109358204
999999, 75465, 1
700, 109358205, 109358205
999999, 75564, 47
198, 9209004, 9209004
177, 75543724, 9209004
700, 109358252, 109358252
999999, 75743, 1
197, 9209005, 9209005
177, 75543725, 9209005
700, 109358253, 109358253
999999, 75803, 309
254, 75705826, 75705826
700, 109358562, 109358562
999999, 75495, 320
253, 75706146, 75706146
700, 109358882, 109358882
999999, 75473, 258
197, 9209892, 9209892
178, 75544612, 9209892
700, 109359140, 109359140
999999, 75229, 1
196, 9209893, 9209893
178, 75544613, 9209893
700, 109359141, 109359141
999999, 75547, 249
195, 9210142, 9210142
189, 42701086, 9210142
178, 75544862, 9210142
252, 75706654, 75706654
700, 109359390, 109359390
184, 110006558, 109359390
999999, 75299, 60
195, 9210202, 9210202
177, 75544922, 9210202
700, 109359450, 109359450
999999, 75494, 1
195, 9210203, 9210203
176, 75544923, 9210203
700, 109359451, 109359451
999999, 75494, 244
189, 42701391, 42701391
700, 109359695, 109359695
999999, 75345, 69
700, 109359764, 109359764
999999, 75277, 1
700, 109359765, 109359765
999999, 75465, 249
191, 42701710, 42701710
700, 109360014, 109360014
999999, 75217, 110
700, 109360124, 109360124
999999, 75202, 1
700, 109360125, 109360125
999999, 75202, 214
201, 9211091, 9211091
179, 75545811, 9211091
700, 109360339, 109360339
999999, 75257, 87
700, 109360426, 109360426
999999, 75440, 1
700, 109360427, 109360427
999999, 75440, 290
700, 109360717, 109360717
999999, 75247, 253
700, 109360970, 109360970
999999, 74995, 106
700, 109361076, 109361076
999999, 75142, 1
700, 109361077, 109361077
999999, 75203, 215
178, 75546764, 75546764
700, 109361292, 109361292
999999, 75216, 1
177, 75546765, 75546765
700, 109361293, 109361293
999999, 75216, 67
176, 75546832, 75546832
700, 109361360, 109361360
999999, 75194, 1
176, 75546833, 75546833
700, 109361361, 109361361
999999, 75541, 243
256, 75708868, 75708868
700, 109361604, 109361604
999999, 75299, 1
255, 75708869, 75708869
700, 109361605, 109361605
999999, 75561, 338
700, 109361943, 109361943
999999, 75224, 96
700, 109362039, 109362039
999999, 75162, 226
700, 109362265, 109362265
999999, 75225, 77
700, 109362342, 109362342
999999, 75210, 1
700, 109362343, 109362343
999999, 75479, 276
255, 75709883, 75709883
700, 109362619, 109362619
999999, 75204, 49
200, 9213420, 9213420
184, 75548140, 9213420
700, 109362668, 109362668
999999, 75177, 1
199, 9213421, 9213421
184, 75548141, 9213421
700, 109362669, 109362669
999999, 75472, 213
184, 75548354, 75548354
700, 109362882, 109362882
999999, 75279, 110
191, 42704688, 42704688
184, 75548464, 42704688
700, 109362992, 109362992
999999, 75420, 1
999999, 75420, 254
198, 9213999, 9213999
700, 109363247, 109363247
999999, 75221, 329
197, 9214328, 9214328
257, 75710840, 75710840
700, 109363576, 109363576
999999, 74893, 1
196, 9214329, 9214329
256, 75710841, 75710841
700, 109363577, 109363577
999999, 75182, 41
195, 9214370, 9214370
255, 75710882, 75710882
700, 109363618, 109363618
999999, 75202, 1
194, 9214371, 9214371
254, 75710883, 75710883
700, 109363619, 109363619
999999, 75202, 225
193, 9214596, 9214596
253, 75711108, 75711108
700, 109363844, 109363844
999999, 75208, 94
192, 9214690, 9214690
252, 75711202, 75711202
700, 109363938, 109363938
999999, 75115, 1
999999, 75170, 222
190, 9214913, 9214913
700, 109364161, 109364161
999999, 75244, 95
189, 9215008, 9215008
189, 42705952, 42705952
191, 75549728, 75549728
251, 75711520, 75711520
700, 109364256, 109364256
196, 110011424, 109364256
999999, 75202, 1
188, 9215009, 9215009
188, 42705953, 42705953
191, 75549729, 75549729
250, 75711521, 75711521
700, 109364257, 109364257
195, 110011425, 109364257
999999, 75202, 190
187, 9215199, 9215199
187, 42706143, 42706143
191, 75549919, 75549919
249, 75711711, 75711711
700, 109364447, 109364447
194, 110011615, 109364447
999999, 75285, 61
186, 9215260, 9215260
248, 75711772, 75711772
700, 109364508, 109364508
999999, 75225, 1
185, 9215261, 9215261
247, 75711773, 75711773
700, 109364509, 109364509
999999, 75269, 254
184, 9215515, 9215515
193, 75550235, 75550235
700, 109364763, 109364763
999999, 75016, 91
183, 9215606, 9215606
700, 109364854, 109364854
999999, 75182, 320
182, 9215926, 9215926
700, 109365174, 109365174
999999, 74863, 1
999999, 74921, 225
700, 109365400, 109365400
999999, 74697, 1
700, 109365401, 109365401
999999, 74885, 55
700, 109365456, 109365456
999999, 74831, 1
700, 109365457, 109365457
999999, 74889, 265
700, 109365722, 109365722
999999, 74876, 44
250, 75713030, 75713030
700, 109365766, 109365766
999999, 74920, 1
249, 75713031, 75713031
700, 109365767, 109365767
999999, 74920, 304
700, 109366071, 109366071
999999, 74847, 13
248, 75713348, 75713348
700, 109366084, 109366084
999999, 74835, 1
247, 75713349, 75713349
700, 109366085, 109366085
999999, 74887, 261
700, 109366346, 109366346
999999, 74627, 1
700, 109366347, 109366347
999999, 74887, 106
700, 109366453, 109366453
999999, 74869, 253
184, 9217458, 9217458
700, 109366706, 109366706
999999, 74893, 63
700, 109366769, 109366769
999999, 74891, 235
248, 75714268, 75714268
700, 109367004, 109367004
999999, 74911, 1
248, 75714269, 75714269
700, 109367005, 109367005
999999, 74919, 45
700, 109367050, 109367050
999999, 75172, 1
700, 109367051, 109367051
999999, 75172, 251
247, 75714566, 75714566
700, 109367302, 109367302
999999, 74940, 1
246, 75714567, 75714567
700, 109367303, 109367303
999999, 74940, 319
245, 75714886, 75714886
700, 109367622, 109367622
999999, 74912, 114
244, 75715000, 75715000
700, 109367736, 109367736
999999, 74799, 1
244, 75715001, 75715001
700, 109367737, 109367737
999999, 74871, 215
700, 109367952, 109367952
999999, 74657, 1
700, 109367953, 109367953
999999, 74886, 95
700, 109368048, 109368048
999999, 74853, 1
700, 109368049, 109368049
999999, 75111, 225
183, 9219026, 9219026
217, 75553746, 75553746
700, 109368274, 109368274
999999, 74964, 1
182, 9219027, 9219027
216, 75553747, 75553747
700, 109368275, 109368275
999999, 74964, 89
181, 9219116, 9219116
215, 75553836, 75553836
700, 109368364, 109368364
999999, 75102, 1
180, 9219117, 9219117
214, 75553837, 75553837
700, 109368365, 109368365
999999, 75102, 249
700, 109368614, 109368614
999999, 75212, 1
700, 109368615, 109368615
999999, 75225, 285
181, 9219652, 9219652
245, 75716164, 75716164
700, 109368900, 109368900
999999, 74941, 1
180, 9219653, 9219653
244, 75716165, 75716165
700, 109368901, 109368901
999999, 75207, 99
179, 9219752, 9219752
213, 75554472, 75554472
700, 109369000, 109369000
999999, 75109, 216
178, 9219968, 9219968
700, 109369216, 109369216
999999, 74952, 1
177, 9219969, 9219969
700, 109369217, 109369217
999999, 74952, 95
176, 9220064, 9220064
192, 42711008, 42711008
212, 75554784, 75554784
243, 75716576, 75716576
700, 109369312, 109369312
200, 110016480, 109369312
999999, 75142, 1
175, 9220065, 9220065
191, 42711009, 42711009
211, 75554785, 75554785
242, 75716577, 75716577
700, 109369313, 109369313
199, 110016481, 109369313
999999, 75479, 189
175, 9220254, 9220254
190, 42711198, 42711198
210, 75554974, 75554974
241, 75716766, 75716766
700, 109369502, 109369502
199, 110016670, 109369502
999999, 75299, 1
190, 42711199, 42711199
209, 75554975, 75554975
241, 75716767, 75716767
700, 109369503, 109369503
198, 110016671, 109369503
999999, 75602, 59
700, 109369562, 109369562
999999, 75590, 1
700, 109369563, 109369563
999999, 75590, 257
243, 75717084, 75717084
700, 109369820, 109369820
999999, 75522, 43
243, 75717127, 75717127
700, 109369863, 109369863
999999, 75480, 278
242, 75717405, 75717405
700, 109370141, 109370141
999999, 75264, 81
700, 109370222, 109370222
999999, 75436, 1
700, 109370223, 109370223
999999, 75479, 227
178, 9221202, 9221202
213, 75555922, 75555922
700, 109370450, 109370450
999999, 75253, 62
700, 109370512, 109370512
999999, 75502, 1
700, 109370513, 109370513
999999, 75502, 261
700, 109370774, 109370774
999999, 75249, 1
700, 109370775, 109370775
999999, 75522, 62
700, 109370837, 109370837
999999, 75507, 293
244, 75718394, 75718394
700, 109371130, 109371130
999999, 75215, 1
244, 75718395, 75718395
700, 109371131, 109371131
999999, 75487, 49
999999, 75439, 1
178, 9221933, 9221933
215, 75556653, 75556653
700, 109371181, 109371181
999999, 75481, 271
214, 75556924, 75556924
700, 109371452, 109371452
201, 110018620, 109371452
999999, 75211, 1
213, 75556925, 75556925
700, 109371453, 109371453
200, 110018621, 109371453
999999, 75505, 303
177, 9222508, 9222508
212, 75557228, 75557228
700, 109371756, 109371756
999999, 75203, 1
176, 9222509, 9222509
211, 75557229, 75557229
700, 109371757, 109371757
999999, 75223, 53
210, 75557282, 75557282
246, 75719074, 75719074
700, 109371810, 109371810
999999, 75171, 1
209, 75557283, 75557283
246, 75719075, 75719075
700, 109371811, 109371811
999999, 75479, 243
175, 9222806, 9222806
208, 75557526, 75557526
700, 109372054, 109372054
999999, 75237, 1
207, 75557527, 75557527
700, 109372055, 109372055
999999, 75245, 61
195, 42713812, 42713812
206, 75557588, 75557588
700, 109372116, 109372116
999999, 75185, 1
194, 42713813, 42713813
205, 75557589, 75557589
700, 109372117, 109372117
999999, 75437, 289
204, 75557878, 75557878
700, 109372406, 109372406
999999, 75211, 1
203, 75557879, 75557879
700, 109372407, 109372407
999999, 75494, 52
193, 42714155, 42714155
202, 75557931, 75557931
700, 109372459, 109372459
999999, 75535, 320
349, 109372778, 109372778
999999, 75431, 215
200, 75558466, 75558466
700, 109372994, 109372994
206, 110020162, 109372994
999999, 75217, 1
199, 75558467, 75558467
700, 109372995, 109372995
206, 110020163, 109372995
999999, 75265, 109
198, 75558576, 75558576
700, 109373104, 109373104
999999, 75157, 1
197, 75558577, 75558577
700, 109373105, 109373105
999999, 75425, 265
196, 75558842, 75558842
252, 75720634, 75720634
700, 109373370, 109373370
999999, 75161, 63
195, 75558905, 75558905
251, 75720697, 75720697
700, 109373433, 109373433
999999, 75187, 244
999999, 74944, 19
194, 75559168, 75559168
700, 109373696, 109373696
999999, 75144, 309
700, 109374005, 109374005
999999, 74931, 12
193, 75559489, 75559489
700, 109374017, 109374017
999999, 75145, 304
192, 75559793, 75559793
700, 109374321, 109374321
999999, 74842, 47
191, 42716064, 42716064
192, 75559840, 75559840
250, 75721632, 75721632
700, 109374368, 109374368
206, 110021536, 109374368
999999, 74899, 1
190, 42716065, 42716065
191, 75559841, 75559841
249, 75721633, 75721633
700, 109374369, 109374369
205, 110021537, 109374369
999999, 75156, 190
189, 42716255, 42716255
190, 75560031, 75560031
248, 75721823, 75721823
700, 109374559, 109374559
204, 110021727, 109374559
999999, 75289, 96
189, 75560127, 75560127
700, 109374655, 109374655
999999, 75194, 221
188, 75560348, 75560348
247, 75722140, 75722140
700, 109374876, 109374876
999999, 75014, 1
187, 75560349, 75560349
246, 75722141, 75722141
700, 109374877, 109374877
999999, 75014, 89
700, 109374966, 109374966
999999, 75186, 1
700, 109374967, 109374967
999999, 75186, 227
700, 109375194, 109375194
999999, 75014, 1
700, 109375195, 109375195
999999, 75014, 43
248, 75722502, 75722502
700, 109375238, 109375238
999999, 75160, 304
190, 75561014, 75561014
700, 109375542, 109375542
999999, 74857, 1
189, 75561015, 75561015
700, 109375543, 109375543
999999, 74903, 59
189, 75561074, 75561074
700, 109375602, 109375602
999999, 75112, 1
188, 75561075, 75561075
700, 109375603, 109375603
999999, 75170, 234
188, 75561309, 75561309
250, 75723101, 75723101
700, 109375837, 109375837
999999, 75197, 54
178, 9226643, 9226643
188, 75561363, 75561363
700, 109375891, 109375891
999999, 75144, 243
188, 75561606, 75561606
250, 75723398, 75723398
700, 109376134, 109376134
999999, 74992, 1
188, 75561607, 75561607
249, 75723399, 75723399
700, 109376135, 109376135
999999, 74992, 101
177, 9226988, 9226988
187, 75561708, 75561708
700, 109376236, 109376236
999999, 75104, 1
176, 9226989, 9226989
186, 75561709, 75561709
700, 109376237, 109376237
999999, 75104, 217
185, 75561926, 75561926
248, 75723718, 75723718
700, 109376454, 109376454
999999, 74947, 115
346, 109376568, 109376568
999999, 75167, 207
183, 75562248, 75562248
700, 109376776, 109376776
999999, 74961, 96
176, 9227624, 9227624
182, 75562344, 75562344
700, 109376872, 109376872
999999, 75102, 1
176, 9227625, 9227625
181, 75562345, 75562345
700, 109376873, 109376873
999999, 75102, 229
180, 75562574, 75562574
700, 109377102, 109377102
999999, 74980, 1
179, 75562575, 75562575
700, 109377103, 109377103
999999, 74980, 351
178, 75562926, 75562926
700, 109377454, 109377454
999999, 74892, 75
177, 75563001, 75563001
248, 75724793, 75724793
700, 109377529, 109377529
999999, 74818, 205
247, 75724998, 75724998
700, 109377734, 109377734
999999, 74663, 1
246, 75724999, 75724999
700, 109377735, 109377735
999999, 74923, 107
700, 109377842, 109377842
999999, 74817, 1
700, 109377843, 109377843
999999, 74830, 257
700, 109378100, 109378100
999999, 74843, 1
700, 109378101, 109378101
999999, 74937, 47
700, 109378148, 109378148
999999, 74891, 238
175, 9229138, 9229138
700, 109378386, 109378386
999999, 74872, 306
246, 75725956, 75725956
700, 109378692, 109378692
999999, 74567, 1
245, 75725957, 75725957
700, 109378693, 109378693
999999, 74675, 99
700, 109378792, 109378792
999999, 74896, 1
700, 109378793, 109378793
999999, 74896, 219
244, 75726276, 75726276
700, 109379012, 109379012
999999, 74926, 1
243, 75726277, 75726277
700, 109379013, 109379013
999999, 74926, 99
700, 109379112, 109379112
999999, 74841, 264
700, 109379376, 109379376
999999, 74856, 1
700, 109379377, 109379377
999999, 74856, 48
999999, 74856, 189
177, 9230366, 9230366
195, 42721310, 42721310
176, 75565086, 42721310
242, 75726878, 75726878
700, 109379614, 109379614
208, 110026782, 109379614
999999, 74958, 62
195, 42721372, 42721372
241, 75726940, 75726940
700, 109379676, 109379676
999999, 74950, 1
195, 42721373, 42721373
240, 75726941, 75726941
700, 109379677, 109379677
999999, 74950, 249
194, 42721622, 42721622
175, 75565398, 42721622
700, 109379926, 109379926
999999, 74974, 66
193, 42721688, 42721688
239, 75727256, 75727256
700, 109379992, 109379992
999999, 74909, 1
193, 42721689, 42721689
238, 75727257, 75727257
700, 109379993, 109379993
999999, 74953, 253
193, 42721942, 42721942
700, 109380246, 109380246
999999, 74701, 1
193, 42721943, 42721943
700, 109380247, 109380247
999999, 74969, 88
193, 42722031, 42722031
700, 109380335, 109380335
999999, 74882, 227
193, 42722258, 42722258
700, 109380562, 109380562
999999, 74703, 1
193, 42722259, 42722259
700, 109380563, 109380563
999999, 74891, 97
193, 42722356, 42722356
700, 109380660, 109380660
999999, 74856, 218
184, 9231630, 9231630
193, 42722574, 42722574
700, 109380878, 109380878
999999, 74639, 1
183, 9231631, 9231631
193, 42722575, 42722575
700, 109380879, 109380879
999999, 74879, 55
192, 42722630, 42722630
240, 75728198, 75728198
700, 109380934, 109380934
999999, 75156, 1
999999, 75156, 270
182, 9231957, 9231957
190, 42722901, 42722901
700, 109381205, 109381205
999999, 74977, 85
181, 9232042, 9232042
189, 42722986, 42722986
700, 109381290, 109381290
999999, 74893, 1
180, 9232043, 9232043
188, 42722987, 42722987
700, 109381291, 109381291
999999, 75118, 274
187, 42723261, 42723261
239, 75728829, 75728829
700, 109381565, 109381565
999999, 74899, 45
179, 9232362, 9232362
186, 42723306, 42723306
700, 109381610, 109381610
999999, 74855, 1
999999, 75155, 252
177, 9232615, 9232615
184, 42723559, 42723559
240, 75729127, 75729127
700, 109381863, 109381863
999999, 74904, 26
183, 42723585, 42723585
239, 75729153, 75729153
700, 109381889, 109381889
999999, 74897, 269
176, 9232910, 9232910
182, 42723854, 42723854
700, 109382158, 109382158
999999, 74877, 1
175, 9232911, 9232911
181, 42723855, 42723855
700, 109382159, 109382159
999999, 74973, 59
180, 42723914, 42723914
700, 109382218, 109382218
999999, 74915, 1
179, 42723915, 42723915
700, 109382219, 109382219
999999, 75135, 300
178, 42724215, 42724215
700, 109382519, 109382519
207, 110029687, 109382519
999999, 74836, 17
177, 42724232, 42724232
700, 109382536, 109382536
206, 110029704, 109382536
999999, 74874, 1
176, 42724233, 42724233
700, 109382537, 109382537
205, 110029705, 109382537
999999, 75165, 271
175, 42724504, 42724504
238, 75730072, 75730072
700, 109382808, 109382808
999999, 74895, 1
175, 42724505, 42724505
237, 75730073, 75730073
700, 109382809, 109382809
999999, 74953, 89
175, 42724594, 42724594
700, 109382898, 109382898
204, 110030066, 109382898
999999, 74865, 214
700, 109383112, 109383112
203, 110030280, 109383112
999999, 74934, 1
700, 109383113, 109383113
202, 110030281, 109383113
999999, 74945, 95
700, 109383208, 109383208
999999, 75154, 1
700, 109383209, 109383209
999999, 75154, 269
700, 109383478, 109383478
201, 110030646, 109383478
999999, 74892, 60
700, 109383538, 109383538
200, 110030706, 109383538
999999, 74833, 1
700, 109383539, 109383539
199, 110030707, 109383539
999999, 75097, 207
239, 75731010, 75731010
700, 109383746, 109383746
999999, 74891, 1
238, 75731011, 75731011
700, 109383747, 109383747
999999, 74958, 101
700, 109383848, 109383848
999999, 75152, 220
237, 75731332, 75731332
700, 109384068, 109384068
999999, 74933, 1
236, 75731333, 75731333
700, 109384069, 109384069
999999, 74979, 99
700, 109384168, 109384168
999999, 75117, 1
700, 109384169, 109384169
999999, 75163, 263
700, 109384432, 109384432
999999, 75250, 1
700, 109384433, 109384433
999999, 75250, 47
236, 75731744, 75731744
700, 109384480, 109384480
198, 110031648, 109384480
999999, 75468, 1
235, 75731745, 75731745
700, 109384481, 109384481
197, 110031649, 109384481
999999, 75468, 189
234, 75731934, 75731934
700, 109384670, 109384670
196, 110031838, 109384670
999999, 75332, 56
700, 109384726, 109384726
999999, 75277, 260
234, 75732250, 75732250
700, 109384986, 109384986
195, 110032154, 109384986
999999, 75238, 1
374, 26547513, 26547513
999999, 75238, 92
700, 109385079, 109385079
193, 110032247, 109385079
999999, 75241, 230
235, 75732573, 75732573
700, 109385309, 109385309
999999, 75201, 81
176, 9246254, 9246254
700, 109385390, 109385390
999999, 75176, 269
234, 75732923, 75732923
700, 109385659, 109385659
999999, 74908, 48
700, 109385707, 109385707
999999, 75163, 228
700, 109385935, 109385935
999999, 74936, 107
234, 75733306, 75733306
700, 109386042, 109386042
999999, 75104, 1
234, 75733307, 75733307
700, 109386043, 109386043
999999, 75104, 257
233, 75733564, 75733564
700, 109386300, 109386300
999999, 74945, 1
232, 75733565, 75733565
700, 109386301, 109386301
999999, 75149, 54
700, 109386355, 109386355
192, 110033523, 109386355
999999, 75096, 251
700, 109386606, 109386606
999999, 74906, 1
700, 109386607, 109386607
999999, 74906, 34
700, 109386641, 109386641
999999, 75182, 284
700, 109386925, 109386925
999999, 74959, 301
232, 75734490, 75734490
700, 109387226, 109387226
191, 110034394, 109387226
999999, 74659, 1
999999, 74865, 48
999999, 74818, 257
700, 109387532, 109387532
189, 110034700, 109387532
999999, 74662, 109
230, 75734905, 75734905
700, 109387641, 109387641
999999, 74554, 257
229, 75735162, 75735162
700, 109387898, 109387898
999999, 74512, 1
228, 75735163, 75735163
700, 109387899, 109387899
999999, 74512, 9
176, 9248772, 9248772
227, 75735172, 75735172
700, 109387908, 109387908
999999, 74606, 1
175, 9248773, 9248773
226, 75735173, 75735173
700, 109387909, 109387909
999999, 74606, 253
225, 75735426, 75735426
700, 109388162, 109388162
188, 110035330, 109388162
999999, 74574, 62
178, 75573696, 75573696
225, 75735488, 75735488
700, 109388224, 109388224
187, 110035392, 109388224
999999, 74596, 1
178, 75573697, 75573697
225, 75735489, 75735489
700, 109388225, 109388225
186, 110035393, 109388225
999999, 74596, 279
224, 75735768, 75735768
700, 109388504, 109388504
999999, 74558, 1
223, 75735769, 75735769
700, 109388505, 109388505
999999, 74558, 91
700, 109388596, 109388596
999999, 74562, 254
179, 75574322, 75574322
700, 109388850, 109388850
185, 110036018, 109388850
999999, 74309, 1
178, 75574323, 75574323
700, 109388851, 109388851
184, 110036019, 109388851
999999, 74533, 13
177, 75574336, 75574336
222, 75736128, 75736128
700, 109388864, 109388864
183, 110036032, 109388864
999999, 74823, 1
176, 75574337, 75574337
221, 75736129, 75736129
700, 109388865, 109388865
182, 110036033, 109388865
999999, 74895, 355
220, 75736484, 75736484
700, 109389220, 109389220
999999, 74541, 1
219, 75736485, 75736485
700, 109389221, 109389221
999999, 74818, 259
700, 109389480, 109389480
999999, 74618, 1
700, 109389481, 109389481
999999, 74863, 245
175, 9250590, 9250590
175, 75575198, 75575198
218, 75736990, 75736990
700, 109389726, 109389726
181, 110036894, 109389726
999999, 74674, 1
217, 75736991, 75736991
700, 109389727, 109389727
180, 110036895, 109389727
999999, 74674, 55
700, 109389782, 109389782
999999, 74910, 248
700, 109390030, 109390030
179, 110037198, 109390030
999999, 74663, 1
700, 109390031, 109390031
178, 110037199, 109390031
999999, 74945, 69
700, 109390100, 109390100
999999, 74877, 1
700, 109390101, 109390101
999999, 74957, 249
700, 109390350, 109390350
177, 110037518, 109390350
999999, 74970, 1
700, 109390351, 109390351
176, 110037519, 109390351
999999, 74970, 107
217, 75737722, 75737722
700, 109390458, 109390458
999999, 74918, 1
217, 75737723, 75737723
700, 109390459, 109390459
999999, 74918, 203
217, 75737926, 75737926
700, 109390662, 109390662
999999, 74905, 1
217, 75737927, 75737927
700, 109390663, 109390663
999999, 74963, 59
177, 9251586, 9251586
217, 75737986, 75737986
700, 109390722, 109390722
175, 110037890, 109390722
999999, 74905, 1
176, 9251587, 9251587
216, 75737987, 75737987
700, 109390723, 109390723
999999, 75155, 275
307, 47262860, 47262860
262, 114568332, 47262860
999999, 74881, 48
999999, 74884, 310
214, 75738620, 75738620
700, 109391356, 109391356
999999, 74575, 1
213, 75738621, 75738621
700, 109391357, 109391357
999999, 74847, 45
700, 109391402, 109391402
999999, 74803, 1
700, 109391403, 109391403
999999, 74883, 225
700, 109391628, 109391628
999999, 74659, 1
700, 109391629, 109391629
999999, 74873, 53
212, 75738946, 75738946
700, 109391682, 109391682
999999, 74821, 258
211, 75739204, 75739204
700, 109391940, 109391940
999999, 74658, 338
700, 109392278, 109392278
999999, 74561, 96
700, 109392374, 109392374
999999, 74552, 248
700, 109392622, 109392622
999999, 74305, 1
700, 109392623, 109392623
999999, 74525, 33
700, 109392656, 109392656
999999, 74586, 1
700, 109392657, 109392657
999999, 74586, 297
210, 75740218, 75740218
700, 109392954, 109392954
999999, 74509, 1
209, 75740219, 75740219
700, 109392955, 109392955
999999, 74621, 13
700, 109392968, 109392968
999999, 74609, 1
700, 109392969, 109392969
999999, 74852, 345
208, 75740578, 75740578
700, 109393314, 109393314
999999, 74566, 1
207, 75740579, 75740579
700, 109393315, 109393315
999999, 74566, 231
700, 109393546, 109393546
999999, 74573, 56
206, 75740866, 75740866
700, 109393602, 109393602
999999, 74612, 1
205, 75740867, 75740867
700, 109393603, 109393603
999999, 74612, 297
183, 8607596, 8607596
179, 75579372, 8607596
700, 109393900, 109393900
999999, 74577, 1
182, 8607597, 8607597
178, 75579373, 8607597
700, 109393901, 109393901
999999, 74895, 67
700, 109393968, 109393968
999999, 74829, 216
700, 109394184, 109394184
999999, 74619, 1
700, 109394185, 109394185
999999, 74921, 407
181, 8608288, 8608288
177, 75580064, 8608288
204, 75741856, 75741856
700, 109394592, 109394592
999999, 74515, 1
180, 8608289, 8608289
176, 75580065, 8608289
203, 75741857, 75741857
700, 109394593, 109394593
999999, 74561, 189
179, 8608478, 8608478
175, 75580254, 8608478
202, 75742046, 75742046
700, 109394782, 109394782
999999, 74373, 1
178, 8608479, 8608479
201, 75742047, 75742047
700, 109394783, 109394783
999999, 74639, 59
201, 75742106, 75742106
700, 109394842, 109394842
999999, 74602, 1
371, 26557369, 26557369
999999, 74602, 257
200, 75742364, 75742364
700, 109395100, 109395100
999999, 74599, 82
700, 109395182, 109395182
999999, 74836, 1
700, 109395183, 109395183
999999, 74836, 231
700, 109395414, 109395414
999999, 74706, 1
700, 109395415, 109395415
999999, 74970, 100
200, 75742779, 75742779
700, 109395515, 109395515
999999, 74918, 251
700, 109395766, 109395766
999999, 74856, 293
201, 75743323, 75743323
700, 109396059, 109396059
999999, 74564, 49
182, 8609804, 8609804
700, 109396108, 109396108
999999, 74563, 1
181, 8609805, 8609805
700, 109396109, 109396109
999999, 74831, 289
700, 109396398, 109396398
999999, 74543, 1
700, 109396399, 109396399
999999, 74631, 69
700, 109396468, 109396468
999999, 74563, 1
700, 109396469, 109396469
999999, 74791, 249
180, 8610414, 8610414
700, 109396718, 109396718
999999, 74543, 1
179, 8610415, 8610415
700, 109396719, 109396719
999999, 74587, 33
178, 8610448, 8610448
700, 109396752, 109396752
999999, 74555, 1
177, 8610449, 8610449
700, 109396753, 109396753
999999, 74867, 295
202, 75744312, 75744312
700, 109397048, 109397048
999999, 74573, 1
201, 75744313, 75744313
700, 109397049, 109397049
999999, 74837, 56
176, 8610801, 8610801
700, 109397105, 109397105
999999, 74782, 269
999999, 74574, 1
175, 75582847, 75582847
199, 75744639, 75744639
700, 109397375, 109397375
999999, 74574, 19
700, 109397394, 109397394
999999, 74856, 1
700, 109397395, 109397395
999999, 74877, 292
175, 8611383, 8611383
700, 109397687, 109397687
999999, 74586, 271
199, 75745222, 75745222
700, 109397958, 109397958
999999, 74614, 1
198, 75745223, 75745223
700, 109397959, 109397959
999999, 74614, 74
177, 9258897, 9258897
700, 109398033, 109398033
999999, 74547, 290
700, 109398323, 109398323
999999, 74258, 61
999999, 74553, 232
180, 42740312, 42740312
199, 75745880, 75745880
700, 109398616, 109398616
999999, 74559, 1
999999, 74653, 47
700, 109398664, 109398664
999999, 74607, 1
700, 109398665, 109398665
999999, 74868, 304
999999, 74569, 44
177, 42457573, 42457573
178, 42740709, 42740709
196, 75746277, 75746277
700, 109399013, 109399013
999999, 74833, 261
176, 42457834, 42457834
700, 109399274, 109399274
999999, 74573, 1
999999, 74889, 57
999999, 74833, 268
700, 109399600, 109399600
999999, 74611, 1
700, 109399601, 109399601
999999, 74849, 47
181, 9260512, 9260512
177, 42741344, 9260512
194, 75746912, 75746912
700, 109399648, 109399648
999999, 74803, 1
181, 9260513, 9260513
176, 42741345, 9260513
193, 75746913, 75746913
700, 109399649, 109399649
999999, 74850, 189
180, 9260702, 9260702
176, 42741534, 9260702
192, 75747102, 75747102
700, 109399838, 109399838
999999, 74970, 48
179, 9260750, 9260750
700, 109399886, 109399886
999999, 74923, 584
700, 109400470, 109400470
999999, 74383, 1
700, 109400471, 109400471
999999, 74609, 88
178, 9261423, 9261423
700, 109400559, 109400559
999999, 74522, 229
700, 109400788, 109400788
999999, 74384, 1
700, 109400789, 109400789
999999, 74384, 45
175, 42459394, 42459394
194, 75748098, 75748098
700, 109400834, 109400834
999999, 74606, 280
176, 42742810, 42742810
193, 75748378, 75748378
700, 109401114, 109401114
999999, 74327, 1
176, 42742811, 42742811
193, 75748379, 75748379
700, 109401115, 109401115
999999, 74374, 55
700, 109401170, 109401170
999999, 74508, 296
194, 75748730, 75748730
700, 109401466, 109401466
999999, 74213, 10
193, 75748740, 75748740
700, 109401476, 109401476
999999, 74250, 299
700, 109401775, 109401775
999999, 74221, 317
700, 109402092, 109402092
999999, 73905, 1
700, 109402093, 109402093
999999, 73997, 56
176, 8615845, 8615845
183, 9263013, 9263013
181, 42743845, 9263013
194, 75749413, 75749413
700, 109402149, 109402149
999999, 73942, 247
180, 42744092, 42744092
193, 75749660, 75749660
700, 109402396, 109402396
999999, 74010, 1
179, 42744093, 42744093
192, 75749661, 75749661
700, 109402397, 109402397
999999, 74010, 95
999999, 74162, 1
176, 42461053, 42461053
190, 75749757, 75749757
700, 109402493, 109402493
999999, 74458, 213
176, 8616402, 8616402
700, 109402706, 109402706
999999, 74332, 1
175, 8616403, 8616403
700, 109402707, 109402707
999999, 74553, 89
700, 109402796, 109402796
999999, 74465, 1
700, 109402797, 109402797
999999, 74571, 265
700, 109403062, 109403062
999999, 74307, 1
999999, 74517, 51
700, 109403114, 109403114
999999, 74467, 1
700, 109403115, 109403115
999999, 74567, 257
176, 8617068, 8617068
700, 109403372, 109403372
999999, 74311, 68
175, 42462000, 42462000
700, 109403440, 109403440
999999, 74464, 226
700, 109403666, 109403666
999999, 74287, 1
700, 109403667, 109403667
999999, 74567, 48
175, 8617411, 8617411
189, 75750979, 75750979
700, 109403715, 109403715
999999, 74520, 305
700, 109404020, 109404020
999999, 74258, 12
189, 8607616, 8607616
189, 9264896, 9264896
188, 75751296, 9264896
700, 109404032, 109404032
999999, 74247, 1
188, 8607617, 8607617
188, 9264897, 9264897
187, 75751297, 9264897
700, 109404033, 109404033
999999, 74506, 257
187, 9265154, 9265154
187, 75751554, 75751554
700, 109404290, 109404290
999999, 74306, 1
186, 9265155, 9265155
187, 75751555, 75751555
700, 109404291, 109404291
999999, 74306, 97
180, 42746084, 42746084
179, 75589860, 42746084
186, 75751652, 75751652
700, 109404388, 109404388
999999, 74507, 1
179, 42746085, 42746085
178, 75589861, 42746085
185, 75751653, 75751653
700, 109404389, 109404389
999999, 74567, 253
185, 9265506, 9265506
178, 42746338, 9265506
184, 75751906, 9265506
700, 109404642, 109404642
999999, 74315, 1
184, 9265507, 9265507
177, 42746339, 9265507
183, 75751907, 9265507
700, 109404643, 109404643
999999, 74567, 61
187, 8608288, 8608288
183, 9265568, 8608288
176, 42746400, 8608288
177, 75590176, 8608288
182, 75751968, 8608288
700, 109404704, 109404704
999999, 74507, 190
186, 8608478, 8608478
182, 9265758, 8608478
175, 42746590, 8608478
176, 75590366, 8608478
181, 75752158, 8608478
700, 109404894, 109404894
999999, 74378, 1
185, 8608479, 8608479
181, 9265759, 8608479
175, 75590367, 8608479
180, 75752159, 8608479
700, 109404895, 109404895
999999, 74378, 55
184, 8608534, 8608534
700, 109404950, 109404950
999999, 74598, 1
183, 8608535, 8608535
700, 109404951, 109404951
999999, 74598, 321
179, 75752536, 75752536
700, 109405272, 109405272
999999, 74332, 246
700, 109405518, 109405518
999999, 74087, 1
700, 109405519, 109405519
999999, 74345, 73
178, 75752856, 75752856
700, 109405592, 109405592
999999, 74273, 1
177, 75752857, 75752857
700, 109405593, 109405593
999999, 74279, 291
182, 9266748, 9266748
176, 75753148, 9266748
700, 109405884, 109405884
999999, 73989, 1
182, 9266749, 9266749
175, 75753149, 9266749
700, 109405885, 109405885
999999, 74294, 321
700, 109406206, 109406206
999999, 74026, 1
700, 109406207, 109406207
999999, 74026, 13
182, 8609804, 8609804
700, 109406220, 109406220
999999, 74228, 1
181, 8609805, 8609805
700, 109406221, 109406221
999999, 74228, 249
700, 109406470, 109406470
999999, 74075, 1
700, 109406471, 109406471
999999, 74263, 65
182, 8610120, 8610120
700, 109406536, 109406536
999999, 74294, 1
181, 8610121, 8610121
700, 109406537, 109406537
999999, 74501, 307
700, 109406844, 109406844
999999, 74195, 1
700, 109406845, 109406845
999999, 74268, 5
700, 109406850, 109406850
999999, 74508, 1
700, 109406851, 109406851
999999, 74508, 303
181, 8610738, 8610738
700, 109407154, 109407154
999999, 74274, 1
180, 8610739, 8610739
700, 109407155, 109407155
999999, 74274, 47
700, 109407202, 109407202
999999, 74472, 1
700, 109407203, 109407203
999999, 74472, 235
700, 109407438, 109407438
999999, 74328, 1
700, 109407439, 109407439
999999, 74567, 107
189, 8449338, 8449338
180, 8611130, 8449338
700, 109407546, 109407546
999999, 74461, 252
179, 8611382, 8611382
700, 109407798, 109407798
999999, 74526, 14
190, 8449604, 8449604
178, 8611396, 8449604
191, 9268676, 9268676
700, 109407812, 109407812
999999, 74598, 1
190, 8449605, 8449605
177, 8611397, 8449605
190, 9268677, 9268677
700, 109407813, 109407813
999999, 74598, 305
176, 8611702, 8611702
189, 9268982, 9268982
700, 109408118, 109408118
999999, 74566, 1
175, 8611703, 8611703
188, 9268983, 9268983
700, 109408119, 109408119
999999, 74566, 17
700, 109408136, 109408136
999999, 74590, 1
700, 109408137, 109408137
999999, 74851, 263
700, 109408400, 109408400
999999, 74589, 96
700, 109408496, 109408496
999999, 74513, 229
700, 109408725, 109408725
999999, 74554, 81
700, 109408806, 109408806
999999, 74534, 1
700, 109408807, 109408807
999999, 74534, 262
187, 9269933, 9269933
700, 109409069, 109409069
999999, 74573, 67
700, 109409136, 109409136
999999, 74516, 212
201, 8451140, 8451140
176, 75594820, 8451140
700, 109409348, 109409348
999999, 74305, 94
186, 9270306, 9270306
700, 109409442, 109409442
999999, 74486, 1
185, 9270307, 9270307
700, 109409443, 109409443
999999, 74486, 257
175, 75595172, 75595172
700, 109409700, 109409700
999999, 74321, 60
204, 8451552, 8451552
184, 9270624, 8451552
179, 42468320, 8451552
700, 109409760, 109409760
999999, 74508, 1
204, 8451553, 8451553
183, 9270625, 8451553
178, 42468321, 8451553
700, 109409761, 109409761
999999, 74527, 189
204, 8451742, 8451742
182, 9270814, 8451742
177, 42468510, 8451742
700, 109409950, 109409950
999999, 74339, 1
204, 8451743, 8451743
181, 9270815, 8451743
177, 42468511, 8451743
700, 109409951, 109409951
999999, 74611, 55
700, 109410006, 109410006
999999, 74557, 296
180, 9271166, 9271166
700, 109410302, 109410302
999999, 74356, 62
700, 109410364, 109410364
999999, 74295, 1
700, 109410365, 109410365
999999, 74508, 313
700, 109410678, 109410678
999999, 74284, 1
999999, 74284, 225
700, 109410904, 109410904
999999, 74330, 1
700, 109410905, 109410905
999999, 74330, 47
700, 109410952, 109410952
999999, 74332, 1
700, 109410953, 109410953
999999, 74332, 323
700, 109411276, 109411276
999999, 74263, 298
700, 109411574, 109411574
999999, 74026, 1
700, 109411575, 109411575
999999, 74026, 11
700, 109411586, 109411586
999999, 74205, 1
700, 109411587, 109411587
999999, 74300, 312
219, 8453691, 8453691
700, 109411899, 109411899
999999, 74208, 13
700, 109411912, 109411912
999999, 74550, 298
700, 109412210, 109412210
999999, 74253, 1
700, 109412211, 109412211
999999, 74259, 49
700, 109412260, 109412260
999999, 74479, 1
700, 109412261, 109412261
999999, 74539, 234
700, 109412495, 109412495
999999, 74306, 55
700, 109412550, 109412550
999999, 74516, 1
700, 109412551, 109412551
999999, 74573, 261
700, 109412812, 109412812
999999, 74608, 1
700, 109412813, 109412813
999999, 74608, 93
700, 109412906, 109412906
999999, 74523, 1
700, 109412907, 109412907
999999, 74792, 273
999999, 74608, 1
700, 109413181, 109413181
999999, 74861, 45
195, 9274090, 9274090
700, 109413226, 109413226
999999, 74817, 1
195, 9274091, 9274091
700, 109413227, 109413227
999999, 74878, 263
700, 109413490, 109413490
999999, 74892, 1
700, 109413491, 109413491
999999, 74892, 49
237, 8455332, 8455332
700, 109413540, 109413540
999999, 74854, 266
194, 9274670, 9274670
700, 109413806, 109413806
999999, 74589, 1
193, 9274671, 9274671
700, 109413807, 109413807
999999, 74949, 61
192, 9274732, 9274732
700, 109413868, 109413868
999999, 74889, 1
191, 9274733, 9274733
700, 109413869, 109413869
999999, 75116, 228
190, 9274961, 9274961
700, 109414097, 109414097
999999, 74966, 87
185, 42472744, 42472744
178, 75599656, 42472744
700, 109414184, 109414184
999999, 75139, 1
999999, 75194, 223
175, 8557320, 8557320
176, 75599880, 75599880
700, 109414408, 109414408
999999, 75250, 1
175, 75599881, 75599881
700, 109414409, 109414409
999999, 75250, 351
700, 109414760, 109414760
999999, 74956, 1
700, 109414761, 109414761
999999, 75175, 55
248, 8456608, 8456608
190, 9275680, 8456608
183, 42473376, 8456608
700, 109414816, 109414816
999999, 75202, 1
248, 8456609, 8456609
189, 9275681, 8456609
182, 42473377, 8456609
700, 109414817, 109414817
999999, 75202, 250
376, 26577593, 26577593
999999, 75286, 243
189, 9276174, 9276174
700, 109415310, 109415310
999999, 75286, 74
700, 109415384, 109415384
999999, 75213, 1
700, 109415385, 109415385
999999, 75461, 293
251, 8457470, 8457470
176, 8558590, 8457470
190, 9276542, 8457470
700, 109415678, 109415678
999999, 75169, 23
700, 109415701, 109415701
999999, 75208, 289
999999, 75168, 1
177, 75601463, 75601463
700, 109415991, 109415991
999999, 75168, 59
700, 109416050, 109416050
999999, 75156, 1
700, 109416051, 109416051
999999, 75431, 233
700, 109416284, 109416284
999999, 75290, 94
257, 8458170, 8458170
700, 109416378, 109416378
999999, 75197, 1
257, 8458171, 8458171
700, 109416379, 109416379
999999, 75407, 215
700, 109416594, 109416594
999999, 75193, 102
999999, 75152, 1
700, 109416697, 109416697
999999, 75413, 217
700, 109416914, 109416914
999999, 75197, 91
700, 109417005, 109417005
999999, 75167, 267
185, 42475832, 42475832
700, 109417272, 109417272
999999, 74901, 1
184, 42475833, 42475833
700, 109417273, 109417273
999999, 75164, 47
175, 8560232, 8560232
183, 42475880, 42475880
177, 75602792, 42475880
700, 109417320, 109417320
999999, 75216, 1
182, 42475881, 42475881
176, 75602793, 42475881
700, 109417321, 109417321
999999, 75216, 241
266, 8459354, 8459354
700, 109417562, 109417562
999999, 75192, 1
266, 8459355, 8459355
700, 109417563, 109417563
999999, 75192, 49
700, 109417612, 109417612
999999, 75230, 1
700, 109417613, 109417613
999999, 75230, 253
700, 109417866, 109417866
999999, 75206, 1
700, 109417867, 109417867
999999, 75290, 97
700, 109417964, 109417964
999999, 75474, 1
700, 109417965, 109417965
999999, 75474, 232
700, 109418197, 109418197
999999, 75297, 81
700, 109418278, 109418278
999999, 75217, 1
700, 109418279, 109418279
999999, 75526, 221
275, 8460292, 8460292
700, 109418500, 109418500
999999, 75526, 1
275, 8460293, 8460293
700, 109418501, 109418501
999999, 75526, 333
700, 109418834, 109418834
999999, 75290, 1
700, 109418835, 109418835
999999, 75605, 95
336, 109418931, 109418931
999999, 75511, 1
189, 9279795, 9279795
700, 109418931, 109418931
999999, 75783, 244
700, 109419175, 109419175
999999, 75540, 65
186, 42477800, 42477800
700, 109419240, 109419240
999999, 75522, 255
700, 109419495, 109419495
999999, 75268, 66
185, 42478121, 42478121
700, 109419561, 109419561
999999, 75419, 249
188, 9280674, 9280674
177, 75605282, 9280674
700, 109419810, 109419810
999999, 75171, 1
187, 9280675, 9280675
176, 75605283, 9280675
700, 109419811, 109419811
999999, 75523, 251
285, 8461854, 8461854
186, 9280926, 8461854
184, 42478622, 8461854
175, 75605534, 8461854
700, 109420062, 109420062
999999, 75273, 61
285, 8461915, 8461915
700, 109420123, 109420123
999999, 75286, 292
285, 8462207, 8462207
186, 9281279, 8462207
700, 109420415, 109420415
999999, 75235, 11
700, 109420426, 109420426
999999, 75225, 1
700, 109420427, 109420427
999999, 75285, 260
188, 9281551, 9281551
185, 42479247, 9281551
700, 109420687, 109420687
999999, 75026, 103
185, 42479350, 42479350
175, 75606262, 42479350
700, 109420790, 109420790
999999, 75112, 1
184, 42479351, 42479351
700, 109420791, 109420791
999999, 75207, 211
183, 42479562, 42479562
700, 109421002, 109421002
999999, 75212, 1
182, 42479563, 42479563
700, 109421003, 109421003
999999, 75299, 97
700, 109421100, 109421100
999999, 75439, 1
700, 109421101, 109421101
999999, 75487, 233
192, 9282198, 9282198
700, 109421334, 109421334
999999, 75255, 1
191, 9282199, 9282199
700, 109421335, 109421335
999999, 75521, 61
190, 9282260, 9282260
700, 109421396, 109421396
999999, 75461, 1
999999, 75515, 255
181, 42480212, 42480212
700, 109421652, 109421652
999999, 75514, 1
999999, 75514, 85
179, 42480298, 42480298
700, 109421738, 109421738
999999, 75496, 1
178, 42480299, 42480299
700, 109421739, 109421739
999999, 75792, 267
700, 109422006, 109422006
999999, 75575, 1
700, 109422007, 109422007
999999, 75843, 51
177, 42480618, 42480618
700, 109422058, 109422058
999999, 75793, 1
176, 42480619, 42480619
700, 109422059, 109422059
999999, 75801, 264
700, 109422323, 109422323
999999, 75833, 13
307, 8464128, 8464128
700, 109422336, 109422336
999999, 75821, 1
307, 8464129, 8464129
700, 109422337, 109422337
999999, 75875, 283
700, 109422620, 109422620
999999, 75593, 1
700, 109422621, 109422621
999999, 75933, 55
700, 109422676, 109422676
999999, 76130, 1
700, 109422677, 109422677
999999, 76130, 281
700, 109422958, 109422958
999999, 75915, 34
700, 109422992, 109422992
999999, 76090, 1
700, 109422993, 109422993
999999, 76090, 245
700, 109423238, 109423238
999999, 75942, 108
175, 9193202, 9193202
700, 109423346, 109423346
999999, 76048, 1
700, 109423347, 109423347
999999, 76048, 209
317, 8465348, 8465348
700, 109423556, 109423556
999999, 75900, 1
317, 8465349, 8465349
700, 109423557, 109423557
999999, 76201, 95
317, 8465444, 8465444
700, 109423652, 109423652
999999, 76168, 1
317, 8465445, 8465445
700, 109423653, 109423653
999999, 76383, 277
999999, 76107, 1
317, 8465723, 8465723
700, 109423931, 109423931
999999, 76426, 265
317, 8465988, 8465988
700, 109424196, 109424196
999999, 76268, 100
178, 42482856, 42482856
700, 109424296, 109424296
999999, 76413, 254
178, 42483110, 42483110
700, 109424550, 109424550
999999, 76408, 1
178, 42483111, 42483111
700, 109424551, 109424551
999999, 76408, 65
180, 9336040, 9336040
177, 42483176, 9336040
700, 109424616, 109424616
999999, 76398, 1
180, 9336041, 9336041
176, 42483177, 9336041
700, 109424617, 109424617
999999, 76398, 215
322, 8466624, 8466624
199, 9285696, 8466624
179, 9336256, 8466624
175, 42483392, 8466624
700, 109424832, 109424832
999999, 76445, 1
322, 8466625, 8466625
198, 9285697, 8466625
179, 9336257, 8466625
700, 109424833, 109424833
999999, 76761, 96
322, 8466721, 8466721
175, 9194785, 8466721
198, 9285793, 8466721
178, 9336353, 8466721
700, 109424929, 109424929
999999, 76716, 189
322, 8466910, 8466910
197, 9285982, 8466910
178, 9336542, 8466910
700, 109425118, 109425118
999999, 76828, 63
700, 109425181, 109425181
999999, 76773, 254
323, 8467227, 8467227
196, 9286299, 8467227
700, 109425435, 109425435
999999, 76520, 49
195, 9286348, 9286348
700, 109425484, 109425484
999999, 76752, 1
194, 9286349, 9286349
700, 109425485, 109425485
999999, 76752, 266
193, 9286615, 9286615
700, 109425751, 109425751
999999, 76541, 87
192, 9286702, 9286702
700, 109425838, 109425838
999999, 76455, 1
191, 9286703, 9286703
700, 109425839, 109425839
999999, 76749, 267
328, 8467898, 8467898
700, 109426106, 109426106
999999, 76483, 48
700, 109426154, 109426154
999999, 76441, 1
700, 109426155, 109426155
999999, 76751, 239
330, 8468186, 8468186
700, 109426394, 109426394
999999, 76521, 50
700, 109426444, 109426444
999999, 76775, 262
190, 9287570, 9287570
700, 109426706, 109426706
999999, 76563, 1
189, 9287571, 9287571
700, 109426707, 109426707
999999, 76803, 326
188, 9287897, 9287897
700, 109427033, 109427033
999999, 76478, 77
187, 9287974, 9287974
700, 109427110, 109427110
999999, 76496, 1
186, 9287975, 9287975
700, 109427111, 109427111
999999, 76496, 221
336, 8469124, 8469124
179, 9338756, 8469124
175, 42121860, 8469124
700, 109427332, 109427332
999999, 76486, 1
336, 8469125, 8469125
178, 9338757, 8469125
700, 109427333, 109427333
999999, 76486, 59
336, 8469184, 8469184
177, 9338816, 8469184
700, 109427392, 109427392
999999, 76532, 1
336, 8469185, 8469185
176, 9338817, 8469185
700, 109427393, 109427393
999999, 76532, 317
336, 8469502, 8469502
700, 109427710, 109427710
999999, 76464, 1
336, 8469503, 8469503
700, 109427711, 109427711
999999, 76464, 13
700, 109427724, 109427724
999999, 76763, 1
700, 109427725, 109427725
999999, 76827, 263
700, 109427988, 109427988
999999, 76565, 82
187, 9288934, 9288934
700, 109428070, 109428070
999999, 76717, 238
186, 9289172, 9289172
700, 109428308, 109428308
999999, 76526, 87
700, 109428395, 109428395
999999, 76440, 257
700, 109428652, 109428652
999999, 76481, 1
700, 109428653, 109428653
999999, 76819, 59
700, 109428712, 109428712
999999, 77016, 1
700, 109428713, 109428713
999999, 77016, 226
700, 109428939, 109428939
999999, 76885, 104
700, 109429043, 109429043
999999, 76782, 243
191, 9290150, 9290150
700, 109429286, 109429286
999999, 76729, 26
349, 8471104, 8471104
175, 8572224, 8471104
183, 9340736, 8471104
176, 42224960, 8471104
700, 109429312, 109429312
999999, 76759, 295
999999, 76725, 74
190, 9290545, 9290545
700, 109429681, 109429681
999999, 76652, 242
175, 9199779, 9199779
189, 9290787, 9290787
700, 109429923, 109429923
999999, 76451, 61
352, 8471776, 8471776
176, 8572896, 8471776
188, 9290848, 8471776
182, 9341408, 8471776
179, 42124512, 8471776
177, 42225632, 8471776
700, 109429984, 109429984
178, 109692896, 109429984
999999, 76391, 1
352, 8471777, 8471777
175, 8572897, 8471777
187, 9290849, 8471777
182, 9341409, 8471777
179, 42124513, 8471777
176, 42225633, 8471777
700, 109429985, 109429985
177, 109692897, 109429985
999999, 76761, 190
352, 8471967, 8471967
186, 9291039, 8471967
182, 9341599, 8471967
179, 42124703, 8471967
175, 42225823, 8471967
700, 109430175, 109430175
176, 109693087, 109430175
999999, 76572, 61
185, 9291100, 9291100
700, 109430236, 109430236
999999, 76762, 1
184, 9291101, 9291101
700, 109430237, 109430237
999999, 76762, 250
700, 109430487, 109430487
999999, 76571, 51
700, 109430538, 109430538
999999, 76521, 1
700, 109430539, 109430539
999999, 76747, 273
700, 109430812, 109430812
999999, 76540, 1
313, 3295239, 3295239
226, 104253447, 3295239
999999, 76540, 90
700, 109430903, 109430903
999999, 76693, 226
700, 109431129, 109431129
999999, 76575, 55
188, 9292048, 9292048
700, 109431184, 109431184
999999, 76740, 267
362, 8473243, 8473243
187, 9292315, 8473243
700, 109431451, 109431451
999999, 76474, 48
186, 9292363, 9292363
700, 109431499, 109431499
999999, 76511, 305
181, 9343228, 9343228
700, 109431804, 109431804
999999, 76423, 1
181, 9343229, 9343229
700, 109431805, 109431805
999999, 76483, 47
999999, 76437, 1
700, 109431853, 109431853
999999, 76753, 217
700, 109432070, 109432070
175, 109694982, 109432070
999999, 76537, 1
700, 109432071, 109432071
175, 109694983, 109432071
999999, 76561, 65
700, 109432136, 109432136
999999, 76497, 1
700, 109432137, 109432137
999999, 76739, 299
182, 9343860, 9343860
700, 109432436, 109432436
999999, 76535, 1
182, 9343861, 9343861
700, 109432437, 109432437
999999, 76759, 45
700, 109432482, 109432482
999999, 76816, 1
700, 109432483, 109432483
999999, 76816, 249
700, 109432732, 109432732
999999, 76828, 1
700, 109432733, 109432733
999999, 76828, 47
700, 109432780, 109432780
999999, 76837, 1
700, 109432781, 109432781
999999, 77064, 268
700, 109433049, 109433049
999999, 76877, 307
700, 109433356, 109433356
999999, 76571, 1
700, 109433357, 109433357
999999, 76831, 53
700, 109433410, 109433410
999999, 76779, 1
700, 109433411, 109433411
999999, 76845, 257
384, 8475460, 8475460
186, 42128196, 8475460
700, 109433668, 109433668
999999, 76589, 1
384, 8475461, 8475461
185, 42128197, 8475461
700, 109433669, 109433669
999999, 76839, 100
700, 109433769, 109433769
999999, 76740, 226
700, 109433995, 109433995
180, 109696907, 109433995
999999, 76567, 61
700, 109434056, 109434056
999999, 76507, 1
700, 109434057, 109434057
999999, 76824, 298
999999, 76715, 14
389, 8476161, 8476161
191, 9295233, 8476161
700, 109434369, 109434369
999999, 76702, 319
389, 8476480, 8476480
191, 9295552, 8476480
700, 109434688, 109434688
999999, 76444, 1
389, 8476481, 8476481
191, 9295553, 8476481
700, 109434689, 109434689
999999, 76444, 255
389, 8476736, 8476736
175, 8638528, 8476736
700, 109434944, 109434944
999999, 76430, 1
389, 8476737, 8476737
700, 109434945, 109434945
999999, 76430, 95
389, 8476832, 8476832
192, 9295904, 8476832
189, 9346464, 8476832
190, 42129568, 8476832
700, 109435040, 109435040
186, 109697952, 109435040
999999, 76668, 1
388, 8476833, 8476833
191, 9295905, 8476833
188, 9346465, 8476833
189, 42129569, 8476833
700, 109435041, 109435041
185, 109697953, 109435041
999999, 76984, 189
387, 8477022, 8477022
190, 9296094, 8477022
187, 9346654, 8477022
188, 42129758, 8477022
700, 109435230, 109435230
184, 109698142, 109435230
999999, 76843, 1
386, 8477023, 8477023
189, 9296095, 8477023
186, 9346655, 8477023
187, 42129759, 8477023
700, 109435231, 109435231
183, 109698143, 109435231
999999, 77116, 95
999999, 77076, 1
384, 8477119, 8477119
187, 9296191, 8477119
184, 9346751, 8477119
700, 109435327, 109435327
999999, 77076, 269
186, 9296460, 9296460
700, 109435596, 109435596
999999, 77104, 270
383, 8477658, 8477658
700, 109435866, 109435866
182, 109698778, 109435866
999999, 76835, 1
383, 8477659, 8477659
700, 109435867, 109435867
181, 109698779, 109435867
999999, 76893, 97
700, 109435964, 109435964
180, 109698876, 109435964
999999, 76797, 1
700, 109435965, 109435965
179, 109698877, 109435965
999999, 77006, 253
383, 8478010, 8478010
186, 9297082, 8478010
188, 42130746, 8478010
700, 109436218, 109436218
999999, 76822, 62
185, 9297144, 9297144
700, 109436280, 109436280
999999, 76761, 228
700, 109436508, 109436508
999999, 76816, 1
700, 109436509, 109436509
999999, 76869, 45
700, 109436554, 109436554
999999, 76825, 348
700, 109436902, 109436902
999999, 76726, 1
700, 109436903, 109436903
999999, 76726, 263
700, 109437166, 109437166
999999, 76522, 1
700, 109437167, 109437167
999999, 76778, 34
700, 109437201, 109437201
999999, 77060, 289
