777777, 750, 3000
188, 9190014, 9190014
194, 75514622, 75514622
316, 75676414, 75676414
750, 109329150, 109329150
999999, 81529, 208
187, 9190222, 9190222
750, 109329358, 109329358
999999, 81546, 1
750, 109329359, 109329359
999999, 81546, 61
194, 42671116, 42671116
750, 109329420, 109329420
999999, 81532, 1
194, 42671117, 42671117
750, 109329421, 109329421
999999, 81532, 269
317, 75676954, 75676954
750, 109329690, 109329690
999999, 81586, 1
316, 75676955, 75676955
750, 109329691, 109329691
999999, 81883, 317
315, 75677272, 75677272
750, 109330008, 109330008
999999, 81567, 1
315, 75677273, 75677273
750, 109330009, 109330009
999999, 81577, 96
315, 75677369, 75677369
750, 109330105, 109330105
999999, 81482, 227
197, 9181084, 9181084
315, 75677596, 75677596
750, 109330332, 109330332
999999, 81567, 1
196, 9181085, 9181085
314, 75677597, 75677597
750, 109330333, 109330333
999999, 81579, 95
313, 75677692, 75677692
750, 109330428, 109330428
999999, 81782, 1
312, 75677693, 75677693
750, 109330429, 109330429
999999, 81782, 201
999999, 81630, 1
312, 75677895, 75677895
750, 109330631, 109330631
999999, 81630, 101
193, 75516204, 75516204
750, 109330732, 109330732
999999, 81763, 1
192, 75516205, 75516205
750, 109330733, 109330733
999999, 81817, 231
750, 109330964, 109330964
999999, 81587, 1
750, 109330965, 109330965
999999, 81847, 99
312, 75678328, 75678328
750, 109331064, 109331064
999999, 81749, 1
312, 75678329, 75678329
750, 109331065, 109331065
999999, 81841, 203
312, 75678532, 75678532
750, 109331268, 109331268
999999, 81639, 1
311, 75678533, 75678533
750, 109331269, 109331269
999999, 81911, 93
310, 75678626, 75678626
750, 109331362, 109331362
999999, 81819, 284
198, 9182398, 9182398
310, 75678910, 75678910
750, 109331646, 109331646
999999, 81580, 1
197, 9182399, 9182399
310, 75678911, 75678911
750, 109331647, 109331647
999999, 81580, 55
750, 109331702, 109331702
999999, 81788, 1
750, 109331703, 109331703
999999, 81788, 262
309, 75679229, 75679229
750, 109331965, 109331965
999999, 81575, 45
188, 9192874, 9192874
750, 109332010, 109332010
999999, 81796, 1
188, 9192875, 9192875
750, 109332011, 109332011
999999, 81796, 238
188, 9193113, 9193113
308, 75679513, 75679513
750, 109332249, 109332249
999999, 81619, 81
750, 109332330, 109332330
999999, 81539, 1
750, 109332331, 109332331
999999, 81766, 278
196, 9183361, 9183361
307, 75679873, 75679873
750, 109332609, 109332609
999999, 81575, 265
750, 109332874, 109332874
999999, 81311, 1
750, 109332875, 109332875
999999, 81533, 61
750, 109332936, 109332936
999999, 81473, 301
750, 109333237, 109333237
999999, 81523, 311
750, 109333548, 109333548
999999, 81213, 54
196, 9184354, 9184354
307, 75680866, 75680866
750, 109333602, 109333602
999999, 81214, 262
197, 75519336, 75519336
750, 109333864, 109333864
999999, 80953, 1
196, 75519337, 75519337
750, 109333865, 109333865
999999, 81202, 55
188, 8416160, 8416160
198, 9184672, 9184672
192, 9194784, 9184672
187, 42068896, 9184672
203, 42675616, 42675616
195, 75519392, 42675616
308, 75681184, 75681184
750, 109333920, 109333920
999999, 81390, 1
187, 8416161, 8416161
197, 9184673, 9184673
191, 9194785, 9184673
202, 42675617, 42675617
194, 75519393, 42675617
307, 75681185, 75681185
750, 109333921, 109333921
999999, 81463, 189
196, 9184862, 9184862
190, 9194974, 9184862
201, 42675806, 42675806
193, 75519582, 42675806
306, 75681374, 75681374
750, 109334110, 109334110
999999, 81275, 48
190, 9195022, 9195022
750, 109334158, 109334158
999999, 81520, 1
189, 9195023, 9195023
750, 109334159, 109334159
999999, 81542, 303
197, 9185214, 9185214
188, 9195326, 9185214
306, 75681726, 75681726
750, 109334462, 109334462
999999, 81528, 15
187, 9195341, 9195341
750, 109334477, 109334477
999999, 81514, 272
305, 75682013, 75682013
750, 109334749, 109334749
999999, 81301, 54
194, 75520275, 75520275
750, 109334803, 109334803
999999, 81248, 257
750, 109335060, 109335060
999999, 81224, 96
750, 109335156, 109335156
999999, 81222, 230
193, 75520858, 75520858
306, 75682650, 75682650
750, 109335386, 109335386
999999, 80993, 1
192, 75520859, 75520859
305, 75682651, 75682651
750, 109335387, 109335387
999999, 81207, 98
304, 75682749, 75682749
750, 109335485, 109335485
999999, 81211, 262
303, 75683011, 75683011
750, 109335747, 109335747
999999, 80950, 265
188, 8418252, 8418252
750, 109336012, 109336012
999999, 80902, 1
188, 8418253, 8418253
750, 109336013, 109336013
999999, 80992, 101
187, 8418354, 8418354
750, 109336114, 109336114
999999, 81158, 1
750, 109336115, 109336115
999999, 81158, 207
302, 75683586, 75683586
750, 109336322, 109336322
999999, 80998, 1
301, 75683587, 75683587
750, 109336323, 109336323
999999, 80998, 95
300, 75683682, 75683682
750, 109336418, 109336418
999999, 81144, 1
299, 75683683, 75683683
750, 109336419, 109336419
999999, 81144, 296
187, 42071691, 42071691
750, 109336715, 109336715
999999, 80897, 292
750, 109337007, 109337007
999999, 80606, 20
201, 9187779, 9187779
298, 75684291, 75684291
750, 109337027, 109337027
999999, 80839, 277
297, 75684568, 75684568
750, 109337304, 109337304
999999, 80563, 1
395, 26499831, 26499831
999999, 80659, 44
295, 75684613, 75684613
750, 109337349, 109337349
999999, 80616, 307
295, 75684920, 75684920
750, 109337656, 109337656
999999, 80541, 1
294, 75684921, 75684921
750, 109337657, 109337657
999999, 80621, 55
750, 109337712, 109337712
999999, 80567, 1
750, 109337713, 109337713
999999, 80787, 219
750, 109337932, 109337932
999999, 80569, 1
750, 109337933, 109337933
999999, 80901, 55
295, 75685252, 75685252
750, 109337988, 109337988
999999, 80847, 1
294, 75685253, 75685253
750, 109337989, 109337989
999999, 80941, 303
750, 109338292, 109338292
999999, 80639, 1
750, 109338293, 109338293
999999, 80882, 319
750, 109338612, 109338612
999999, 80628, 1
750, 109338613, 109338613
999999, 80882, 47
193, 75524132, 75524132
293, 75685924, 75685924
750, 109338660, 109338660
999999, 80901, 1
193, 75524133, 75524133
292, 75685925, 75685925
750, 109338661, 109338661
999999, 81149, 253
193, 8421154, 8421154
188, 9199778, 8421154
188, 42073890, 8421154
291, 75686178, 75686178
750, 109338914, 109338914
999999, 80897, 62
193, 8421216, 8421216
204, 9189728, 9189728
188, 9199840, 9189728
188, 42073952, 9189728
203, 42680672, 9189728
194, 75524448, 9189728
291, 75686240, 75686240
750, 109338976, 109338976
999999, 81086, 1
192, 8421217, 8421217
204, 9189729, 9189729
187, 9199841, 9189729
187, 42073953, 9189729
202, 42680673, 9189729
193, 75524449, 9189729
290, 75686241, 75686241
750, 109338977, 109338977
999999, 81146, 189
192, 8421406, 8421406
204, 9189918, 9189918
187, 9200030, 9189918
187, 42074142, 9189918
201, 42680862, 9189918
192, 75524638, 9189918
289, 75686430, 75686430
750, 109339166, 109339166
999999, 81249, 56
191, 8421462, 8421462
201, 42680918, 42680918
750, 109339222, 109339222
999999, 81204, 296
999999, 80909, 1
192, 75524991, 75524991
288, 75686783, 75686783
750, 109339519, 109339519
999999, 81168, 7
287, 75686790, 75686790
750, 109339526, 109339526
999999, 81264, 278
286, 75687068, 75687068
750, 109339804, 109339804
999999, 80987, 1
285, 75687069, 75687069
750, 109339805, 109339805
999999, 81197, 94
193, 75525371, 75525371
284, 75687163, 75687163
750, 109339899, 109339899
999999, 81104, 209
750, 109340108, 109340108
999999, 80992, 1
750, 109340109, 109340109
999999, 80992, 67
750, 109340176, 109340176
999999, 81158, 358
750, 109340534, 109340534
999999, 80801, 1
750, 109340535, 109340535
999999, 80861, 281
750, 109340816, 109340816
999999, 80581, 298
286, 75688378, 75688378
750, 109341114, 109341114
999999, 80538, 1
286, 75688379, 75688379
750, 109341115, 109341115
999999, 80538, 21
750, 109341136, 109341136
999999, 80602, 290
750, 109341426, 109341426
999999, 80313, 1
750, 109341427, 109341427
999999, 80579, 49
190, 8423716, 8423716
287, 75688740, 75688740
750, 109341476, 109341476
999999, 80531, 1
189, 8423717, 8423717
287, 75688741, 75688741
750, 109341477, 109341477
999999, 80581, 241
201, 42683414, 42683414
750, 109341718, 109341718
999999, 80341, 1
201, 42683415, 42683415
750, 109341719, 109341719
999999, 80604, 95
750, 109341814, 109341814
999999, 80522, 226
287, 75689304, 75689304
750, 109342040, 109342040
999999, 80297, 1
286, 75689305, 75689305
750, 109342041, 109342041
999999, 80579, 77
285, 75689382, 75689382
750, 109342118, 109342118
999999, 80503, 1
285, 75689383, 75689383
750, 109342119, 109342119
999999, 80557, 278
285, 75689661, 75689661
750, 109342397, 109342397
999999, 80280, 45
192, 8424682, 8424682
750, 109342442, 109342442
999999, 80516, 1
191, 8424683, 8424683
750, 109342443, 109342443
999999, 80549, 265
190, 8424948, 8424948
750, 109342708, 109342708
999999, 80285, 52
200, 42684456, 42684456
750, 109342760, 109342760
999999, 80478, 236
750, 109342996, 109342996
999999, 80350, 60
750, 109343056, 109343056
999999, 80291, 1
750, 109343057, 109343057
999999, 80499, 281
750, 109343338, 109343338
999999, 80219, 22
198, 75528832, 75528832
286, 75690624, 75690624
750, 109343360, 109343360
999999, 80292, 1
197, 75528833, 75528833
285, 75690625, 75690625
750, 109343361, 109343361
999999, 80292, 311
285, 75690936, 75690936
750, 109343672, 109343672
999999, 80258, 8
196, 75529152, 75529152
285, 75690944, 75690944
750, 109343680, 109343680
999999, 80251, 1
195, 75529153, 75529153
285, 75690945, 75690945
750, 109343681, 109343681
999999, 80515, 256
194, 75529409, 75529409
284, 75691201, 75691201
750, 109343937, 109343937
999999, 80359, 285
190, 8426462, 8426462
205, 9194974, 9194974
201, 42685918, 9194974
193, 75529694, 9194974
283, 75691486, 75691486
750, 109344222, 109344222
999999, 80328, 1
189, 8426463, 8426463
204, 9194975, 9194975
200, 42685919, 9194975
192, 75529695, 9194975
282, 75691487, 75691487
750, 109344223, 109344223
999999, 80328, 55
199, 42685974, 42685974
750, 109344278, 109344278
999999, 80338, 1
198, 42685975, 42685975
750, 109344279, 109344279
999999, 80338, 247
750, 109344526, 109344526
999999, 80306, 1
750, 109344527, 109344527
999999, 80306, 67
750, 109344594, 109344594
999999, 80335, 1
750, 109344595, 109344595
999999, 80523, 265
205, 9195612, 9195612
283, 75692124, 75692124
750, 109344860, 109344860
999999, 80321, 1
204, 9195613, 9195613
282, 75692125, 75692125
750, 109344861, 109344861
999999, 80574, 93
281, 75692218, 75692218
750, 109344954, 109344954
999999, 80530, 1
280, 75692219, 75692219
750, 109344955, 109344955
999999, 80530, 251
750, 109345206, 109345206
999999, 80545, 1
750, 109345207, 109345207
999999, 80631, 287
201, 42687190, 42687190
750, 109345494, 109345494
999999, 80345, 1
200, 42687191, 42687191
750, 109345495, 109345495
999999, 80611, 51
750, 109345546, 109345546
999999, 80608, 258
750, 109345804, 109345804
999999, 80351, 94
193, 8428138, 8428138
750, 109345898, 109345898
999999, 80496, 1
192, 8428139, 8428139
750, 109345899, 109345899
999999, 80545, 334
282, 75693497, 75693497
750, 109346233, 109346233
999999, 80473, 215
191, 8428688, 8428688
750, 109346448, 109346448
999999, 80259, 1
190, 8428689, 8428689
750, 109346449, 109346449
999999, 80584, 47
189, 8428736, 8428736
281, 75693760, 75693760
750, 109346496, 109346496
999999, 80614, 1
188, 8428737, 8428737
280, 75693761, 75693761
750, 109346497, 109346497
999999, 80614, 317
187, 8429054, 8429054
280, 75694078, 75694078
750, 109346814, 109346814
999999, 80518, 1
999999, 80518, 315
200, 42688826, 42688826
279, 75694394, 75694394
750, 109347130, 109347130
999999, 80262, 22
205, 9197904, 9197904
750, 109347152, 109347152
999999, 80241, 1
205, 9197905, 9197905
750, 109347153, 109347153
999999, 80557, 297
199, 42689146, 42689146
278, 75694714, 75694714
750, 109347450, 109347450
999999, 80261, 10
199, 42689156, 42689156
277, 75694724, 75694724
750, 109347460, 109347460
999999, 80264, 1
199, 42689157, 42689157
276, 75694725, 75694725
750, 109347461, 109347461
999999, 80264, 351
187, 9208676, 9208676
201, 75533284, 75533284
750, 109347812, 109347812
999999, 80176, 267
205, 9198831, 9198831
187, 9208943, 9198831
750, 109348079, 109348079
999999, 79991, 25
204, 9198856, 9198856
750, 109348104, 109348104
999999, 80204, 1
203, 9198857, 9198857
750, 109348105, 109348105
999999, 80290, 347
201, 75533924, 75533924
750, 109348452, 109348452
999999, 80200, 1
200, 75533925, 75533925
750, 109348453, 109348453
999999, 80200, 283
202, 9199488, 9199488
187, 9209600, 9199488
750, 109348736, 109348736
999999, 79976, 297
999999, 79680, 55
207, 26511615, 26511615
999999, 79851, 1
201, 9199841, 9199841
197, 42690785, 9199841
198, 75534561, 9199841
277, 75696353, 75696353
750, 109349089, 109349089
999999, 79954, 189
200, 9200030, 9200030
196, 42690974, 9200030
197, 75534750, 9200030
276, 75696542, 75696542
750, 109349278, 109349278
999999, 80008, 1
199, 9200031, 9200031
195, 42690975, 9200031
197, 75534751, 9200031
275, 75696543, 75696543
750, 109349279, 109349279
999999, 80033, 55
750, 109349334, 109349334
999999, 80273, 1
750, 109349335, 109349335
999999, 80346, 261
275, 75696860, 75696860
750, 109349596, 109349596
999999, 80327, 83
750, 109349679, 109349679
999999, 80305, 232
750, 109349911, 109349911
999999, 80074, 65
750, 109349976, 109349976
999999, 80199, 1
750, 109349977, 109349977
999999, 80259, 238
277, 75697479, 75697479
750, 109350215, 109350215
999999, 80022, 62
197, 42691973, 42691973
276, 75697541, 75697541
750, 109350277, 109350277
999999, 80210, 265
205, 9201294, 9201294
750, 109350542, 109350542
999999, 79996, 96
750, 109350638, 109350638
999999, 79901, 1
750, 109350639, 109350639
999999, 80173, 227
200, 75536338, 75536338
750, 109350866, 109350866
999999, 79947, 48
750, 109350914, 109350914
999999, 79989, 1
750, 109350915, 109350915
999999, 80214, 265
750, 109351180, 109351180
999999, 80004, 1
750, 109351181, 109351181
999999, 80270, 93
750, 109351274, 109351274
999999, 80225, 1
750, 109351275, 109351275
999999, 80529, 229
750, 109351504, 109351504
999999, 80301, 1
750, 109351505, 109351505
999999, 80347, 83
200, 75537060, 75537060
750, 109351588, 109351588
999999, 80265, 1
199, 75537061, 75537061
750, 109351589, 109351589
999999, 80481, 245
192, 9212698, 9212698
198, 75537306, 75537306
750, 109351834, 109351834
999999, 80237, 1
191, 9212699, 9212699
198, 75537307, 75537307
750, 109351835, 109351835
999999, 80301, 47
190, 9212746, 9212746
750, 109351882, 109351882
999999, 80255, 1
189, 9212747, 9212747
750, 109351883, 109351883
999999, 80553, 255
750, 109352138, 109352138
999999, 80299, 106
750, 109352244, 109352244
999999, 80238, 1
750, 109352245, 109352245
999999, 80238, 261
196, 42694202, 42694202
275, 75699770, 75699770
750, 109352506, 109352506
999999, 80226, 44
750, 109352550, 109352550
999999, 80183, 1
750, 109352551, 109352551
999999, 80229, 267
750, 109352818, 109352818
999999, 79963, 1
750, 109352819, 109352819
999999, 80230, 53
209, 9203624, 9203624
198, 75538344, 9203624
750, 109352872, 109352872
999999, 80484, 1
209, 9203625, 9203625
197, 75538345, 9203625
750, 109352873, 109352873
999999, 80484, 261
188, 9213998, 9213998
196, 75538606, 75538606
750, 109353134, 109353134
999999, 80276, 1
187, 9213999, 9213999
195, 75538607, 75538607
750, 109353135, 109353135
999999, 80276, 59
750, 109353194, 109353194
999999, 80474, 1
999999, 80474, 265
999999, 80309, 1
750, 109353461, 109353461
999999, 80534, 45
196, 75538978, 75538978
276, 75700770, 75700770
750, 109353506, 109353506
999999, 80550, 1
196, 75538979, 75538979
275, 75700771, 75700771
750, 109353507, 109353507
999999, 80550, 237
195, 75539216, 75539216
750, 109353744, 109353744
999999, 80611, 82
195, 75539298, 75539298
274, 75701090, 75701090
750, 109353826, 109353826
999999, 80543, 1
195, 75539299, 75539299
273, 75701091, 75701091
750, 109353827, 109353827
999999, 80861, 255
195, 75539554, 75539554
272, 75701346, 75701346
750, 109354082, 109354082
999999, 80607, 1
194, 75539555, 75539555
271, 75701347, 75701347
750, 109354083, 109354083
999999, 80861, 61
211, 9204896, 9204896
195, 42695840, 9204896
193, 75539616, 9204896
270, 75701408, 75701408
750, 109354144, 109354144
194, 110001312, 109354144
999999, 80801, 1
211, 9204897, 9204897
195, 42695841, 9204897
193, 75539617, 9204897
270, 75701409, 75701409
750, 109354145, 109354145
194, 110001313, 109354145
999999, 80895, 189
211, 9205086, 9205086
195, 42696030, 9205086
193, 75539806, 9205086
270, 75701598, 75701598
750, 109354334, 109354334
194, 110001502, 109354334
999999, 80707, 1
211, 9205087, 9205087
195, 42696031, 9205087
193, 75539807, 9205087
270, 75701599, 75701599
750, 109354335, 109354335
194, 110001503, 109354335
999999, 80895, 61
193, 75539868, 75539868
270, 75701660, 75701660
750, 109354396, 109354396
999999, 80835, 1
192, 75539869, 75539869
269, 75701661, 75701661
750, 109354397, 109354397
999999, 80929, 249
750, 109354646, 109354646
999999, 80681, 1
750, 109354647, 109354647
999999, 80949, 99
195, 42696442, 42696442
268, 75702010, 75702010
750, 109354746, 109354746
999999, 81120, 1
194, 42696443, 42696443
267, 75702011, 75702011
750, 109354747, 109354747
999999, 81120, 211
214, 9205710, 9205710
187, 9215822, 9205710
750, 109354958, 109354958
196, 110002126, 109354958
999999, 81006, 1
213, 9205711, 9205711
750, 109354959, 109354959
195, 110002127, 109354959
999999, 81006, 55
267, 75702278, 75702278
750, 109355014, 109355014
999999, 81204, 297
750, 109355311, 109355311
999999, 80969, 55
750, 109355366, 109355366
999999, 81142, 240
212, 9206358, 9206358
187, 9216470, 9206358
191, 75541078, 9206358
750, 109355606, 109355606
999999, 80903, 1
211, 9206359, 9206359
190, 75541079, 9206359
750, 109355607, 109355607
999999, 80947, 102
750, 109355709, 109355709
999999, 81193, 253
266, 75703226, 75703226
750, 109355962, 109355962
999999, 80941, 1
265, 75703227, 75703227
750, 109355963, 109355963
999999, 81203, 319
264, 75703546, 75703546
750, 109356282, 109356282
999999, 80885, 10
263, 75703556, 75703556
750, 109356292, 109356292
999999, 80909, 1
262, 75703557, 75703557
750, 109356293, 109356293
999999, 81197, 254
750, 109356547, 109356547
999999, 81005, 61
750, 109356608, 109356608
198, 110003776, 109356608
999999, 81214, 1
750, 109356609, 109356609
198, 110003777, 109356609
999999, 81214, 281
199, 75542362, 75542362
750, 109356890, 109356890
999999, 80955, 50
750, 109356940, 109356940
999999, 81201, 1
750, 109356941, 109356941
999999, 81220, 301
263, 75704506, 75704506
750, 109357242, 109357242
999999, 81170, 1
999999, 81170, 43
750, 109357286, 109357286
999999, 81182, 1
750, 109357287, 109357287
999999, 81182, 278
999999, 81194, 47
210, 9208364, 9208364
206, 75543084, 9208364
750, 109357612, 109357612
999999, 81208, 1
209, 9208365, 9208365
206, 75543085, 9208365
750, 109357613, 109357613
999999, 81208, 219
750, 109357832, 109357832
999999, 81220, 1
750, 109357833, 109357833
999999, 81220, 95
750, 109357928, 109357928
999999, 81181, 1
750, 109357929, 109357929
999999, 81476, 275
750, 109358204, 109358204
999999, 81254, 1
750, 109358205, 109358205
999999, 81254, 47
208, 9209004, 9209004
210, 75543724, 75543724
750, 109358252, 109358252
999999, 81480, 1
207, 9209005, 9209005
210, 75543725, 75543725
750, 109358253, 109358253
999999, 81480, 309
264, 75705826, 75705826
750, 109358562, 109358562
999999, 81216, 320
263, 75706146, 75706146
750, 109358882, 109358882
999999, 80897, 258
206, 9209892, 9209892
212, 75544612, 75544612
750, 109359140, 109359140
999999, 80896, 1
205, 9209893, 9209893
212, 75544613, 75544613
750, 109359141, 109359141
999999, 80896, 249
205, 9210142, 9210142
195, 42701086, 9210142
212, 75544862, 75544862
263, 75706654, 75706654
750, 109359390, 109359390
198, 110006558, 109359390
999999, 80706, 60
205, 9210202, 9210202
212, 75544922, 75544922
750, 109359450, 109359450
999999, 80647, 1
205, 9210203, 9210203
212, 75544923, 75544923
750, 109359451, 109359451
999999, 80835, 244
197, 42701391, 42701391
750, 109359695, 109359695
999999, 80592, 69
750, 109359764, 109359764
999999, 80582, 1
750, 109359765, 109359765
999999, 80833, 249
196, 42701710, 42701710
750, 109360014, 109360014
999999, 80672, 110
750, 109360124, 109360124
999999, 80563, 1
750, 109360125, 109360125
999999, 80793, 214
205, 9211091, 9211091
213, 75545811, 75545811
750, 109360339, 109360339
999999, 80580, 87
750, 109360426, 109360426
999999, 80546, 1
750, 109360427, 109360427
999999, 80546, 290
750, 109360717, 109360717
999999, 80517, 253
750, 109360970, 109360970
999999, 80352, 106
750, 109361076, 109361076
999999, 80523, 1
750, 109361077, 109361077
999999, 80583, 215
219, 75546764, 75546764
750, 109361292, 109361292
999999, 80623, 1
219, 75546765, 75546765
750, 109361293, 109361293
999999, 80631, 67
219, 75546832, 75546832
750, 109361360, 109361360
999999, 80862, 1
219, 75546833, 75546833
750, 109361361, 109361361
999999, 80862, 243
268, 75708868, 75708868
750, 109361604, 109361604
999999, 80638, 1
267, 75708869, 75708869
750, 109361605, 109361605
999999, 80638, 338
750, 109361943, 109361943
999999, 80591, 96
750, 109362039, 109362039
999999, 80496, 226
750, 109362265, 109362265
999999, 80343, 77
750, 109362342, 109362342
999999, 80267, 1
750, 109362343, 109362343
999999, 80496, 276
269, 75709883, 75709883
750, 109362619, 109362619
999999, 80282, 49
204, 9213420, 9213420
226, 75548140, 75548140
750, 109362668, 109362668
999999, 80492, 1
203, 9213421, 9213421
225, 75548141, 75548141
750, 109362669, 109362669
999999, 80569, 213
224, 75548354, 75548354
750, 109362882, 109362882
999999, 80357, 110
197, 42704688, 42704688
223, 75548464, 75548464
750, 109362992, 109362992
999999, 80474, 1
999999, 80474, 254
202, 9213999, 9213999
750, 109363247, 109363247
999999, 80579, 329
202, 9214328, 9214328
268, 75710840, 75710840
750, 109363576, 109363576
999999, 80264, 1
202, 9214329, 9214329
267, 75710841, 75710841
750, 109363577, 109363577
999999, 80264, 41
201, 9214370, 9214370
266, 75710882, 75710882
750, 109363618, 109363618
999999, 80490, 1
200, 9214371, 9214371
265, 75710883, 75710883
750, 109363619, 109363619
999999, 80490, 225
199, 9214596, 9214596
264, 75711108, 75711108
750, 109363844, 109363844
999999, 80324, 94
198, 9214690, 9214690
263, 75711202, 75711202
750, 109363938, 109363938
999999, 80231, 1
999999, 80515, 222
196, 9214913, 9214913
750, 109364161, 109364161
999999, 80631, 95
196, 9215008, 9215008
195, 42705952, 9215008
221, 75549728, 75549728
261, 75711520, 75711520
750, 109364256, 109364256
204, 110011424, 109364256
999999, 80545, 1
195, 9215009, 9215009
195, 42705953, 42705953
220, 75549729, 75549729
261, 75711521, 75711521
750, 109364257, 109364257
203, 110011425, 109364257
999999, 80848, 190
195, 9215199, 9215199
195, 42706143, 42706143
220, 75549919, 75549919
261, 75711711, 75711711
750, 109364447, 109364447
203, 110011615, 109364447
999999, 80705, 61
195, 9215260, 9215260
261, 75711772, 75711772
750, 109364508, 109364508
999999, 80645, 1
195, 9215261, 9215261
261, 75711773, 75711773
750, 109364509, 109364509
999999, 80833, 254
195, 9215515, 9215515
222, 75550235, 75550235
750, 109364763, 109364763
999999, 80580, 91
194, 9215606, 9215606
750, 109364854, 109364854
999999, 80551, 320
194, 9215926, 9215926
750, 109365174, 109365174
999999, 80484, 1
999999, 80527, 225
750, 109365400, 109365400
999999, 80303, 1
750, 109365401, 109365401
999999, 80613, 55
750, 109365456, 109365456
999999, 80559, 1
750, 109365457, 109365457
999999, 80566, 265
750, 109365722, 109365722
999999, 80575, 44
264, 75713030, 75713030
750, 109365766, 109365766
999999, 80578, 1
263, 75713031, 75713031
750, 109365767, 109365767
999999, 80578, 304
750, 109366071, 109366071
999999, 80547, 13
264, 75713348, 75713348
750, 109366084, 109366084
999999, 80535, 1
263, 75713349, 75713349
750, 109366085, 109366085
999999, 80577, 261
750, 109366346, 109366346
999999, 80317, 1
750, 109366347, 109366347
999999, 80611, 106
750, 109366453, 109366453
999999, 80506, 253
194, 9217458, 9217458
750, 109366706, 109366706
999999, 80274, 63
750, 109366769, 109366769
999999, 80212, 235
265, 75714268, 75714268
750, 109367004, 109367004
999999, 80286, 1
265, 75714269, 75714269
750, 109367005, 109367005
999999, 80286, 45
750, 109367050, 109367050
999999, 80250, 1
750, 109367051, 109367051
999999, 80250, 251
266, 75714566, 75714566
750, 109367302, 109367302
999999, 80252, 1
266, 75714567, 75714567
750, 109367303, 109367303
999999, 80314, 319
265, 75714886, 75714886
750, 109367622, 109367622
999999, 80279, 114
265, 75715000, 75715000
750, 109367736, 109367736
999999, 80258, 1
264, 75715001, 75715001
750, 109367737, 109367737
999999, 80473, 215
750, 109367952, 109367952
999999, 80259, 1
750, 109367953, 109367953
999999, 80307, 95
750, 109368048, 109368048
999999, 80213, 1
750, 109368049, 109368049
999999, 80481, 225
193, 9219026, 9219026
226, 75553746, 75553746
750, 109368274, 109368274
999999, 80257, 1
192, 9219027, 9219027
225, 75553747, 75553747
750, 109368275, 109368275
999999, 80345, 89
191, 9219116, 9219116
224, 75553836, 75553836
750, 109368364, 109368364
999999, 80257, 1
190, 9219117, 9219117
224, 75553837, 75553837
750, 109368365, 109368365
999999, 80475, 249
750, 109368614, 109368614
999999, 80322, 1
750, 109368615, 109368615
999999, 80547, 285
189, 9219652, 9219652
265, 75716164, 75716164
750, 109368900, 109368900
999999, 80263, 1
188, 9219653, 9219653
264, 75716165, 75716165
750, 109368901, 109368901
999999, 80366, 99
187, 9219752, 9219752
224, 75554472, 75554472
750, 109369000, 109369000
999999, 80525, 216
187, 9219968, 9219968
750, 109369216, 109369216
999999, 80632, 1
187, 9219969, 9219969
750, 109369217, 109369217
999999, 80632, 95
199, 42711008, 42711008
223, 75554784, 75554784
263, 75716576, 75716576
750, 109369312, 109369312
214, 110016480, 109369312
999999, 80578, 1
198, 42711009, 42711009
222, 75554785, 75554785
262, 75716577, 75716577
750, 109369313, 109369313
213, 110016481, 109369313
999999, 80578, 189
197, 42711198, 42711198
221, 75554974, 75554974
261, 75716766, 75716766
750, 109369502, 109369502
212, 110016670, 109369502
999999, 80650, 1
196, 42711199, 42711199
220, 75554975, 75554975
260, 75716767, 75716767
750, 109369503, 109369503
211, 110016671, 109369503
999999, 80650, 59
750, 109369562, 109369562
999999, 80646, 1
750, 109369563, 109369563
999999, 80646, 257
262, 75717084, 75717084
750, 109369820, 109369820
999999, 80578, 43
262, 75717127, 75717127
750, 109369863, 109369863
999999, 80536, 278
261, 75717405, 75717405
750, 109370141, 109370141
999999, 80305, 81
750, 109370222, 109370222
999999, 80492, 1
750, 109370223, 109370223
999999, 80550, 227
188, 9221202, 9221202
225, 75555922, 75555922
750, 109370450, 109370450
999999, 80584, 62
750, 109370512, 109370512
999999, 80523, 1
750, 109370513, 109370513
999999, 80613, 261
750, 109370774, 109370774
999999, 80353, 1
750, 109370775, 109370775
999999, 80565, 62
750, 109370837, 109370837
999999, 80504, 293
263, 75718394, 75718394
750, 109371130, 109371130
999999, 80271, 1
262, 75718395, 75718395
750, 109371131, 109371131
999999, 80605, 49
999999, 80557, 1
188, 9221933, 9221933
226, 75556653, 75556653
750, 109371181, 109371181
999999, 80793, 271
225, 75556924, 75556924
750, 109371452, 109371452
214, 110018620, 109371452
999999, 80523, 1
224, 75556925, 75556925
750, 109371453, 109371453
213, 110018621, 109371453
999999, 80629, 303
188, 9222508, 9222508
223, 75557228, 75557228
750, 109371756, 109371756
999999, 80327, 1
187, 9222509, 9222509
222, 75557229, 75557229
750, 109371757, 109371757
999999, 80589, 53
221, 75557282, 75557282
263, 75719074, 75719074
750, 109371810, 109371810
999999, 80537, 1
220, 75557283, 75557283
262, 75719075, 75719075
750, 109371811, 109371811
999999, 80586, 243
219, 75557526, 75557526
750, 109372054, 109372054
999999, 80604, 1
218, 75557527, 75557527
750, 109372055, 109372055
999999, 80604, 61
199, 42713812, 42713812
217, 75557588, 75557588
750, 109372116, 109372116
999999, 80557, 1
198, 42713813, 42713813
216, 75557589, 75557589
750, 109372117, 109372117
999999, 80826, 289
215, 75557878, 75557878
750, 109372406, 109372406
999999, 80632, 1
214, 75557879, 75557879
750, 109372407, 109372407
999999, 80632, 52
199, 42714155, 42714155
213, 75557931, 75557931
750, 109372459, 109372459
999999, 80799, 320
376, 109372778, 109372778
999999, 80480, 215
211, 75558466, 75558466
750, 109372994, 109372994
214, 110020162, 109372994
999999, 80374, 1
210, 75558467, 75558467
750, 109372995, 109372995
213, 110020163, 109372995
999999, 80693, 109
209, 75558576, 75558576
750, 109373104, 109373104
999999, 80585, 1
208, 75558577, 75558577
750, 109373105, 109373105
999999, 80833, 265
207, 75558842, 75558842
262, 75720634, 75720634
750, 109373370, 109373370
999999, 80569, 63
206, 75558905, 75558905
262, 75720697, 75720697
750, 109373433, 109373433
999999, 80520, 244
999999, 80555, 19
204, 75559168, 75559168
750, 109373696, 109373696
999999, 80537, 309
750, 109374005, 109374005
999999, 80276, 12
204, 75559489, 75559489
750, 109374017, 109374017
999999, 80555, 304
203, 75559793, 75559793
750, 109374321, 109374321
999999, 80305, 47
187, 9225120, 9225120
201, 42716064, 42716064
202, 75559840, 75559840
261, 75721632, 75721632
750, 109374368, 109374368
212, 110021536, 109374368
999999, 80259, 1
187, 9225121, 9225121
200, 42716065, 42716065
201, 75559841, 75559841
260, 75721633, 75721633
750, 109374369, 109374369
211, 110021537, 109374369
999999, 80531, 190
187, 9225311, 9225311
199, 42716255, 42716255
200, 75560031, 75560031
259, 75721823, 75721823
750, 109374559, 109374559
210, 110021727, 109374559
999999, 80342, 96
199, 75560127, 75560127
750, 109374655, 109374655
999999, 80291, 221
198, 75560348, 75560348
258, 75722140, 75722140
750, 109374876, 109374876
999999, 80071, 1
197, 75560349, 75560349
257, 75722141, 75722141
750, 109374877, 109374877
999999, 80339, 89
750, 109374966, 109374966
999999, 80251, 1
750, 109374967, 109374967
999999, 80298, 227
750, 109375194, 109375194
999999, 80260, 1
750, 109375195, 109375195
999999, 80321, 43
258, 75722502, 75722502
750, 109375238, 109375238
999999, 80279, 304
198, 75561014, 75561014
750, 109375542, 109375542
999999, 80216, 1
197, 75561015, 75561015
750, 109375543, 109375543
999999, 80547, 59
196, 75561074, 75561074
750, 109375602, 109375602
999999, 80489, 1
195, 75561075, 75561075
750, 109375603, 109375603
999999, 80579, 234
194, 75561309, 75561309
259, 75723101, 75723101
750, 109375837, 109375837
999999, 80346, 54
192, 9226643, 9226643
193, 75561363, 75561363
750, 109375891, 109375891
999999, 80518, 243
192, 75561606, 75561606
258, 75723398, 75723398
750, 109376134, 109376134
999999, 80330, 1
191, 75561607, 75561607
257, 75723399, 75723399
750, 109376135, 109376135
999999, 80330, 101
191, 9226988, 9226988
190, 75561708, 9226988
750, 109376236, 109376236
999999, 80530, 1
190, 9226989, 9226989
189, 75561709, 9226989
750, 109376237, 109376237
999999, 80530, 217
188, 75561926, 75561926
258, 75723718, 75723718
750, 109376454, 109376454
999999, 80332, 115
373, 109376568, 109376568
999999, 80466, 207
750, 109376776, 109376776
999999, 80356, 96
189, 9227624, 9227624
750, 109376872, 109376872
999999, 80261, 1
188, 9227625, 9227625
750, 109376873, 109376873
999999, 80481, 229
750, 109377102, 109377102
999999, 80253, 1
750, 109377103, 109377103
999999, 80307, 351
750, 109377454, 109377454
999999, 80248, 75
256, 75724793, 75724793
750, 109377529, 109377529
999999, 80174, 205
255, 75724998, 75724998
750, 109377734, 109377734
999999, 80028, 1
254, 75724999, 75724999
750, 109377735, 109377735
999999, 80028, 107
750, 109377842, 109377842
999999, 80204, 1
750, 109377843, 109377843
999999, 80215, 257
750, 109378100, 109378100
999999, 80262, 1
750, 109378101, 109378101
999999, 80262, 47
750, 109378148, 109378148
999999, 80222, 238
187, 9229138, 9229138
750, 109378386, 109378386
999999, 79985, 306
256, 75725956, 75725956
750, 109378692, 109378692
999999, 79944, 1
255, 75725957, 75725957
750, 109378693, 109378693
999999, 79944, 99
750, 109378792, 109378792
999999, 79913, 1
750, 109378793, 109378793
999999, 80207, 219
254, 75726276, 75726276
750, 109379012, 109379012
999999, 79989, 1
253, 75726277, 75726277
750, 109379013, 109379013
999999, 80035, 99
750, 109379112, 109379112
999999, 80173, 264
750, 109379376, 109379376
999999, 79956, 1
750, 109379377, 109379377
999999, 80305, 48
999999, 80258, 189
187, 9230366, 9230366
212, 42721310, 42721310
252, 75726878, 75726878
750, 109379614, 109379614
208, 110026782, 109379614
999999, 80334, 62
211, 42721372, 42721372
251, 75726940, 75726940
750, 109379676, 109379676
999999, 80273, 1
211, 42721373, 42721373
250, 75726941, 75726941
750, 109379677, 109379677
999999, 80325, 249
211, 42721622, 42721622
750, 109379926, 109379926
999999, 80077, 66
210, 42721688, 42721688
250, 75727256, 75727256
750, 109379992, 109379992
999999, 80232, 1
209, 42721689, 42721689
250, 75727257, 75727257
750, 109379993, 109379993
999999, 80232, 253
209, 42721942, 42721942
750, 109380246, 109380246
999999, 80074, 1
209, 42721943, 42721943
750, 109380247, 109380247
999999, 80263, 88
208, 42722031, 42722031
750, 109380335, 109380335
999999, 80231, 227
207, 42722258, 42722258
750, 109380562, 109380562
999999, 80005, 1
206, 42722259, 42722259
750, 109380563, 109380563
999999, 80307, 97
205, 42722356, 42722356
750, 109380660, 109380660
999999, 80211, 218
190, 9231630, 9231630
204, 42722574, 42722574
750, 109380878, 109380878
999999, 80268, 1
189, 9231631, 9231631
203, 42722575, 42722575
750, 109380879, 109380879
999999, 80268, 55
202, 42722630, 42722630
253, 75728198, 75728198
750, 109380934, 109380934
999999, 80311, 1
999999, 80515, 270
188, 9231957, 9231957
200, 42722901, 42722901
750, 109381205, 109381205
999999, 80246, 85
187, 9232042, 9232042
199, 42722986, 42722986
188, 76208874, 42722986
750, 109381290, 109381290
999999, 80222, 1
198, 42722987, 42722987
187, 76208875, 42722987
750, 109381291, 109381291
999999, 80222, 274
197, 42723261, 42723261
252, 75728829, 75728829
750, 109381565, 109381565
999999, 80258, 45
196, 42723306, 42723306
750, 109381610, 109381610
999999, 80274, 1
999999, 80274, 252
195, 42723559, 42723559
251, 75729127, 75729127
750, 109381863, 109381863
999999, 80229, 26
195, 42723585, 42723585
250, 75729153, 75729153
750, 109381889, 109381889
999999, 80204, 269
195, 42723854, 42723854
750, 109382158, 109382158
999999, 80036, 1
195, 42723855, 42723855
750, 109382159, 109382159
999999, 80036, 59
194, 42723914, 42723914
750, 109382218, 109382218
999999, 80192, 1
193, 42723915, 42723915
750, 109382219, 109382219
999999, 80192, 300
193, 42724215, 42724215
750, 109382519, 109382519
207, 110029687, 109382519
999999, 79995, 17
193, 42724232, 42724232
750, 109382536, 109382536
206, 110029704, 109382536
999999, 79979, 1
192, 42724233, 42724233
750, 109382537, 109382537
205, 110029705, 109382537
999999, 80199, 271
191, 42724504, 42724504
250, 75730072, 75730072
750, 109382808, 109382808
999999, 80012, 1
190, 42724505, 42724505
250, 75730073, 75730073
750, 109382809, 109382809
999999, 80012, 89
190, 42724594, 42724594
750, 109382898, 109382898
204, 110030066, 109382898
999999, 80164, 214
190, 42724808, 42724808
750, 109383112, 109383112
203, 110030280, 109383112
999999, 79951, 1
189, 42724809, 42724809
750, 109383113, 109383113
202, 110030281, 109383113
999999, 80045, 95
188, 42724904, 42724904
191, 75568680, 75568680
750, 109383208, 109383208
999999, 79951, 1
187, 42724905, 42724905
190, 75568681, 75568681
750, 109383209, 109383209
999999, 80175, 269
187, 42725174, 42725174
750, 109383478, 109383478
201, 110030646, 109383478
999999, 80209, 60
750, 109383538, 109383538
200, 110030706, 109383538
999999, 80222, 1
750, 109383539, 109383539
199, 110030707, 109383539
999999, 80222, 207
249, 75731010, 75731010
189, 76211330, 75731010
750, 109383746, 109383746
999999, 80293, 1
248, 75731011, 75731011
188, 76211331, 75731011
750, 109383747, 109383747
999999, 80351, 101
189, 75569320, 75569320
188, 76211432, 75569320
750, 109383848, 109383848
999999, 80496, 220
247, 75731332, 75731332
750, 109384068, 109384068
999999, 80332, 1
246, 75731333, 75731333
750, 109384069, 109384069
999999, 80332, 99
188, 75569640, 75569640
187, 76211752, 75569640
750, 109384168, 109384168
999999, 80524, 1
187, 75569641, 75569641
750, 109384169, 109384169
999999, 80524, 263
750, 109384432, 109384432
999999, 80544, 1
750, 109384433, 109384433
999999, 80544, 47
245, 75731744, 75731744
750, 109384480, 109384480
198, 110031648, 109384480
999999, 80578, 1
244, 75731745, 75731745
750, 109384481, 109384481
197, 110031649, 109384481
999999, 80839, 189
243, 75731934, 75731934
750, 109384670, 109384670
196, 110031838, 109384670
999999, 80651, 56
750, 109384726, 109384726
999999, 80650, 260
244, 75732250, 75732250
750, 109384986, 109384986
195, 110032154, 109384986
999999, 80391, 1
405, 26547513, 26547513
999999, 80580, 92
750, 109385079, 109385079
193, 110032247, 109385079
999999, 80547, 230
245, 75732573, 75732573
750, 109385309, 109385309
999999, 80318, 81
750, 109385390, 109385390
999999, 80488, 269
244, 75732923, 75732923
750, 109385659, 109385659
999999, 80220, 48
750, 109385707, 109385707
999999, 80223, 228
750, 109385935, 109385935
999999, 79996, 107
243, 75733306, 75733306
750, 109386042, 109386042
999999, 80162, 1
242, 75733307, 75733307
750, 109386043, 109386043
999999, 80162, 257
241, 75733564, 75733564
750, 109386300, 109386300
999999, 79986, 1
240, 75733565, 75733565
750, 109386301, 109386301
999999, 79986, 54
750, 109386355, 109386355
192, 110033523, 109386355
999999, 80147, 251
750, 109386606, 109386606
999999, 79897, 1
750, 109386607, 109386607
999999, 79991, 34
750, 109386641, 109386641
999999, 80198, 284
750, 109386925, 109386925
999999, 80001, 301
239, 75734490, 75734490
750, 109387226, 109387226
191, 110034394, 109387226
999999, 79701, 1
999999, 79921, 48
999999, 79967, 257
750, 109387532, 109387532
189, 110034700, 109387532
999999, 79711, 109
237, 75734905, 75734905
750, 109387641, 109387641
999999, 79822, 257
236, 75735162, 75735162
750, 109387898, 109387898
999999, 79678, 1
235, 75735163, 75735163
750, 109387899, 109387899
999999, 79678, 9
187, 9248772, 9248772
234, 75735172, 75735172
750, 109387908, 109387908
999999, 79913, 1
233, 75735173, 75735173
750, 109387909, 109387909
999999, 79971, 253
232, 75735426, 75735426
750, 109388162, 109388162
188, 110035330, 109388162
999999, 79719, 62
187, 75573696, 75573696
231, 75735488, 75735488
750, 109388224, 109388224
187, 110035392, 109388224
999999, 79895, 1
230, 75735489, 75735489
750, 109388225, 109388225
999999, 79989, 279
229, 75735768, 75735768
750, 109388504, 109388504
999999, 79711, 1
228, 75735769, 75735769
750, 109388505, 109388505
999999, 79972, 91
750, 109388596, 109388596
999999, 80200, 254
750, 109388850, 109388850
999999, 79947, 1
750, 109388851, 109388851
999999, 79952, 13
227, 75736128, 75736128
750, 109388864, 109388864
999999, 80242, 1
226, 75736129, 75736129
750, 109388865, 109388865
999999, 80242, 355
225, 75736484, 75736484
750, 109389220, 109389220
999999, 79934, 1
224, 75736485, 75736485
750, 109389221, 109389221
999999, 79934, 259
750, 109389480, 109389480
999999, 79942, 1
750, 109389481, 109389481
999999, 79963, 245
225, 75736990, 75736990
750, 109389726, 109389726
999999, 79719, 1
224, 75736991, 75736991
750, 109389727, 109389727
999999, 79972, 55
750, 109389782, 109389782
999999, 80236, 248
750, 109390030, 109390030
999999, 79989, 1
750, 109390031, 109390031
999999, 80089, 69
750, 109390100, 109390100
999999, 80285, 1
750, 109390101, 109390101
999999, 80332, 249
187, 9251214, 9251214
750, 109390350, 109390350
999999, 80272, 1
187, 9251215, 9251215
750, 109390351, 109390351
999999, 80272, 107
226, 75737722, 75737722
750, 109390458, 109390458
999999, 80213, 1
225, 75737723, 75737723
750, 109390459, 109390459
999999, 80481, 203
224, 75737926, 75737926
750, 109390662, 109390662
999999, 80279, 1
223, 75737927, 75737927
750, 109390663, 109390663
999999, 80367, 59
191, 9251586, 9251586
222, 75737986, 75737986
750, 109390722, 109390722
999999, 80309, 1
191, 9251587, 9251587
221, 75737987, 75737987
750, 109390723, 109390723
999999, 80537, 275
323, 47262860, 47262860
275, 114568332, 47262860
999999, 80263, 48
999999, 80260, 310
219, 75738620, 75738620
750, 109391356, 109391356
999999, 79951, 1
219, 75738621, 75738621
750, 109391357, 109391357
999999, 80263, 45
189, 9252266, 9252266
750, 109391402, 109391402
999999, 80219, 1
188, 9252267, 9252267
750, 109391403, 109391403
999999, 80483, 225
750, 109391628, 109391628
999999, 80259, 1
750, 109391629, 109391629
999999, 80319, 53
219, 75738946, 75738946
750, 109391682, 109391682
999999, 80267, 258
219, 75739204, 75739204
750, 109391940, 109391940
999999, 80310, 338
750, 109392278, 109392278
999999, 79994, 96
750, 109392374, 109392374
999999, 79899, 248
750, 109392622, 109392622
999999, 79950, 1
750, 109392623, 109392623
999999, 79950, 33
750, 109392656, 109392656
999999, 79924, 1
750, 109392657, 109392657
999999, 79924, 297
220, 75740218, 75740218
750, 109392954, 109392954
999999, 79983, 1
219, 75740219, 75740219
750, 109392955, 109392955
999999, 80220, 13
750, 109392968, 109392968
999999, 80302, 1
750, 109392969, 109392969
999999, 80302, 345
188, 42735010, 42735010
218, 75740578, 75740578
750, 109393314, 109393314
999999, 80219, 1
187, 42735011, 42735011
217, 75740579, 75740579
750, 109393315, 109393315
999999, 80223, 231
750, 109393546, 109393546
999999, 80300, 56
191, 9254466, 9254466
216, 75740866, 75740866
750, 109393602, 109393602
999999, 80245, 1
190, 9254467, 9254467
215, 75740867, 75740867
750, 109393603, 109393603
999999, 80561, 297
188, 8607596, 8607596
189, 9254764, 9254764
750, 109393900, 109393900
999999, 80265, 1
187, 8607597, 8607597
188, 9254765, 9254765
750, 109393901, 109393901
999999, 80310, 67
750, 109393968, 109393968
999999, 80482, 216
750, 109394184, 109394184
999999, 80267, 1
750, 109394185, 109394185
999999, 80314, 407
190, 9255456, 9255456
188, 42736288, 9255456
214, 75741856, 75741856
750, 109394592, 109394592
999999, 80216, 1
189, 9255457, 9255457
188, 42736289, 9255457
213, 75741857, 75741857
750, 109394593, 109394593
999999, 80216, 189
188, 9255646, 9255646
187, 42736478, 9255646
213, 75742046, 75742046
750, 109394782, 109394782
999999, 80071, 1
187, 9255647, 9255647
212, 75742047, 75742047
750, 109394783, 109394783
999999, 80297, 59
211, 75742106, 75742106
750, 109394842, 109394842
999999, 80239, 1
401, 26557369, 26557369
999999, 80329, 257
211, 75742364, 75742364
750, 109395100, 109395100
999999, 80073, 82
750, 109395182, 109395182
999999, 80258, 1
750, 109395183, 109395183
999999, 80258, 231
750, 109395414, 109395414
999999, 80075, 1
750, 109395415, 109395415
999999, 80263, 100
213, 75742779, 75742779
750, 109395515, 109395515
999999, 80164, 251
750, 109395766, 109395766
999999, 79960, 293
188, 42737755, 42737755
212, 75743323, 75743323
750, 109396059, 109396059
999999, 79937, 49
188, 8609804, 8609804
750, 109396108, 109396108
999999, 79889, 1
187, 8609805, 8609805
750, 109396109, 109396109
999999, 79981, 289
750, 109396398, 109396398
999999, 79693, 1
750, 109396399, 109396399
999999, 80007, 69
750, 109396468, 109396468
999999, 79939, 1
750, 109396469, 109396469
999999, 80185, 249
187, 8610414, 8610414
750, 109396718, 109396718
999999, 80233, 1
750, 109396719, 109396719
999999, 80319, 33
750, 109396752, 109396752
999999, 80508, 1
750, 109396753, 109396753
999999, 80508, 295
213, 75744312, 75744312
750, 109397048, 109397048
999999, 80320, 1
212, 75744313, 75744313
750, 109397049, 109397049
999999, 80320, 56
750, 109397105, 109397105
999999, 80475, 269
999999, 80207, 1
210, 75744639, 75744639
750, 109397375, 109397375
999999, 80307, 19
194, 8600978, 8600978
750, 109397394, 109397394
999999, 80289, 1
193, 8600979, 8600979
750, 109397395, 109397395
999999, 80509, 292
750, 109397687, 109397687
999999, 80266, 271
209, 75745222, 75745222
750, 109397958, 109397958
999999, 80276, 1
208, 75745223, 75745223
750, 109397959, 109397959
999999, 80276, 74
195, 9258897, 9258897
750, 109398033, 109398033
999999, 80245, 290
750, 109398323, 109398323
999999, 79956, 61
999999, 80155, 232
192, 42740312, 42740312
208, 75745880, 75745880
750, 109398616, 109398616
999999, 79980, 1
999999, 79980, 47
750, 109398664, 109398664
999999, 80231, 1
750, 109398665, 109398665
999999, 80291, 304
999999, 79988, 44
190, 42740709, 42740709
206, 75746277, 75746277
750, 109399013, 109399013
999999, 80197, 261
750, 109399274, 109399274
999999, 79937, 1
999999, 79997, 57
999999, 79941, 268
750, 109399600, 109399600
999999, 79948, 1
750, 109399601, 109399601
999999, 79948, 47
192, 8603232, 8603232
195, 9260512, 9260512
188, 42741344, 9260512
204, 75746912, 75746912
750, 109399648, 109399648
999999, 79956, 1
191, 8603233, 8603233
194, 9260513, 9260513
187, 42741345, 9260513
203, 75746913, 75746913
750, 109399649, 109399649
999999, 79956, 189
190, 8603422, 8603422
193, 9260702, 9260702
202, 75747102, 75747102
750, 109399838, 109399838
999999, 80026, 48
192, 9260750, 9260750
750, 109399886, 109399886
999999, 79979, 584
750, 109400470, 109400470
999999, 79402, 1
750, 109400471, 109400471
999999, 79402, 88
194, 9261423, 9261423
750, 109400559, 109400559
999999, 79620, 229
750, 109400788, 109400788
999999, 79444, 1
750, 109400789, 109400789
999999, 79444, 45
201, 75748098, 75748098
750, 109400834, 109400834
999999, 79614, 280
200, 75748378, 75748378
750, 109401114, 109401114
999999, 79335, 1
200, 75748379, 75748379
750, 109401115, 109401115
999999, 79430, 55
750, 109401170, 109401170
999999, 79564, 296
200, 75748730, 75748730
750, 109401466, 109401466
999999, 79364, 10
199, 75748740, 75748740
750, 109401476, 109401476
999999, 79562, 299
750, 109401775, 109401775
999999, 79264, 317
750, 109402092, 109402092
999999, 79021, 1
750, 109402093, 109402093
999999, 79265, 56
200, 9263013, 9263013
198, 75749413, 9263013
750, 109402149, 109402149
999999, 79210, 247
197, 75749660, 75749660
750, 109402396, 109402396
999999, 79032, 1
196, 75749661, 75749661
750, 109402397, 109402397
999999, 79032, 95
999999, 79182, 1
194, 75749757, 75749757
750, 109402493, 109402493
999999, 79182, 213
750, 109402706, 109402706
999999, 79060, 1
750, 109402707, 109402707
999999, 79299, 89
750, 109402796, 109402796
999999, 79211, 1
750, 109402797, 109402797
999999, 79527, 265
750, 109403062, 109403062
999999, 79348, 1
999999, 79348, 51
750, 109403114, 109403114
999999, 79570, 1
750, 109403115, 109403115
999999, 79570, 257
750, 109403372, 109403372
999999, 79354, 68
750, 109403440, 109403440
999999, 79548, 226
750, 109403666, 109403666
999999, 79323, 1
750, 109403667, 109403667
999999, 79342, 48
193, 75750979, 75750979
750, 109403715, 109403715
999999, 79564, 305
750, 109404020, 109404020
999999, 79320, 12
193, 8607616, 8607616
202, 9264896, 9264896
192, 75751296, 9264896
750, 109404032, 109404032
999999, 79309, 1
192, 8607617, 8607617
201, 9264897, 9264897
192, 75751297, 9264897
750, 109404033, 109404033
999999, 79609, 257
200, 9265154, 9265154
192, 75751554, 9265154
750, 109404290, 109404290
999999, 79362, 1
199, 9265155, 9265155
192, 75751555, 9265155
750, 109404291, 109404291
999999, 79362, 97
191, 75751652, 75751652
750, 109404388, 109404388
999999, 79540, 1
190, 75751653, 75751653
750, 109404389, 109404389
999999, 79540, 253
198, 9265506, 9265506
189, 75751906, 9265506
750, 109404642, 109404642
999999, 79379, 1
197, 9265507, 9265507
188, 75751907, 9265507
750, 109404643, 109404643
999999, 79625, 61
212, 8446496, 8446496
191, 8608288, 8446496
196, 9265568, 8446496
187, 75751968, 8446496
750, 109404704, 109404704
999999, 79584, 190
212, 8446686, 8446686
190, 8608478, 8446686
195, 9265758, 8446686
750, 109404894, 109404894
999999, 79395, 1
212, 8446687, 8446687
189, 8608479, 8446687
194, 9265759, 8446687
750, 109404895, 109404895
999999, 79667, 55
188, 8608534, 8608534
750, 109404950, 109404950
999999, 79613, 1
187, 8608535, 8608535
750, 109404951, 109404951
999999, 79707, 321
750, 109405272, 109405272
999999, 79387, 246
750, 109405518, 109405518
999999, 79355, 1
750, 109405519, 109405519
999999, 79443, 73
750, 109405592, 109405592
999999, 79371, 1
750, 109405593, 109405593
999999, 79641, 291
197, 9266748, 9266748
750, 109405884, 109405884
999999, 79351, 1
196, 9266749, 9266749
750, 109405885, 109405885
999999, 79399, 321
750, 109406206, 109406206
999999, 79079, 1
750, 109406207, 109406207
999999, 79332, 13
192, 8609804, 8609804
750, 109406220, 109406220
999999, 79380, 1
192, 8609805, 8609805
750, 109406221, 109406221
999999, 79380, 249
750, 109406470, 109406470
999999, 79321, 1
750, 109406471, 109406471
999999, 79416, 65
192, 8610120, 8610120
750, 109406536, 109406536
999999, 79571, 1
191, 8610121, 8610121
750, 109406537, 109406537
999999, 79925, 307
750, 109406844, 109406844
999999, 79619, 1
750, 109406845, 109406845
999999, 79625, 5
750, 109406850, 109406850
999999, 79889, 1
750, 109406851, 109406851
999999, 79949, 303
190, 8610738, 8610738
750, 109407154, 109407154
999999, 79647, 1
189, 8610739, 8610739
750, 109407155, 109407155
999999, 79911, 47
750, 109407202, 109407202
999999, 79922, 1
750, 109407203, 109407203
999999, 80217, 235
750, 109407438, 109407438
999999, 79983, 1
750, 109407439, 109407439
999999, 79990, 107
239, 8449338, 8449338
188, 8611130, 8449338
750, 109407546, 109407546
999999, 80153, 252
187, 8611382, 8611382
750, 109407798, 109407798
999999, 79990, 14
240, 8449604, 8449604
206, 9268676, 8449604
750, 109407812, 109407812
999999, 80230, 1
240, 8449605, 8449605
206, 9268677, 8449605
750, 109407813, 109407813
999999, 80230, 305
206, 9268982, 9268982
750, 109408118, 109408118
999999, 79987, 1
205, 9268983, 9268983
750, 109408119, 109408119
999999, 80263, 17
750, 109408136, 109408136
999999, 80247, 1
750, 109408137, 109408137
999999, 80257, 263
750, 109408400, 109408400
999999, 79995, 96
750, 109408496, 109408496
999999, 80260, 229
750, 109408725, 109408725
999999, 80032, 81
750, 109408806, 109408806
999999, 80179, 1
750, 109408807, 109408807
999999, 80256, 262
204, 9269933, 9269933
750, 109409069, 109409069
999999, 80254, 67
750, 109409136, 109409136
999999, 80243, 212
251, 8451140, 8451140
750, 109409348, 109409348
999999, 80310, 94
203, 9270306, 9270306
750, 109409442, 109409442
999999, 80217, 1
202, 9270307, 9270307
750, 109409443, 109409443
999999, 80273, 257
750, 109409700, 109409700
999999, 80236, 60
254, 8451552, 8451552
202, 9270624, 8451552
189, 42468320, 8451552
750, 109409760, 109409760
999999, 80258, 1
254, 8451553, 8451553
201, 9270625, 8451553
188, 42468321, 8451553
750, 109409761, 109409761
999999, 80258, 189
254, 8451742, 8451742
201, 9270814, 8451742
188, 42468510, 8451742
750, 109409950, 109409950
999999, 80403, 1
254, 8451743, 8451743
200, 9270815, 8451743
187, 42468511, 8451743
750, 109409951, 109409951
999999, 80645, 55
750, 109410006, 109410006
999999, 80591, 296
200, 9271166, 9271166
750, 109410302, 109410302
999999, 80544, 62
750, 109410364, 109410364
999999, 80483, 1
750, 109410365, 109410365
999999, 80544, 313
750, 109410678, 109410678
999999, 80480, 1
999999, 80480, 225
750, 109410904, 109410904
999999, 80302, 1
750, 109410905, 109410905
999999, 80577, 47
750, 109410952, 109410952
999999, 80622, 1
750, 109410953, 109410953
999999, 80622, 323
750, 109411276, 109411276
999999, 80510, 298
750, 109411574, 109411574
999999, 80213, 1
750, 109411575, 109411575
999999, 80273, 11
750, 109411586, 109411586
999999, 80524, 1
750, 109411587, 109411587
999999, 80524, 312
269, 8453691, 8453691
750, 109411899, 109411899
999999, 80273, 13
750, 109411912, 109411912
999999, 80261, 298
750, 109412210, 109412210
999999, 80227, 1
750, 109412211, 109412211
999999, 80325, 49
750, 109412260, 109412260
999999, 80277, 1
750, 109412261, 109412261
999999, 80493, 234
750, 109412495, 109412495
999999, 80260, 55
750, 109412550, 109412550
999999, 80292, 1
750, 109412551, 109412551
999999, 80292, 261
750, 109412812, 109412812
999999, 80260, 1
750, 109412813, 109412813
999999, 80344, 93
750, 109412906, 109412906
999999, 80532, 1
750, 109412907, 109412907
999999, 80532, 273
999999, 80314, 1
750, 109413181, 109413181
999999, 80314, 45
201, 9274090, 9274090
750, 109413226, 109413226
999999, 80579, 1
200, 9274091, 9274091
750, 109413227, 109413227
999999, 80799, 263
750, 109413490, 109413490
999999, 80537, 1
750, 109413491, 109413491
999999, 80633, 49
287, 8455332, 8455332
750, 109413540, 109413540
999999, 80900, 266
199, 9274670, 9274670
750, 109413806, 109413806
999999, 80635, 1
198, 9274671, 9274671
750, 109413807, 109413807
999999, 80907, 61
197, 9274732, 9274732
750, 109413868, 109413868
999999, 80847, 1
196, 9274733, 9274733
750, 109413869, 109413869
999999, 80893, 228
195, 9274961, 9274961
750, 109414097, 109414097
999999, 80666, 87
194, 42472744, 42472744
187, 75599656, 42472744
750, 109414184, 109414184
999999, 80796, 1
999999, 80796, 223
750, 109414408, 109414408
999999, 80926, 1
750, 109414409, 109414409
999999, 80926, 351
750, 109414760, 109414760
999999, 80649, 1
750, 109414761, 109414761
999999, 80889, 55
298, 8456608, 8456608
196, 9275680, 8456608
192, 42473376, 8456608
750, 109414816, 109414816
999999, 80835, 1
298, 8456609, 8456609
196, 9275681, 8456609
192, 42473377, 8456609
750, 109414817, 109414817
999999, 80895, 250
400, 26577593, 26577593
999999, 80646, 243
197, 9276174, 9276174
750, 109415310, 109415310
999999, 80592, 74
750, 109415384, 109415384
999999, 80614, 1
750, 109415385, 109415385
999999, 80829, 293
301, 8457470, 8457470
198, 9276542, 8457470
750, 109415678, 109415678
999999, 80624, 23
750, 109415701, 109415701
999999, 80838, 289
999999, 80598, 1
750, 109415991, 109415991
999999, 80598, 59
750, 109416050, 109416050
999999, 80806, 1
750, 109416051, 109416051
999999, 80806, 233
750, 109416284, 109416284
999999, 80628, 94
307, 8458170, 8458170
750, 109416378, 109416378
999999, 80788, 1
307, 8458171, 8458171
750, 109416379, 109416379
999999, 80788, 215
750, 109416594, 109416594
999999, 80640, 102
999999, 80835, 1
750, 109416697, 109416697
999999, 80884, 217
750, 109416914, 109416914
999999, 80936, 91
750, 109417005, 109417005
999999, 80846, 267
193, 42475832, 42475832
750, 109417272, 109417272
999999, 80588, 1
192, 42475833, 42475833
750, 109417273, 109417273
999999, 80883, 47
191, 42475880, 42475880
750, 109417320, 109417320
999999, 80837, 1
190, 42475881, 42475881
750, 109417321, 109417321
999999, 80891, 241
316, 8459354, 8459354
750, 109417562, 109417562
999999, 80651, 1
316, 8459355, 8459355
750, 109417563, 109417563
999999, 80991, 49
750, 109417612, 109417612
999999, 81194, 1
750, 109417613, 109417613
999999, 81194, 253
750, 109417866, 109417866
999999, 81007, 1
750, 109417867, 109417867
999999, 81215, 97
750, 109417964, 109417964
999999, 81119, 1
750, 109417965, 109417965
999999, 81215, 232
750, 109418197, 109418197
999999, 81197, 81
750, 109418278, 109418278
999999, 81117, 1
750, 109418279, 109418279
999999, 81177, 221
325, 8460292, 8460292
750, 109418500, 109418500
999999, 81258, 1
325, 8460293, 8460293
750, 109418501, 109418501
999999, 81319, 333
750, 109418834, 109418834
999999, 81202, 1
750, 109418835, 109418835
999999, 81202, 95
364, 109418931, 109418931
999999, 81427, 1
204, 9279795, 9279795
750, 109418931, 109418931
999999, 81533, 244
750, 109419175, 109419175
999999, 81534, 65
193, 42477800, 42477800
750, 109419240, 109419240
999999, 81718, 255
750, 109419495, 109419495
999999, 81464, 66
193, 42478121, 42478121
750, 109419561, 109419561
999999, 81453, 249
207, 9280674, 9280674
750, 109419810, 109419810
999999, 81205, 1
207, 9280675, 9280675
750, 109419811, 109419811
999999, 81466, 251
335, 8461854, 8461854
206, 9280926, 8461854
192, 42478622, 8461854
750, 109420062, 109420062
999999, 81532, 61
335, 8461915, 8461915
750, 109420123, 109420123
999999, 81522, 292
335, 8462207, 8462207
206, 9281279, 8462207
750, 109420415, 109420415
999999, 81531, 11
750, 109420426, 109420426
999999, 81528, 1
750, 109420427, 109420427
999999, 81528, 260
205, 9281551, 9281551
192, 42479247, 9281551
750, 109420687, 109420687
999999, 81549, 103
192, 42479350, 42479350
750, 109420790, 109420790
999999, 81447, 1
192, 42479351, 42479351
750, 109420791, 109420791
999999, 81501, 211
192, 42479562, 42479562
750, 109421002, 109421002
999999, 81291, 1
191, 42479563, 42479563
750, 109421003, 109421003
999999, 81585, 97
750, 109421100, 109421100
999999, 81489, 1
750, 109421101, 109421101
999999, 81494, 233
188, 8564246, 8564246
204, 9282198, 9282198
750, 109421334, 109421334
999999, 81572, 1
187, 8564247, 8564247
203, 9282199, 9282199
750, 109421335, 109421335
999999, 81580, 61
202, 9282260, 9282260
750, 109421396, 109421396
999999, 81823, 1
999999, 81872, 255
190, 42480212, 42480212
750, 109421652, 109421652
999999, 81858, 1
999999, 81858, 85
188, 42480298, 42480298
750, 109421738, 109421738
999999, 81868, 1
187, 42480299, 42480299
750, 109421739, 109421739
999999, 81868, 267
750, 109422006, 109422006
999999, 81812, 1
750, 109422007, 109422007
999999, 81812, 51
750, 109422058, 109422058
999999, 81866, 1
750, 109422059, 109422059
999999, 81866, 264
750, 109422323, 109422323
999999, 81851, 13
357, 8464128, 8464128
750, 109422336, 109422336
999999, 81839, 1
357, 8464129, 8464129
750, 109422337, 109422337
999999, 82150, 283
750, 109422620, 109422620
999999, 81932, 1
750, 109422621, 109422621
999999, 81932, 55
750, 109422676, 109422676
999999, 82111, 1
750, 109422677, 109422677
999999, 82157, 281
750, 109422958, 109422958
999999, 81877, 34
750, 109422992, 109422992
999999, 82141, 1
750, 109422993, 109422993
999999, 82479, 245
750, 109423238, 109423238
999999, 82490, 108
750, 109423346, 109423346
999999, 82383, 1
750, 109423347, 109423347
999999, 82477, 209
367, 8465348, 8465348
187, 42118084, 8465348
750, 109423556, 109423556
999999, 82269, 1
367, 8465349, 8465349
187, 42118085, 8465349
750, 109423557, 109423557
999999, 82458, 95
367, 8465444, 8465444
750, 109423652, 109423652
999999, 82419, 1
367, 8465445, 8465445
750, 109423653, 109423653
999999, 82679, 277
999999, 82403, 1
367, 8465723, 8465723
750, 109423931, 109423931
999999, 82443, 265
367, 8465988, 8465988
750, 109424196, 109424196
999999, 82179, 100
187, 8567208, 8567208
192, 42482856, 42482856
750, 109424296, 109424296
999999, 82450, 254
191, 42483110, 42483110
750, 109424550, 109424550
999999, 82197, 1
190, 42483111, 42483111
750, 109424551, 109424551
999999, 82447, 65
195, 9336040, 9336040
189, 42483176, 9336040
750, 109424616, 109424616
999999, 82383, 1
194, 9336041, 9336041
188, 42483177, 9336041
750, 109424617, 109424617
999999, 82441, 215
372, 8466624, 8466624
210, 9285696, 8466624
193, 9336256, 8466624
187, 42483392, 8466624
750, 109424832, 109424832
999999, 82227, 1
372, 8466625, 8466625
210, 9285697, 8466625
192, 9336257, 8466625
187, 42483393, 8466625
750, 109424833, 109424833
999999, 82453, 96
372, 8466721, 8466721
210, 9285793, 8466721
191, 9336353, 8466721
189, 42119457, 8466721
187, 42483489, 8466721
750, 109424929, 109424929
999999, 82423, 189
372, 8466910, 8466910
210, 9285982, 8466910
190, 9336542, 8466910
188, 42119646, 8466910
187, 42483678, 8466910
750, 109425118, 109425118
999999, 82235, 63
750, 109425181, 109425181
999999, 82415, 254
373, 8467227, 8467227
209, 9286299, 8467227
750, 109425435, 109425435
999999, 82269, 49
208, 9286348, 9286348
750, 109425484, 109425484
999999, 82440, 1
207, 9286349, 9286349
750, 109425485, 109425485
999999, 82440, 266
206, 9286615, 9286615
750, 109425751, 109425751
999999, 82259, 87
205, 9286702, 9286702
750, 109425838, 109425838
999999, 82389, 1
204, 9286703, 9286703
750, 109425839, 109425839
999999, 82449, 267
378, 8467898, 8467898
188, 42120634, 8467898
750, 109426106, 109426106
999999, 82183, 48
750, 109426154, 109426154
999999, 82452, 1
750, 109426155, 109426155
999999, 82452, 239
380, 8468186, 8468186
750, 109426394, 109426394
999999, 82238, 50
750, 109426444, 109426444
999999, 82189, 262
203, 9287570, 9287570
750, 109426706, 109426706
999999, 82170, 1
202, 9287571, 9287571
750, 109426707, 109426707
999999, 82264, 326
201, 9287897, 9287897
750, 109427033, 109427033
999999, 82163, 77
200, 9287974, 9287974
750, 109427110, 109427110
999999, 82188, 1
199, 9287975, 9287975
750, 109427111, 109427111
999999, 82188, 221
386, 8469124, 8469124
195, 9338756, 8469124
191, 42121860, 8469124
750, 109427332, 109427332
999999, 82228, 1
386, 8469125, 8469125
194, 9338757, 8469125
190, 42121861, 8469125
750, 109427333, 109427333
999999, 82228, 59
386, 8469184, 8469184
193, 9338816, 8469184
750, 109427392, 109427392
999999, 82225, 1
386, 8469185, 8469185
192, 9338817, 8469185
750, 109427393, 109427393
999999, 82452, 317
386, 8469502, 8469502
750, 109427710, 109427710
999999, 82216, 1
386, 8469503, 8469503
750, 109427711, 109427711
999999, 82216, 13
750, 109427724, 109427724
999999, 82464, 1
750, 109427725, 109427725
999999, 82464, 263
750, 109427988, 109427988
999999, 82268, 82
198, 9288934, 9288934
750, 109428070, 109428070
999999, 82187, 238
198, 9289172, 9289172
750, 109428308, 109428308
999999, 82200, 87
750, 109428395, 109428395
999999, 82114, 257
750, 109428652, 109428652
999999, 81910, 1
750, 109428653, 109428653
999999, 81910, 59
750, 109428712, 109428712
999999, 82169, 1
750, 109428713, 109428713
999999, 82357, 226
750, 109428939, 109428939
999999, 82132, 104
750, 109429043, 109429043
999999, 82089, 243
205, 9290150, 9290150
750, 109429286, 109429286
999999, 81847, 26
399, 8471104, 8471104
195, 9340736, 8471104
750, 109429312, 109429312
999999, 82062, 295
999999, 81768, 74
206, 9290545, 9290545
750, 109429681, 109429681
999999, 82027, 242
205, 9290787, 9290787
750, 109429923, 109429923
999999, 82102, 61
400, 8471776, 8471776
204, 9290848, 8471776
196, 9341408, 8471776
195, 42124512, 8471776
750, 109429984, 109429984
192, 109692896, 109429984
999999, 82089, 1
399, 8471777, 8471777
203, 9290849, 8471777
195, 9341409, 8471777
194, 42124513, 8471777
750, 109429985, 109429985
191, 109692897, 109429985
999999, 82362, 190
398, 8471967, 8471967
202, 9291039, 8471967
194, 9341599, 8471967
193, 42124703, 8471967
750, 109430175, 109430175
190, 109693087, 109430175
999999, 82227, 61
201, 9291100, 9291100
750, 109430236, 109430236
999999, 82167, 1
200, 9291101, 9291101
750, 109430237, 109430237
999999, 82463, 250
750, 109430487, 109430487
999999, 82214, 51
750, 109430538, 109430538
999999, 82222, 1
750, 109430539, 109430539
999999, 82222, 273
750, 109430812, 109430812
999999, 82159, 1
337, 3295239, 3295239
241, 104253447, 3295239
999999, 82227, 90
750, 109430903, 109430903
999999, 82138, 226
750, 109431129, 109431129
999999, 82195, 55
200, 9292048, 9292048
750, 109431184, 109431184
999999, 82194, 267
401, 8473243, 8473243
199, 9292315, 8473243
750, 109431451, 109431451
999999, 81928, 48
198, 9292363, 9292363
750, 109431499, 109431499
999999, 82129, 305
195, 9343228, 9343228
750, 109431804, 109431804
999999, 81825, 1
194, 9343229, 9343229
750, 109431805, 109431805
999999, 81883, 47
999999, 82093, 1
750, 109431853, 109431853
999999, 82408, 217
750, 109432070, 109432070
191, 109694982, 109432070
187, 109775878, 109432070
999999, 82284, 1
750, 109432071, 109432071
190, 109694983, 109432071
187, 109775879, 109432071
999999, 82284, 65
750, 109432136, 109432136
999999, 82476, 1
750, 109432137, 109432137
999999, 82488, 299
193, 9343860, 9343860
750, 109432436, 109432436
999999, 82462, 1
192, 9343861, 9343861
750, 109432437, 109432437
999999, 82462, 45
750, 109432482, 109432482
999999, 82512, 1
750, 109432483, 109432483
999999, 82512, 249
750, 109432732, 109432732
190, 109776540, 109432732
999999, 82472, 1
750, 109432733, 109432733
189, 109776541, 109432733
999999, 82472, 47
750, 109432780, 109432780
999999, 82532, 1
750, 109432781, 109432781
999999, 82532, 268
750, 109433049, 109433049
999999, 82515, 307
750, 109433356, 109433356
188, 109777164, 109433356
999999, 82209, 1
750, 109433357, 109433357
187, 109777165, 109433357
999999, 82275, 53
750, 109433410, 109433410
999999, 82478, 1
750, 109433411, 109433411
999999, 82478, 257
415, 8475460, 8475460
201, 42128196, 8475460
750, 109433668, 109433668
187, 109777476, 109433668
999999, 82268, 1
415, 8475461, 8475461
201, 42128197, 8475461
750, 109433669, 109433669
187, 109777477, 109433669
999999, 82268, 100
750, 109433769, 109433769
187, 109777577, 109433769
999999, 82357, 226
750, 109433995, 109433995
193, 109696907, 109433995
999999, 82132, 61
750, 109434056, 109434056
999999, 82118, 1
750, 109434057, 109434057
999999, 82118, 298
999999, 82090, 14
419, 8476161, 8476161
212, 9295233, 8476161
750, 109434369, 109434369
999999, 82165, 319
418, 8476480, 8476480
211, 9295552, 8476480
750, 109434688, 109434688
999999, 81847, 1
417, 8476481, 8476481
210, 9295553, 8476481
750, 109434689, 109434689
999999, 82073, 255
416, 8476736, 8476736
750, 109434944, 109434944
999999, 81903, 1
416, 8476737, 8476737
750, 109434945, 109434945
999999, 82117, 95
415, 8476832, 8476832
209, 9295904, 8476832
195, 9346464, 8476832
204, 42129568, 8476832
750, 109435040, 109435040
192, 109697952, 109435040
999999, 82118, 1
414, 8476833, 8476833
208, 9295905, 8476833
194, 9346465, 8476833
203, 42129569, 8476833
750, 109435041, 109435041
191, 109697953, 109435041
999999, 82397, 189
413, 8477022, 8477022
207, 9296094, 8477022
193, 9346654, 8477022
202, 42129758, 8477022
750, 109435230, 109435230
190, 109698142, 109435230
999999, 82209, 1
412, 8477023, 8477023
206, 9296095, 8477023
192, 9346655, 8477023
201, 42129759, 8477023
750, 109435231, 109435231
189, 109698143, 109435231
999999, 82227, 95
999999, 82133, 1
411, 8477119, 8477119
204, 9296191, 8477119
190, 9346751, 8477119
750, 109435327, 109435327
999999, 82389, 269
203, 9296460, 9296460
750, 109435596, 109435596
999999, 82121, 270
411, 8477658, 8477658
750, 109435866, 109435866
188, 109698778, 109435866
999999, 81903, 1
411, 8477659, 8477659
750, 109435867, 109435867
187, 109698779, 109435867
999999, 82255, 97
750, 109435964, 109435964
999999, 82416, 1
750, 109435965, 109435965
999999, 82475, 253
412, 8478010, 8478010
205, 9297082, 8478010
200, 42130746, 8478010
750, 109436218, 109436218
999999, 82223, 62
204, 9297144, 9297144
750, 109436280, 109436280
999999, 82405, 228
750, 109436508, 109436508
999999, 82222, 1
750, 109436509, 109436509
999999, 82222, 45
750, 109436554, 109436554
999999, 82468, 348
750, 109436902, 109436902
999999, 82121, 1
750, 109436903, 109436903
999999, 82141, 263
750, 109437166, 109437166
999999, 81879, 1
750, 109437167, 109437167
999999, 82140, 34
750, 109437201, 109437201
999999, 82465, 289
