777777, 800, 3000
202, 75514622, 75514622
332, 75676414, 75676414
800, 109329150, 109329150
999999, 86841, 208
800, 109329358, 109329358
999999, 86692, 1
800, 109329359, 109329359
999999, 86692, 61
205, 42671116, 42671116
800, 109329420, 109329420
999999, 86864, 1
204, 42671117, 42671117
800, 109329421, 109329421
999999, 86957, 269
333, 75676954, 75676954
800, 109329690, 109329690
999999, 86689, 1
332, 75676955, 75676955
800, 109329691, 109329691
999999, 86903, 317
331, 75677272, 75677272
800, 109330008, 109330008
999999, 86688, 1
330, 75677273, 75677273
800, 109330009, 109330009
999999, 86688, 96
329, 75677369, 75677369
800, 109330105, 109330105
999999, 86809, 227
208, 9181084, 9181084
328, 75677596, 75677596
800, 109330332, 109330332
999999, 86673, 1
207, 9181085, 9181085
327, 75677597, 75677597
800, 109330333, 109330333
999999, 86939, 95
326, 75677692, 75677692
800, 109330428, 109330428
999999, 86845, 1
325, 75677693, 75677693
800, 109330429, 109330429
999999, 86891, 201
999999, 86691, 1
323, 75677895, 75677895
800, 109330631, 109330631
999999, 86931, 101
203, 75516204, 75516204
800, 109330732, 109330732
999999, 86831, 1
202, 75516205, 75516205
800, 109330733, 109330733
999999, 86879, 231
800, 109330964, 109330964
999999, 86649, 1
800, 109330965, 109330965
999999, 86901, 99
322, 75678328, 75678328
800, 109331064, 109331064
999999, 86803, 1
321, 75678329, 75678329
800, 109331065, 109331065
999999, 86899, 203
320, 75678532, 75678532
800, 109331268, 109331268
999999, 86697, 1
320, 75678533, 75678533
800, 109331269, 109331269
999999, 86928, 93
319, 75678626, 75678626
800, 109331362, 109331362
999999, 86916, 284
210, 9182398, 9182398
318, 75678910, 75678910
800, 109331646, 109331646
999999, 86633, 1
210, 9182399, 9182399
318, 75678911, 75678911
800, 109331647, 109331647
999999, 86853, 55
800, 109331702, 109331702
999999, 86799, 1
800, 109331703, 109331703
999999, 87131, 262
318, 75679229, 75679229
800, 109331965, 109331965
999999, 86870, 45
800, 109332010, 109332010
999999, 86920, 1
800, 109332011, 109332011
999999, 86920, 238
317, 75679513, 75679513
800, 109332249, 109332249
999999, 86926, 81
800, 109332330, 109332330
999999, 86910, 1
800, 109332331, 109332331
999999, 87164, 278
210, 9183361, 9183361
316, 75679873, 75679873
800, 109332609, 109332609
999999, 86952, 265
800, 109332874, 109332874
999999, 86936, 1
800, 109332875, 109332875
999999, 86936, 61
800, 109332936, 109332936
999999, 87126, 301
202, 8415477, 8415477
800, 109333237, 109333237
999999, 86886, 311
800, 109333548, 109333548
999999, 86867, 54
213, 9184354, 9184354
316, 75680866, 75680866
800, 109333602, 109333602
999999, 86824, 262
206, 75519336, 75519336
800, 109333864, 109333864
999999, 86563, 1
205, 75519337, 75519337
800, 109333865, 109333865
999999, 86822, 55
202, 8416160, 8416160
213, 9184672, 9184672
200, 9194784, 9184672
208, 42675616, 9184672
205, 75519392, 9184672
316, 75681184, 75681184
800, 109333920, 109333920
999999, 86870, 1
201, 8416161, 8416161
212, 9184673, 9184673
207, 42675617, 9184673
205, 75519393, 9184673
315, 75681185, 75681185
800, 109333921, 109333921
999999, 86870, 189
200, 8416350, 8416350
211, 9184862, 9184862
206, 42675806, 9184862
204, 75519582, 9184862
314, 75681374, 75681374
800, 109334110, 109334110
999999, 86892, 48
800, 109334158, 109334158
999999, 86845, 1
800, 109334159, 109334159
999999, 86941, 303
210, 9185214, 9185214
313, 75681726, 75681726
800, 109334462, 109334462
999999, 86639, 15
800, 109334477, 109334477
999999, 86857, 272
312, 75682013, 75682013
800, 109334749, 109334749
999999, 86586, 54
205, 75520275, 75520275
800, 109334803, 109334803
999999, 86593, 257
800, 109335060, 109335060
999999, 86337, 96
800, 109335156, 109335156
999999, 86496, 230
204, 75520858, 75520858
315, 75682650, 75682650
800, 109335386, 109335386
999999, 86267, 1
203, 75520859, 75520859
315, 75682651, 75682651
800, 109335387, 109335387
999999, 86351, 98
315, 75682749, 75682749
800, 109335485, 109335485
999999, 86254, 262
314, 75683011, 75683011
800, 109335747, 109335747
999999, 86259, 265
800, 109336012, 109336012
999999, 85995, 1
800, 109336013, 109336013
999999, 86045, 101
800, 109336114, 109336114
999999, 85945, 1
800, 109336115, 109336115
999999, 86208, 207
315, 75683586, 75683586
800, 109336322, 109336322
999999, 86014, 1
314, 75683587, 75683587
800, 109336323, 109336323
999999, 86014, 95
313, 75683682, 75683682
800, 109336418, 109336418
999999, 86202, 1
312, 75683683, 75683683
800, 109336419, 109336419
999999, 86202, 296
800, 109336715, 109336715
999999, 85961, 292
800, 109337007, 109337007
999999, 85670, 20
209, 9187779, 9187779
313, 75684291, 75684291
800, 109337027, 109337027
999999, 85931, 277
312, 75684568, 75684568
800, 109337304, 109337304
999999, 85688, 1
421, 26499831, 26499831
999999, 85688, 44
310, 75684613, 75684613
800, 109337349, 109337349
999999, 85889, 307
309, 75684920, 75684920
800, 109337656, 109337656
999999, 85690, 1
308, 75684921, 75684921
800, 109337657, 109337657
999999, 85690, 55
800, 109337712, 109337712
999999, 85844, 1
800, 109337713, 109337713
999999, 85844, 219
800, 109337932, 109337932
999999, 85720, 1
800, 109337933, 109337933
999999, 85720, 55
310, 75685252, 75685252
800, 109337988, 109337988
999999, 85942, 1
310, 75685253, 75685253
800, 109337989, 109337989
999999, 85942, 303
800, 109338292, 109338292
999999, 85904, 1
800, 109338293, 109338293
999999, 86003, 319
800, 109338612, 109338612
999999, 85938, 1
800, 109338613, 109338613
999999, 85938, 47
206, 75524132, 75524132
310, 75685924, 75685924
800, 109338660, 109338660
999999, 85956, 1
205, 75524133, 75524133
309, 75685925, 75685925
800, 109338661, 109338661
999999, 85956, 253
202, 8421154, 8421154
308, 75686178, 75686178
800, 109338914, 109338914
999999, 85918, 62
201, 8421216, 8421216
208, 9189728, 9189728
208, 42680672, 42680672
206, 75524448, 42680672
307, 75686240, 75686240
800, 109338976, 109338976
999999, 85857, 1
201, 8421217, 8421217
208, 9189729, 9189729
208, 42680673, 42680673
206, 75524449, 42680673
307, 75686241, 75686241
800, 109338977, 109338977
999999, 85952, 189
201, 8421406, 8421406
208, 9189918, 9189918
208, 42680862, 42680862
206, 75524638, 42680862
307, 75686430, 75686430
800, 109339166, 109339166
999999, 85952, 56
200, 8421462, 8421462
207, 42680918, 42680918
800, 109339222, 109339222
999999, 85959, 296
999999, 85917, 1
204, 75524991, 75524991
305, 75686783, 75686783
800, 109339519, 109339519
999999, 85965, 7
304, 75686790, 75686790
800, 109339526, 109339526
999999, 85959, 278
303, 75687068, 75687068
800, 109339804, 109339804
999999, 85947, 1
302, 75687069, 75687069
800, 109339805, 109339805
999999, 86033, 94
204, 75525371, 75525371
301, 75687163, 75687163
800, 109339899, 109339899
999999, 85940, 209
800, 109340108, 109340108
999999, 85998, 1
800, 109340109, 109340109
999999, 86045, 67
800, 109340176, 109340176
999999, 85979, 358
800, 109340534, 109340534
999999, 85860, 1
800, 109340535, 109340535
999999, 85909, 281
800, 109340816, 109340816
999999, 85890, 298
303, 75688378, 75688378
800, 109341114, 109341114
999999, 85593, 1
302, 75688379, 75688379
800, 109341115, 109341115
999999, 85918, 21
800, 109341136, 109341136
999999, 85974, 290
800, 109341426, 109341426
999999, 85685, 1
800, 109341427, 109341427
999999, 85905, 49
200, 8423716, 8423716
303, 75688740, 75688740
800, 109341476, 109341476
999999, 85857, 1
302, 75688741, 75688741
800, 109341477, 109341477
999999, 85915, 241
209, 42683414, 42683414
800, 109341718, 109341718
999999, 85675, 1
208, 42683415, 42683415
800, 109341719, 109341719
999999, 85991, 95
800, 109341814, 109341814
999999, 85897, 226
301, 75689304, 75689304
800, 109342040, 109342040
999999, 85684, 1
300, 75689305, 75689305
800, 109342041, 109342041
999999, 85684, 77
300, 75689382, 75689382
800, 109342118, 109342118
999999, 85870, 1
299, 75689383, 75689383
800, 109342119, 109342119
999999, 85951, 278
299, 75689661, 75689661
800, 109342397, 109342397
999999, 85911, 45
800, 109342442, 109342442
999999, 85953, 1
800, 109342443, 109342443
999999, 86209, 265
800, 109342708, 109342708
999999, 85945, 52
202, 9203624, 9203624
209, 42684456, 42684456
800, 109342760, 109342760
999999, 85952, 236
800, 109342996, 109342996
999999, 85717, 60
800, 109343056, 109343056
999999, 85883, 1
800, 109343057, 109343057
999999, 85986, 281
800, 109343338, 109343338
999999, 85948, 22
202, 9204224, 9204224
210, 75528832, 75528832
299, 75690624, 75690624
800, 109343360, 109343360
999999, 85952, 1
201, 9204225, 9204225
209, 75528833, 75528833
298, 75690625, 75690625
800, 109343361, 109343361
999999, 86246, 311
298, 75690936, 75690936
800, 109343672, 109343672
999999, 86009, 8
202, 9204544, 9204544
208, 75529152, 75529152
297, 75690944, 75690944
800, 109343680, 109343680
999999, 86243, 1
202, 9204545, 9204545
208, 75529153, 75529153
297, 75690945, 75690945
800, 109343681, 109343681
999999, 86303, 256
202, 9204801, 9204801
208, 75529409, 75529409
297, 75691201, 75691201
800, 109343937, 109343937
999999, 86048, 285
202, 8426462, 8426462
217, 9194974, 9194974
202, 9205086, 9194974
211, 42685918, 9194974
208, 75529694, 9194974
297, 75691486, 75691486
800, 109344222, 109344222
999999, 85953, 1
201, 8426463, 8426463
217, 9194975, 9194975
202, 9205087, 9194975
210, 42685919, 9194975
207, 75529695, 9194975
296, 75691487, 75691487
800, 109344223, 109344223
999999, 86013, 55
209, 42685974, 42685974
800, 109344278, 109344278
999999, 85959, 1
208, 42685975, 42685975
800, 109344279, 109344279
999999, 86208, 247
800, 109344526, 109344526
999999, 86012, 1
800, 109344527, 109344527
999999, 86012, 67
202, 9205458, 9205458
800, 109344594, 109344594
999999, 86218, 1
201, 9205459, 9205459
800, 109344595, 109344595
999999, 86218, 265
217, 9195612, 9195612
295, 75692124, 75692124
800, 109344860, 109344860
999999, 86043, 1
216, 9195613, 9195613
294, 75692125, 75692125
800, 109344861, 109344861
999999, 86268, 93
293, 75692218, 75692218
800, 109344954, 109344954
999999, 86230, 1
292, 75692219, 75692219
800, 109344955, 109344955
999999, 86496, 251
800, 109345206, 109345206
999999, 86293, 1
800, 109345207, 109345207
999999, 86597, 287
203, 9206358, 9206358
207, 42687190, 42687190
800, 109345494, 109345494
999999, 86311, 1
202, 9206359, 9206359
206, 42687191, 42687191
800, 109345495, 109345495
999999, 86357, 51
201, 9206410, 9206410
800, 109345546, 109345546
999999, 86307, 258
800, 109345804, 109345804
999999, 86266, 94
201, 8428138, 8428138
800, 109345898, 109345898
999999, 86173, 1
200, 8428139, 8428139
800, 109345899, 109345899
999999, 86237, 334
291, 75693497, 75693497
800, 109346233, 109346233
999999, 85904, 215
200, 8428688, 8428688
800, 109346448, 109346448
999999, 85988, 1
200, 8428689, 8428689
800, 109346449, 109346449
999999, 85988, 47
200, 8428736, 8428736
290, 75693760, 75693760
800, 109346496, 109346496
999999, 85986, 1
200, 8428737, 8428737
289, 75693761, 75693761
800, 109346497, 109346497
999999, 85986, 317
200, 8429054, 8429054
288, 75694078, 75694078
800, 109346814, 109346814
999999, 85918, 1
999999, 85918, 315
205, 42688826, 42688826
286, 75694394, 75694394
800, 109347130, 109347130
999999, 85650, 22
219, 9197904, 9197904
800, 109347152, 109347152
999999, 85629, 1
218, 9197905, 9197905
800, 109347153, 109347153
999999, 85896, 297
204, 42689146, 42689146
285, 75694714, 75694714
800, 109347450, 109347450
999999, 85906, 10
203, 42689156, 42689156
284, 75694724, 75694724
800, 109347460, 109347460
999999, 85897, 1
202, 42689157, 42689157
283, 75694725, 75694725
800, 109347461, 109347461
999999, 85949, 351
200, 9208676, 9208676
210, 75533284, 75533284
800, 109347812, 109347812
999999, 85599, 267
219, 9198831, 9198831
800, 109348079, 109348079
999999, 85589, 25
218, 9198856, 9198856
800, 109348104, 109348104
999999, 85565, 1
217, 9198857, 9198857
800, 109348105, 109348105
999999, 85664, 347
210, 75533924, 75533924
800, 109348452, 109348452
999999, 85543, 1
210, 75533925, 75533925
800, 109348453, 109348453
999999, 85603, 283
216, 9199488, 9199488
800, 109348736, 109348736
999999, 85321, 297
999999, 85322, 55
221, 26511615, 26511615
999999, 85281, 1
215, 9199841, 9199841
200, 42690785, 9199841
211, 75534561, 9199841
283, 75696353, 75696353
800, 109349089, 109349089
999999, 85599, 189
214, 9200030, 9200030
211, 75534750, 9200030
282, 75696542, 75696542
800, 109349278, 109349278
999999, 85411, 1
214, 9200031, 9200031
210, 75534751, 9200031
281, 75696543, 75696543
800, 109349279, 109349279
999999, 85665, 55
800, 109349334, 109349334
999999, 85611, 1
800, 109349335, 109349335
999999, 85705, 261
282, 75696860, 75696860
800, 109349596, 109349596
999999, 85445, 83
800, 109349679, 109349679
999999, 85551, 232
800, 109349911, 109349911
999999, 85320, 65
800, 109349976, 109349976
999999, 85350, 1
800, 109349977, 109349977
999999, 85350, 238
283, 75697479, 75697479
800, 109350215, 109350215
999999, 85381, 62
201, 42691973, 42691973
282, 75697541, 75697541
800, 109350277, 109350277
999999, 85589, 265
221, 9201294, 9201294
800, 109350542, 109350542
201, 109997710, 109350542
999999, 85325, 96
800, 109350638, 109350638
999999, 85326, 1
800, 109350639, 109350639
999999, 85326, 227
213, 75536338, 75536338
800, 109350866, 109350866
999999, 85352, 48
800, 109350914, 109350914
999999, 85366, 1
800, 109350915, 109350915
999999, 85593, 265
800, 109351180, 109351180
999999, 85329, 1
800, 109351181, 109351181
999999, 85373, 93
800, 109351274, 109351274
999999, 85628, 1
800, 109351275, 109351275
999999, 85628, 229
800, 109351504, 109351504
999999, 85662, 1
800, 109351505, 109351505
999999, 85662, 83
217, 75537060, 75537060
800, 109351588, 109351588
999999, 85613, 1
217, 75537061, 75537061
800, 109351589, 109351589
999999, 85901, 245
205, 9212698, 9212698
217, 75537306, 75537306
800, 109351834, 109351834
999999, 85718, 1
204, 9212699, 9212699
217, 75537307, 75537307
800, 109351835, 109351835
999999, 85987, 47
203, 9212746, 9212746
800, 109351882, 109351882
999999, 85941, 1
202, 9212747, 9212747
800, 109351883, 109351883
999999, 85962, 255
800, 109352138, 109352138
999999, 86003, 106
800, 109352244, 109352244
999999, 85917, 1
800, 109352245, 109352245
999999, 86167, 261
201, 42694202, 42694202
284, 75699770, 75699770
800, 109352506, 109352506
999999, 85907, 44
800, 109352550, 109352550
999999, 85918, 1
800, 109352551, 109352551
999999, 85918, 267
800, 109352818, 109352818
999999, 85941, 1
800, 109352819, 109352819
999999, 86001, 53
220, 9203624, 9203624
227, 75538344, 75538344
800, 109352872, 109352872
999999, 85949, 1
219, 9203625, 9203625
227, 75538345, 75538345
800, 109352873, 109352873
999999, 86179, 261
201, 9213998, 9213998
227, 75538606, 75538606
800, 109353134, 109353134
999999, 85919, 1
200, 9213999, 9213999
226, 75538607, 75538607
800, 109353135, 109353135
999999, 85974, 59
800, 109353194, 109353194
999999, 86211, 1
999999, 86263, 265
999999, 85999, 1
800, 109353461, 109353461
999999, 86271, 45
202, 9214370, 9214370
229, 75538978, 75538978
286, 75700770, 75700770
800, 109353506, 109353506
999999, 86227, 1
201, 9214371, 9214371
229, 75538979, 75538979
285, 75700771, 75700771
800, 109353507, 109353507
999999, 86271, 237
229, 75539216, 75539216
800, 109353744, 109353744
999999, 86035, 82
200, 9214690, 9214690
229, 75539298, 75539298
284, 75701090, 75701090
800, 109353826, 109353826
999999, 86210, 1
229, 75539299, 75539299
283, 75701091, 75701091
800, 109353827, 109353827
999999, 86210, 255
229, 75539554, 75539554
283, 75701346, 75701346
800, 109354082, 109354082
999999, 86014, 1
229, 75539555, 75539555
283, 75701347, 75701347
800, 109354083, 109354083
999999, 86014, 61
221, 9204896, 9204896
201, 9215008, 9204896
203, 42695840, 9204896
229, 75539616, 75539616
283, 75701408, 75701408
800, 109354144, 109354144
208, 110001312, 109354144
999999, 86142, 1
221, 9204897, 9204897
201, 9215009, 9204897
203, 42695841, 9204897
229, 75539617, 75539617
283, 75701409, 75701409
800, 109354145, 109354145
208, 110001313, 109354145
999999, 86142, 189
220, 9205086, 9205086
200, 9215198, 9205086
202, 42696030, 9205086
229, 75539806, 75539806
282, 75701598, 75701598
800, 109354334, 109354334
207, 110001502, 109354334
999999, 86012, 1
219, 9205087, 9205087
201, 42696031, 9205087
228, 75539807, 75539807
281, 75701599, 75701599
800, 109354335, 109354335
206, 110001503, 109354335
999999, 86263, 61
227, 75539868, 75539868
280, 75701660, 75701660
800, 109354396, 109354396
999999, 86290, 1
226, 75539869, 75539869
279, 75701661, 75701661
800, 109354397, 109354397
999999, 86290, 249
800, 109354646, 109354646
999999, 86272, 1
800, 109354647, 109354647
999999, 86272, 99
200, 42696442, 42696442
278, 75702010, 75702010
800, 109354746, 109354746
999999, 86226, 1
277, 75702011, 75702011
800, 109354747, 109354747
999999, 86226, 211
218, 9205710, 9205710
201, 9215822, 9205710
800, 109354958, 109354958
205, 110002126, 109354958
999999, 86276, 1
217, 9205711, 9205711
200, 9215823, 9205711
800, 109354959, 109354959
204, 110002127, 109354959
999999, 86363, 55
277, 75702278, 75702278
800, 109355014, 109355014
999999, 86585, 297
800, 109355311, 109355311
999999, 86349, 55
800, 109355366, 109355366
999999, 86549, 240
216, 9206358, 9206358
233, 75541078, 75541078
800, 109355606, 109355606
999999, 86318, 1
215, 9206359, 9206359
233, 75541079, 75541079
800, 109355607, 109355607
999999, 86615, 102
800, 109355709, 109355709
999999, 86514, 253
278, 75703226, 75703226
800, 109355962, 109355962
999999, 86280, 1
277, 75703227, 75703227
800, 109355963, 109355963
999999, 86280, 319
276, 75703546, 75703546
800, 109356282, 109356282
999999, 86252, 10
275, 75703556, 75703556
800, 109356292, 109356292
999999, 86243, 1
275, 75703557, 75703557
800, 109356293, 109356293
999999, 86315, 254
800, 109356547, 109356547
999999, 86062, 61
800, 109356608, 109356608
204, 110003776, 109356608
999999, 86231, 1
800, 109356609, 109356609
203, 110003777, 109356609
999999, 86292, 281
241, 75542362, 75542362
800, 109356890, 109356890
999999, 86270, 50
800, 109356940, 109356940
999999, 86298, 1
800, 109356941, 109356941
999999, 86298, 301
276, 75704506, 75704506
800, 109357242, 109357242
999999, 86224, 1
999999, 86224, 43
800, 109357286, 109357286
999999, 86540, 1
800, 109357287, 109357287
999999, 86553, 278
999999, 86276, 47
216, 9208364, 9208364
240, 75543084, 75543084
800, 109357612, 109357612
999999, 86496, 1
215, 9208365, 9208365
239, 75543085, 75543085
800, 109357613, 109357613
999999, 86496, 219
800, 109357832, 109357832
999999, 86336, 1
800, 109357833, 109357833
999999, 86336, 95
800, 109357928, 109357928
999999, 86526, 1
800, 109357929, 109357929
999999, 86863, 275
800, 109358204, 109358204
999999, 86597, 1
800, 109358205, 109358205
999999, 86900, 47
216, 9209004, 9209004
200, 9219116, 9209004
239, 75543724, 75543724
800, 109358252, 109358252
999999, 86900, 1
216, 9209005, 9209005
200, 9219117, 9209005
239, 75543725, 75543725
800, 109358253, 109358253
999999, 86900, 309
200, 9219426, 9219426
278, 75705826, 75705826
800, 109358562, 109358562
999999, 86780, 320
278, 75706146, 75706146
800, 109358882, 109358882
999999, 86461, 258
217, 9209892, 9209892
240, 75544612, 75544612
800, 109359140, 109359140
999999, 86265, 1
217, 9209893, 9209893
240, 75544613, 75544613
800, 109359141, 109359141
999999, 86517, 249
216, 9210142, 9210142
201, 9220254, 9210142
205, 42701086, 9210142
239, 75544862, 75544862
278, 75706654, 75706654
800, 109359390, 109359390
209, 110006558, 109359390
999999, 86312, 60
215, 9210202, 9210202
238, 75544922, 75544922
800, 109359450, 109359450
999999, 86253, 1
214, 9210203, 9210203
237, 75544923, 75544923
800, 109359451, 109359451
999999, 86563, 244
200, 9220559, 9220559
204, 42701391, 42701391
800, 109359695, 109359695
999999, 86320, 69
800, 109359764, 109359764
999999, 86259, 1
800, 109359765, 109359765
999999, 86532, 249
203, 42701710, 42701710
800, 109360014, 109360014
999999, 86330, 110
800, 109360124, 109360124
999999, 86221, 1
800, 109360125, 109360125
999999, 86493, 214
215, 9211091, 9211091
240, 75545811, 75545811
800, 109360339, 109360339
999999, 86280, 87
800, 109360426, 109360426
999999, 86236, 1
800, 109360427, 109360427
999999, 86236, 290
800, 109360717, 109360717
999999, 86241, 253
800, 109360970, 109360970
999999, 85989, 106
800, 109361076, 109361076
999999, 85904, 1
800, 109361077, 109361077
999999, 85904, 215
239, 75546764, 75546764
800, 109361292, 109361292
999999, 85998, 1
238, 75546765, 75546765
800, 109361293, 109361293
999999, 85998, 67
237, 75546832, 75546832
800, 109361360, 109361360
999999, 85940, 1
236, 75546833, 75546833
800, 109361361, 109361361
999999, 85940, 243
287, 75708868, 75708868
800, 109361604, 109361604
999999, 85950, 1
287, 75708869, 75708869
800, 109361605, 109361605
999999, 86012, 338
800, 109361943, 109361943
999999, 85958, 96
800, 109362039, 109362039
999999, 85955, 226
800, 109362265, 109362265
999999, 85945, 77
800, 109362342, 109362342
999999, 85869, 1
800, 109362343, 109362343
999999, 85917, 276
289, 75709883, 75709883
800, 109362619, 109362619
999999, 85642, 49
214, 9213420, 9213420
235, 75548140, 75548140
800, 109362668, 109362668
999999, 85862, 1
213, 9213421, 9213421
234, 75548141, 75548141
800, 109362669, 109362669
999999, 85862, 213
233, 75548354, 75548354
800, 109362882, 109362882
999999, 85738, 110
204, 42704688, 42704688
232, 75548464, 75548464
800, 109362992, 109362992
999999, 85629, 1
999999, 85847, 254
212, 9213999, 9213999
800, 109363247, 109363247
999999, 85689, 329
211, 9214328, 9214328
288, 75710840, 75710840
800, 109363576, 109363576
999999, 85586, 1
210, 9214329, 9214329
287, 75710841, 75710841
800, 109363577, 109363577
999999, 85586, 41
209, 9214370, 9214370
286, 75710882, 75710882
800, 109363618, 109363618
999999, 85649, 1
208, 9214371, 9214371
285, 75710883, 75710883
800, 109363619, 109363619
999999, 85906, 225
208, 9214596, 9214596
284, 75711108, 75711108
800, 109363844, 109363844
999999, 86004, 94
208, 9214690, 9214690
283, 75711202, 75711202
800, 109363938, 109363938
999999, 85911, 1
999999, 85951, 222
206, 9214913, 9214913
800, 109364161, 109364161
999999, 85730, 95
205, 9215008, 9215008
202, 42705952, 9215008
232, 75549728, 75549728
281, 75711520, 75711520
800, 109364256, 109364256
217, 110011424, 109364256
999999, 85896, 1
204, 9215009, 9215009
201, 42705953, 9215009
231, 75549729, 75549729
280, 75711521, 75711521
800, 109364257, 109364257
216, 110011425, 109364257
999999, 85896, 190
204, 9215199, 9215199
201, 42706143, 9215199
231, 75549919, 75549919
280, 75711711, 75711711
800, 109364447, 109364447
216, 110011615, 109364447
999999, 85761, 61
204, 9215260, 9215260
280, 75711772, 75711772
800, 109364508, 109364508
999999, 85701, 1
204, 9215261, 9215261
280, 75711773, 75711773
800, 109364509, 109364509
999999, 85889, 254
204, 9215515, 9215515
233, 75550235, 75550235
800, 109364763, 109364763
999999, 85636, 91
203, 9215606, 9215606
800, 109364854, 109364854
999999, 85592, 320
203, 9215926, 9215926
800, 109365174, 109365174
999999, 85540, 1
999999, 85598, 225
800, 109365400, 109365400
999999, 85634, 1
800, 109365401, 109365401
999999, 85634, 55
800, 109365456, 109365456
999999, 85670, 1
800, 109365457, 109365457
999999, 85670, 265
800, 109365722, 109365722
999999, 85618, 44
283, 75713030, 75713030
800, 109365766, 109365766
999999, 85575, 1
282, 75713031, 75713031
800, 109365767, 109365767
999999, 85634, 304
800, 109366071, 109366071
999999, 85665, 13
281, 75713348, 75713348
800, 109366084, 109366084
999999, 85653, 1
280, 75713349, 75713349
800, 109366085, 109366085
999999, 85889, 261
800, 109366346, 109366346
999999, 85629, 1
800, 109366347, 109366347
999999, 85735, 106
800, 109366453, 109366453
999999, 85630, 253
205, 9217458, 9217458
800, 109366706, 109366706
999999, 85640, 63
800, 109366769, 109366769
999999, 85578, 235
281, 75714268, 75714268
800, 109367004, 109367004
999999, 85393, 1
280, 75714269, 75714269
800, 109367005, 109367005
999999, 85653, 45
800, 109367050, 109367050
999999, 85609, 1
800, 109367051, 109367051
999999, 85622, 251
280, 75714566, 75714566
800, 109367302, 109367302
999999, 85641, 1
279, 75714567, 75714567
800, 109367303, 109367303
999999, 85735, 319
278, 75714886, 75714886
800, 109367622, 109367622
999999, 85417, 114
277, 75715000, 75715000
800, 109367736, 109367736
999999, 85522, 1
276, 75715001, 75715001
800, 109367737, 109367737
999999, 85522, 215
800, 109367952, 109367952
999999, 85416, 1
800, 109367953, 109367953
999999, 85735, 95
800, 109368048, 109368048
999999, 85641, 1
800, 109368049, 109368049
999999, 85889, 225
207, 9219026, 9219026
237, 75553746, 75553746
800, 109368274, 109368274
999999, 85665, 1
206, 9219027, 9219027
236, 75553747, 75553747
800, 109368275, 109368275
999999, 85678, 89
205, 9219116, 9219116
235, 75553836, 75553836
800, 109368364, 109368364
999999, 85868, 1
204, 9219117, 9219117
234, 75553837, 75553837
800, 109368365, 109368365
999999, 85868, 249
800, 109368614, 109368614
999999, 85667, 1
800, 109368615, 109368615
999999, 85957, 285
204, 9219652, 9219652
276, 75716164, 75716164
800, 109368900, 109368900
999999, 85726, 1
203, 9219653, 9219653
275, 75716165, 75716165
800, 109368901, 109368901
999999, 85726, 99
203, 9219752, 9219752
234, 75554472, 75554472
800, 109369000, 109369000
999999, 85900, 216
203, 9219968, 9219968
800, 109369216, 109369216
999999, 85685, 1
202, 9219969, 9219969
800, 109369217, 109369217
999999, 85729, 95
201, 9220064, 9220064
211, 42711008, 42711008
233, 75554784, 75554784
274, 75716576, 75716576
800, 109369312, 109369312
220, 110016480, 109369312
999999, 85635, 1
201, 9220065, 9220065
211, 42711009, 42711009
232, 75554785, 75554785
273, 75716577, 75716577
800, 109369313, 109369313
219, 110016481, 109369313
999999, 85903, 189
201, 9220254, 9220254
211, 42711198, 42711198
231, 75554974, 75554974
272, 75716766, 75716766
800, 109369502, 109369502
218, 110016670, 109369502
999999, 85715, 1
201, 9220255, 9220255
211, 42711199, 42711199
231, 75554975, 75554975
272, 75716767, 75716767
800, 109369503, 109369503
217, 110016671, 109369503
999999, 85762, 59
800, 109369562, 109369562
999999, 85892, 1
800, 109369563, 109369563
999999, 85953, 257
272, 75717084, 75717084
800, 109369820, 109369820
999999, 85697, 43
271, 75717127, 75717127
800, 109369863, 109369863
999999, 85895, 278
271, 75717405, 75717405
800, 109370141, 109370141
999999, 85949, 81
800, 109370222, 109370222
999999, 85869, 1
800, 109370223, 109370223
999999, 85959, 227
203, 9221202, 9221202
231, 75555922, 75555922
800, 109370450, 109370450
999999, 85733, 62
800, 109370512, 109370512
999999, 85897, 1
800, 109370513, 109370513
999999, 85951, 261
800, 109370774, 109370774
999999, 85691, 1
800, 109370775, 109370775
999999, 85991, 62
800, 109370837, 109370837
999999, 85930, 293
273, 75718394, 75718394
800, 109371130, 109371130
999999, 85656, 1
272, 75718395, 75718395
800, 109371131, 109371131
999999, 85904, 49
999999, 85952, 1
201, 9221933, 9221933
229, 75556653, 75556653
800, 109371181, 109371181
999999, 85952, 271
228, 75556924, 75556924
800, 109371452, 109371452
216, 110018620, 109371452
999999, 85902, 1
227, 75556925, 75556925
800, 109371453, 109371453
215, 110018621, 109371453
999999, 85902, 303
200, 9222508, 9222508
226, 75557228, 75557228
800, 109371756, 109371756
999999, 85654, 1
225, 75557229, 75557229
800, 109371757, 109371757
999999, 85945, 53
224, 75557282, 75557282
271, 75719074, 75719074
800, 109371810, 109371810
999999, 85893, 1
223, 75557283, 75557283
270, 75719075, 75719075
800, 109371811, 109371811
999999, 85951, 243
222, 75557526, 75557526
800, 109372054, 109372054
999999, 85709, 1
221, 75557527, 75557527
800, 109372055, 109372055
999999, 85991, 61
216, 42713812, 42713812
220, 75557588, 75557588
800, 109372116, 109372116
999999, 85942, 1
215, 42713813, 42713813
219, 75557589, 75557589
800, 109372117, 109372117
999999, 86245, 289
218, 75557878, 75557878
800, 109372406, 109372406
999999, 85957, 1
217, 75557879, 75557879
800, 109372407, 109372407
999999, 85963, 52
214, 42714155, 42714155
216, 75557931, 75557931
800, 109372459, 109372459
999999, 85912, 320
399, 109372778, 109372778
999999, 85857, 215
214, 75558466, 75558466
800, 109372994, 109372994
214, 110020162, 109372994
999999, 85643, 1
213, 75558467, 75558467
800, 109372995, 109372995
213, 110020163, 109372995
999999, 85710, 109
212, 75558576, 75558576
800, 109373104, 109373104
999999, 85896, 1
211, 75558577, 75558577
800, 109373105, 109373105
999999, 85896, 265
211, 75558842, 75558842
272, 75720634, 75720634
800, 109373370, 109373370
999999, 85678, 63
210, 75558905, 75558905
271, 75720697, 75720697
800, 109373433, 109373433
999999, 85852, 244
999999, 85655, 19
208, 75559168, 75559168
800, 109373696, 109373696
999999, 85986, 309
800, 109374005, 109374005
999999, 85678, 12
207, 75559489, 75559489
800, 109374017, 109374017
999999, 85931, 304
206, 75559793, 75559793
800, 109374321, 109374321
999999, 85628, 47
217, 42716064, 42716064
205, 75559840, 42716064
271, 75721632, 75721632
800, 109374368, 109374368
212, 110021536, 109374368
999999, 85634, 1
217, 42716065, 42716065
204, 75559841, 42716065
270, 75721633, 75721633
800, 109374369, 109374369
211, 110021537, 109374369
999999, 85634, 190
216, 42716255, 42716255
204, 75560031, 42716255
270, 75721823, 75721823
800, 109374559, 109374559
210, 110021727, 109374559
999999, 85665, 96
204, 75560127, 75560127
800, 109374655, 109374655
999999, 85570, 221
204, 75560348, 75560348
271, 75722140, 75722140
800, 109374876, 109374876
999999, 85444, 1
204, 75560349, 75560349
271, 75722141, 75722141
800, 109374877, 109374877
999999, 85633, 89
800, 109374966, 109374966
999999, 85600, 1
800, 109374967, 109374967
999999, 85600, 227
800, 109375194, 109375194
999999, 85676, 1
800, 109375195, 109375195
999999, 85676, 43
271, 75722502, 75722502
800, 109375238, 109375238
999999, 85908, 304
203, 75561014, 75561014
800, 109375542, 109375542
999999, 85605, 1
202, 75561015, 75561015
800, 109375543, 109375543
999999, 85702, 59
201, 75561074, 75561074
800, 109375602, 109375602
999999, 85848, 1
200, 75561075, 75561075
800, 109375603, 109375603
999999, 85848, 234
200, 75561309, 75561309
271, 75723101, 75723101
800, 109375837, 109375837
999999, 85675, 54
200, 75561363, 75561363
800, 109375891, 109375891
999999, 85622, 243
271, 75723398, 75723398
800, 109376134, 109376134
999999, 85689, 1
270, 75723399, 75723399
800, 109376135, 109376135
999999, 85749, 101
800, 109376236, 109376236
999999, 85649, 1
800, 109376237, 109376237
999999, 85855, 217
269, 75723718, 75723718
800, 109376454, 109376454
999999, 85639, 115
396, 109376568, 109376568
999999, 85625, 207
800, 109376776, 109376776
999999, 85419, 96
800, 109376872, 109376872
999999, 85538, 1
800, 109376873, 109376873
999999, 85538, 229
800, 109377102, 109377102
999999, 85412, 1
800, 109377103, 109377103
999999, 85412, 351
800, 109377454, 109377454
999999, 85282, 75
268, 75724793, 75724793
800, 109377529, 109377529
999999, 85291, 205
268, 75724998, 75724998
800, 109377734, 109377734
999999, 85087, 1
267, 75724999, 75724999
800, 109377735, 109377735
999999, 85327, 107
800, 109377842, 109377842
999999, 85221, 1
800, 109377843, 109377843
999999, 85315, 257
800, 109378100, 109378100
999999, 85059, 1
800, 109378101, 109378101
999999, 85283, 47
800, 109378148, 109378148
999999, 85539, 238
800, 109378386, 109378386
999999, 85374, 306
266, 75725956, 75725956
800, 109378692, 109378692
999999, 85069, 1
265, 75725957, 75725957
800, 109378693, 109378693
999999, 85346, 99
800, 109378792, 109378792
999999, 85306, 1
800, 109378793, 109378793
999999, 85551, 219
264, 75726276, 75726276
800, 109379012, 109379012
999999, 85388, 1
263, 75726277, 75726277
800, 109379013, 109379013
999999, 85388, 99
800, 109379112, 109379112
999999, 85580, 264
800, 109379376, 109379376
999999, 85317, 1
800, 109379377, 109379377
999999, 85599, 48
999999, 85552, 189
227, 42721310, 42721310
261, 75726878, 75726878
800, 109379614, 109379614
208, 110026782, 109379614
999999, 85444, 62
227, 42721372, 42721372
260, 75726940, 75726940
800, 109379676, 109379676
999999, 85644, 1
227, 42721373, 42721373
259, 75726941, 75726941
800, 109379677, 109379677
999999, 85644, 249
227, 42721622, 42721622
800, 109379926, 109379926
999999, 85450, 66
227, 42721688, 42721688
260, 75727256, 75727256
800, 109379992, 109379992
999999, 85385, 1
227, 42721689, 42721689
260, 75727257, 75727257
800, 109379993, 109379993
999999, 85574, 253
226, 42721942, 42721942
800, 109380246, 109380246
999999, 85380, 1
225, 42721943, 42721943
800, 109380247, 109380247
999999, 85380, 88
225, 42722031, 42722031
800, 109380335, 109380335
999999, 85543, 227
225, 42722258, 42722258
800, 109380562, 109380562
999999, 85317, 1
224, 42722259, 42722259
800, 109380563, 109380563
999999, 85367, 97
223, 42722356, 42722356
800, 109380660, 109380660
999999, 85271, 218
223, 42722574, 42722574
800, 109380878, 109380878
999999, 85326, 1
223, 42722575, 42722575
800, 109380879, 109380879
999999, 85326, 55
222, 42722630, 42722630
261, 75728198, 75728198
800, 109380934, 109380934
999999, 85352, 1
999999, 85352, 270
221, 42722901, 42722901
800, 109381205, 109381205
999999, 85297, 85
221, 42722986, 42722986
200, 76208874, 42722986
800, 109381290, 109381290
999999, 85213, 1
220, 42722987, 42722987
800, 109381291, 109381291
999999, 85307, 274
220, 42723261, 42723261
259, 75728829, 75728829
800, 109381565, 109381565
999999, 85274, 45
219, 42723306, 42723306
800, 109381610, 109381610
999999, 85316, 1
999999, 85316, 252
218, 42723559, 42723559
258, 75729127, 75729127
800, 109381863, 109381863
999999, 85285, 26
218, 42723585, 42723585
257, 75729153, 75729153
800, 109381889, 109381889
999999, 85353, 269
218, 42723854, 42723854
800, 109382158, 109382158
999999, 85085, 1
218, 42723855, 42723855
800, 109382159, 109382159
999999, 85304, 59
218, 42723914, 42723914
800, 109382218, 109382218
999999, 85358, 1
218, 42723915, 42723915
800, 109382219, 109382219
999999, 85358, 300
217, 42724215, 42724215
800, 109382519, 109382519
207, 110029687, 109382519
999999, 85302, 17
217, 42724232, 42724232
800, 109382536, 109382536
206, 110029704, 109382536
999999, 85344, 1
217, 42724233, 42724233
800, 109382537, 109382537
205, 110029705, 109382537
999999, 85344, 271
217, 42724504, 42724504
256, 75730072, 75730072
800, 109382808, 109382808
999999, 85311, 1
216, 42724505, 42724505
255, 75730073, 75730073
800, 109382809, 109382809
999999, 85405, 89
215, 42724594, 42724594
800, 109382898, 109382898
204, 110030066, 109382898
999999, 85317, 214
214, 42724808, 42724808
800, 109383112, 109383112
203, 110030280, 109383112
999999, 85365, 1
213, 42724809, 42724809
800, 109383113, 109383113
202, 110030281, 109383113
999999, 85683, 95
212, 42724904, 42724904
800, 109383208, 109383208
999999, 85589, 1
211, 42724905, 42724905
800, 109383209, 109383209
999999, 85594, 269
211, 42725174, 42725174
800, 109383478, 109383478
201, 110030646, 109383478
999999, 85628, 60
211, 42725234, 42725234
800, 109383538, 109383538
200, 110030706, 109383538
999999, 85569, 1
211, 42725235, 42725235
800, 109383539, 109383539
999999, 85615, 207
211, 42725442, 42725442
254, 75731010, 75731010
800, 109383746, 109383746
999999, 85409, 1
210, 42725443, 42725443
253, 75731011, 75731011
800, 109383747, 109383747
999999, 85675, 101
210, 42725544, 42725544
800, 109383848, 109383848
999999, 85596, 220
210, 42725764, 42725764
254, 75731332, 75731332
800, 109384068, 109384068
999999, 85377, 1
209, 42725765, 42725765
253, 75731333, 75731333
800, 109384069, 109384069
999999, 85630, 99
208, 42725864, 42725864
800, 109384168, 109384168
999999, 85850, 1
207, 42725865, 42725865
800, 109384169, 109384169
999999, 85850, 263
206, 42726128, 42726128
800, 109384432, 109384432
999999, 85688, 1
205, 42726129, 42726129
800, 109384433, 109384433
999999, 85952, 47
205, 42726176, 42726176
253, 75731744, 75731744
800, 109384480, 109384480
999999, 85953, 1
205, 42726177, 42726177
253, 75731745, 75731745
800, 109384481, 109384481
999999, 86141, 189
205, 42726366, 42726366
253, 75731934, 75731934
800, 109384670, 109384670
999999, 85953, 56
204, 42726422, 42726422
800, 109384726, 109384726
999999, 85945, 260
204, 42726682, 42726682
252, 75732250, 75732250
800, 109384986, 109384986
999999, 85954, 1
431, 26547513, 26547513
999999, 85954, 92
203, 42726775, 42726775
800, 109385079, 109385079
999999, 85951, 230
202, 42727005, 42727005
250, 75732573, 75732573
800, 109385309, 109385309
999999, 85722, 81
201, 9246254, 9246254
202, 42727086, 42727086
800, 109385390, 109385390
999999, 85870, 269
202, 42727355, 42727355
249, 75732923, 75732923
800, 109385659, 109385659
999999, 85602, 48
201, 42727403, 42727403
800, 109385707, 109385707
999999, 85599, 228
200, 42727631, 42727631
800, 109385935, 109385935
999999, 85372, 107
200, 42727738, 42727738
249, 75733306, 75733306
800, 109386042, 109386042
999999, 85578, 1
200, 42727739, 42727739
249, 75733307, 75733307
800, 109386043, 109386043
999999, 85578, 257
248, 75733564, 75733564
800, 109386300, 109386300
999999, 85586, 1
247, 75733565, 75733565
800, 109386301, 109386301
999999, 85586, 54
800, 109386355, 109386355
999999, 85593, 251
800, 109386606, 109386606
999999, 85343, 1
800, 109386607, 109386607
999999, 85643, 34
800, 109386641, 109386641
999999, 85631, 284
800, 109386925, 109386925
999999, 85348, 301
247, 75734490, 75734490
800, 109387226, 109387226
999999, 85346, 1
999999, 85346, 48
999999, 85305, 257
800, 109387532, 109387532
999999, 85049, 109
247, 75734905, 75734905
800, 109387641, 109387641
999999, 85296, 257
246, 75735162, 75735162
800, 109387898, 109387898
999999, 85277, 1
245, 75735163, 75735163
800, 109387899, 109387899
999999, 85371, 9
205, 9248772, 9248772
244, 75735172, 75735172
800, 109387908, 109387908
999999, 85363, 1
204, 9248773, 9248773
243, 75735173, 75735173
800, 109387909, 109387909
999999, 85624, 253
242, 75735426, 75735426
800, 109388162, 109388162
999999, 85376, 62
241, 75735488, 75735488
800, 109388224, 109388224
999999, 85622, 1
240, 75735489, 75735489
800, 109388225, 109388225
999999, 85622, 279
239, 75735768, 75735768
800, 109388504, 109388504
999999, 85660, 1
238, 75735769, 75735769
800, 109388505, 109388505
999999, 85660, 91
800, 109388596, 109388596
999999, 85615, 254
800, 109388850, 109388850
999999, 85600, 1
800, 109388851, 109388851
999999, 85600, 13
237, 75736128, 75736128
800, 109388864, 109388864
999999, 85635, 1
236, 75736129, 75736129
800, 109388865, 109388865
999999, 85943, 355
235, 75736484, 75736484
800, 109389220, 109389220
999999, 85589, 1
235, 75736485, 75736485
800, 109389221, 109389221
999999, 85632, 259
800, 109389480, 109389480
999999, 85600, 1
800, 109389481, 109389481
999999, 85600, 245
206, 9250590, 9250590
235, 75736990, 75736990
800, 109389726, 109389726
999999, 85446, 1
205, 9250591, 9250591
235, 75736991, 75736991
800, 109389727, 109389727
999999, 85446, 55
800, 109389782, 109389782
999999, 85658, 248
204, 9250894, 9250894
800, 109390030, 109390030
999999, 85411, 1
204, 9250895, 9250895
800, 109390031, 109390031
999999, 85458, 69
800, 109390100, 109390100
999999, 85578, 1
800, 109390101, 109390101
999999, 85578, 249
206, 9251214, 9251214
800, 109390350, 109390350
999999, 85376, 1
206, 9251215, 9251215
800, 109390351, 109390351
999999, 85645, 107
237, 75737722, 75737722
800, 109390458, 109390458
999999, 85539, 1
237, 75737723, 75737723
800, 109390459, 109390459
999999, 85631, 203
237, 75737926, 75737926
800, 109390662, 109390662
999999, 85429, 1
236, 75737927, 75737927
800, 109390663, 109390663
999999, 85743, 59
208, 9251586, 9251586
235, 75737986, 75737986
800, 109390722, 109390722
999999, 85685, 1
207, 9251587, 9251587
234, 75737987, 75737987
800, 109390723, 109390723
999999, 85931, 275
345, 47262860, 47262860
286, 114568332, 47262860
999999, 85953, 48
999999, 85992, 310
232, 75738620, 75738620
800, 109391356, 109391356
999999, 85904, 1
231, 75738621, 75738621
800, 109391357, 109391357
999999, 85904, 45
204, 9252266, 9252266
800, 109391402, 109391402
999999, 85966, 1
203, 9252267, 9252267
800, 109391403, 109391403
999999, 85966, 225
800, 109391628, 109391628
999999, 85952, 1
800, 109391629, 109391629
999999, 85952, 53
230, 75738946, 75738946
800, 109391682, 109391682
999999, 86000, 258
229, 75739204, 75739204
800, 109391940, 109391940
999999, 85743, 338
800, 109392278, 109392278
999999, 85626, 96
800, 109392374, 109392374
999999, 85579, 248
800, 109392622, 109392622
999999, 85612, 1
800, 109392623, 109392623
999999, 85612, 33
800, 109392656, 109392656
999999, 85622, 1
800, 109392657, 109392657
999999, 85622, 297
228, 75740218, 75740218
800, 109392954, 109392954
999999, 85585, 1
228, 75740219, 75740219
800, 109392955, 109392955
999999, 85641, 13
800, 109392968, 109392968
999999, 85629, 1
800, 109392969, 109392969
999999, 85926, 345
200, 42735010, 42735010
228, 75740578, 75740578
800, 109393314, 109393314
999999, 85642, 1
227, 75740579, 75740579
800, 109393315, 109393315
999999, 85642, 231
800, 109393546, 109393546
999999, 85664, 56
207, 9254466, 9254466
226, 75740866, 75740866
800, 109393602, 109393602
999999, 85609, 1
206, 9254467, 9254467
225, 75740867, 75740867
800, 109393603, 109393603
999999, 85669, 297
205, 9254764, 9254764
800, 109393900, 109393900
999999, 85373, 1
204, 9254765, 9254765
800, 109393901, 109393901
999999, 85647, 67
800, 109393968, 109393968
999999, 85581, 216
800, 109394184, 109394184
999999, 85420, 1
800, 109394185, 109394185
999999, 85420, 407
203, 9255456, 9255456
224, 75741856, 75741856
800, 109394592, 109394592
999999, 85272, 1
202, 9255457, 9255457
223, 75741857, 75741857
800, 109394593, 109394593
999999, 85272, 189
202, 9255646, 9255646
222, 75742046, 75742046
800, 109394782, 109394782
999999, 85090, 1
202, 9255647, 9255647
221, 75742047, 75742047
800, 109394783, 109394783
999999, 85090, 59
220, 75742106, 75742106
800, 109394842, 109394842
999999, 85337, 1
423, 26557369, 26557369
999999, 85389, 257
204, 9255964, 9255964
218, 75742364, 75742364
800, 109395100, 109395100
999999, 85133, 82
203, 9256046, 9256046
800, 109395182, 109395182
999999, 85266, 1
202, 9256047, 9256047
800, 109395183, 109395183
999999, 85266, 231
800, 109395414, 109395414
999999, 85131, 1
800, 109395415, 109395415
999999, 85319, 100
219, 75742779, 75742779
800, 109395515, 109395515
999999, 85315, 251
800, 109395766, 109395766
999999, 85272, 293
218, 75743323, 75743323
800, 109396059, 109396059
999999, 84980, 49
800, 109396108, 109396108
999999, 85005, 1
800, 109396109, 109396109
999999, 85249, 289
800, 109396398, 109396398
999999, 84961, 1
800, 109396399, 109396399
999999, 85029, 69
800, 109396468, 109396468
999999, 84961, 1
800, 109396469, 109396469
999999, 85205, 249
800, 109396718, 109396718
999999, 84957, 1
800, 109396719, 109396719
999999, 85047, 33
800, 109396752, 109396752
999999, 85254, 1
800, 109396753, 109396753
999999, 85254, 295
217, 75744312, 75744312
800, 109397048, 109397048
999999, 85276, 1
216, 75744313, 75744313
800, 109397049, 109397049
999999, 85361, 56
800, 109397105, 109397105
999999, 85306, 269
999999, 85310, 1
214, 75744639, 75744639
800, 109397375, 109397375
999999, 85310, 19
800, 109397394, 109397394
999999, 85332, 1
800, 109397395, 109397395
999999, 85593, 292
800, 109397687, 109397687
999999, 85302, 271
213, 75745222, 75745222
800, 109397958, 109397958
999999, 85051, 1
212, 75745223, 75745223
800, 109397959, 109397959
999999, 85320, 74
209, 9258897, 9258897
800, 109398033, 109398033
999999, 85307, 290
800, 109398323, 109398323
999999, 85018, 61
999999, 85258, 232
213, 75745880, 75745880
800, 109398616, 109398616
999999, 85036, 1
999999, 85036, 47
800, 109398664, 109398664
999999, 85264, 1
800, 109398665, 109398665
999999, 85264, 304
999999, 85052, 44
211, 75746277, 75746277
800, 109399013, 109399013
999999, 85255, 261
800, 109399274, 109399274
999999, 85014, 1
999999, 85014, 57
999999, 85230, 268
800, 109399600, 109399600
999999, 84963, 1
800, 109399601, 109399601
999999, 85057, 47
222, 8441440, 8441440
208, 9260512, 8441440
209, 75746912, 8441440
800, 109399648, 109399648
999999, 85011, 1
222, 8441441, 8441441
207, 9260513, 8441441
208, 75746913, 8441441
800, 109399649, 109399649
999999, 85224, 189
222, 8441630, 8441630
207, 9260702, 8441630
207, 75747102, 8441630
800, 109399838, 109399838
999999, 85124, 48
207, 9260750, 9260750
800, 109399886, 109399886
999999, 85077, 584
800, 109400470, 109400470
999999, 84764, 1
800, 109400471, 109400471
999999, 84764, 88
208, 9261423, 9261423
800, 109400559, 109400559
999999, 84725, 229
800, 109400788, 109400788
999999, 84497, 1
800, 109400789, 109400789
999999, 84750, 45
207, 75748098, 75748098
800, 109400834, 109400834
999999, 84766, 280
207, 75748378, 75748378
800, 109401114, 109401114
999999, 84487, 1
207, 75748379, 75748379
800, 109401115, 109401115
999999, 84676, 55
800, 109401170, 109401170
999999, 84717, 296
232, 8443258, 8443258
206, 75748730, 8443258
800, 109401466, 109401466
999999, 84641, 10
232, 8443268, 8443268
205, 75748740, 8443268
800, 109401476, 109401476
999999, 84986, 299
800, 109401775, 109401775
999999, 84688, 317
800, 109402092, 109402092
999999, 84378, 1
800, 109402093, 109402093
999999, 84646, 56
215, 9263013, 9263013
204, 75749413, 9263013
800, 109402149, 109402149
999999, 84651, 247
203, 75749660, 75749660
800, 109402396, 109402396
999999, 84405, 1
202, 75749661, 75749661
800, 109402397, 109402397
999999, 84669, 95
999999, 84632, 1
200, 75749757, 75749757
800, 109402493, 109402493
999999, 84927, 213
800, 109402706, 109402706
999999, 84715, 1
800, 109402707, 109402707
999999, 84722, 89
800, 109402796, 109402796
999999, 84903, 1
800, 109402797, 109402797
999999, 84991, 265
800, 109403062, 109403062
999999, 84980, 1
999999, 84980, 51
800, 109403114, 109403114
999999, 84991, 1
800, 109403115, 109403115
999999, 85267, 257
800, 109403372, 109403372
999999, 85011, 68
800, 109403440, 109403440
999999, 84954, 226
800, 109403666, 109403666
999999, 84729, 1
800, 109403667, 109403667
999999, 85089, 48
200, 75750979, 75750979
800, 109403715, 109403715
999999, 85042, 305
800, 109404020, 109404020
999999, 84965, 12
201, 8607616, 8607616
219, 9264896, 9264896
800, 109404032, 109404032
999999, 85031, 1
200, 8607617, 8607617
218, 9264897, 9264897
800, 109404033, 109404033
999999, 85290, 257
217, 9265154, 9265154
800, 109404290, 109404290
999999, 85089, 1
216, 9265155, 9265155
800, 109404291, 109404291
999999, 85367, 97
800, 109404388, 109404388
999999, 85271, 1
800, 109404389, 109404389
999999, 85327, 253
216, 9265506, 9265506
800, 109404642, 109404642
999999, 85294, 1
215, 9265507, 9265507
800, 109404643, 109404643
999999, 85375, 61
262, 8446496, 8446496
214, 9265568, 8446496
800, 109404704, 109404704
999999, 85315, 190
262, 8446686, 8446686
214, 9265758, 8446686
800, 109404894, 109404894
999999, 85459, 1
262, 8446687, 8446687
213, 9265759, 8446687
800, 109404895, 109404895
999999, 85701, 55
800, 109404950, 109404950
999999, 85647, 1
800, 109404951, 109404951
999999, 85895, 321
800, 109405272, 109405272
999999, 85575, 246
800, 109405518, 109405518
999999, 85391, 1
800, 109405519, 109405519
999999, 85639, 73
800, 109405592, 109405592
999999, 85567, 1
800, 109405593, 109405593
999999, 85613, 291
215, 9266748, 9266748
800, 109405884, 109405884
999999, 85598, 1
214, 9266749, 9266749
800, 109405885, 109405885
999999, 85689, 321
800, 109406206, 109406206
999999, 85369, 1
800, 109406207, 109406207
999999, 85579, 13
800, 109406220, 109406220
999999, 85567, 1
800, 109406221, 109406221
999999, 85627, 249
800, 109406470, 109406470
999999, 85640, 1
800, 109406471, 109406471
999999, 85640, 65
800, 109406536, 109406536
999999, 85636, 1
800, 109406537, 109406537
999999, 85636, 307
800, 109406844, 109406844
999999, 85593, 1
800, 109406845, 109406845
999999, 85691, 5
800, 109406850, 109406850
999999, 85687, 1
800, 109406851, 109406851
999999, 85903, 303
800, 109407154, 109407154
999999, 85601, 1
800, 109407155, 109407155
999999, 85687, 47
800, 109407202, 109407202
999999, 85641, 1
800, 109407203, 109407203
999999, 85869, 235
800, 109407438, 109407438
999999, 85719, 1
800, 109407439, 109407439
999999, 85999, 107
289, 8449338, 8449338
800, 109407546, 109407546
999999, 85893, 252
800, 109407798, 109407798
999999, 85696, 14
290, 8449604, 8449604
213, 9268676, 8449604
800, 109407812, 109407812
999999, 85683, 1
290, 8449605, 8449605
212, 9268677, 8449605
800, 109407813, 109407813
999999, 85992, 305
211, 9268982, 9268982
800, 109408118, 109408118
999999, 85908, 1
210, 9268983, 9268983
800, 109408119, 109408119
999999, 85908, 17
800, 109408136, 109408136
999999, 85988, 1
800, 109408137, 109408137
999999, 86303, 263
800, 109408400, 109408400
999999, 86041, 96
800, 109408496, 109408496
999999, 86218, 229
800, 109408725, 109408725
999999, 85990, 81
800, 109408806, 109408806
999999, 85956, 1
800, 109408807, 109408807
999999, 85956, 262
209, 9269933, 9269933
800, 109409069, 109409069
999999, 85911, 67
800, 109409136, 109409136
999999, 85845, 212
301, 8451140, 8451140
800, 109409348, 109409348
999999, 85986, 94
208, 9270306, 9270306
800, 109409442, 109409442
999999, 85893, 1
207, 9270307, 9270307
800, 109409443, 109409443
999999, 85966, 257
800, 109409700, 109409700
999999, 85950, 60
304, 8451552, 8451552
208, 9270624, 8451552
800, 109409760, 109409760
999999, 85891, 1
304, 8451553, 8451553
208, 9270625, 8451553
800, 109409761, 109409761
999999, 85951, 189
304, 8451742, 8451742
208, 9270814, 8451742
800, 109409950, 109409950
999999, 85763, 1
304, 8451743, 8451743
208, 9270815, 8451743
800, 109409951, 109409951
999999, 85951, 55
800, 109410006, 109410006
999999, 85992, 296
208, 9271166, 9271166
800, 109410302, 109410302
999999, 85912, 62
800, 109410364, 109410364
999999, 85938, 1
800, 109410365, 109410365
999999, 86174, 313
800, 109410678, 109410678
999999, 85910, 1
999999, 85910, 225
800, 109410904, 109410904
999999, 85952, 1
800, 109410905, 109410905
999999, 85952, 47
800, 109410952, 109410952
999999, 85960, 1
800, 109410953, 109410953
999999, 86213, 323
800, 109411276, 109411276
999999, 85891, 298
800, 109411574, 109411574
999999, 85660, 1
800, 109411575, 109411575
999999, 85956, 11
800, 109411586, 109411586
999999, 85995, 1
800, 109411587, 109411587
999999, 86263, 312
319, 8453691, 8453691
800, 109411899, 109411899
999999, 85952, 13
800, 109411912, 109411912
999999, 85948, 298
800, 109412210, 109412210
999999, 85946, 1
800, 109412211, 109412211
999999, 85946, 49
800, 109412260, 109412260
999999, 85952, 1
800, 109412261, 109412261
999999, 85952, 234
800, 109412495, 109412495
999999, 86059, 55
800, 109412550, 109412550
999999, 86256, 1
800, 109412551, 109412551
999999, 86256, 261
800, 109412812, 109412812
999999, 86061, 1
800, 109412813, 109412813
999999, 86269, 93
800, 109412906, 109412906
999999, 86177, 1
800, 109412907, 109412907
999999, 86273, 273
999999, 86214, 1
800, 109413181, 109413181
999999, 86214, 45
215, 9274090, 9274090
800, 109413226, 109413226
999999, 86230, 1
214, 9274091, 9274091
800, 109413227, 109413227
999999, 86531, 263
800, 109413490, 109413490
999999, 86330, 1
800, 109413491, 109413491
999999, 86545, 49
337, 8455332, 8455332
800, 109413540, 109413540
999999, 86497, 266
214, 9274670, 9274670
800, 109413806, 109413806
999999, 86551, 1
213, 9274671, 9274671
800, 109413807, 109413807
999999, 86657, 61
212, 9274732, 9274732
800, 109413868, 109413868
999999, 86841, 1
212, 9274733, 9274733
800, 109413869, 109413869
999999, 87089, 228
212, 9274961, 9274961
800, 109414097, 109414097
999999, 86862, 87
202, 42472744, 42472744
800, 109414184, 109414184
999999, 86830, 1
999999, 86830, 223
800, 109414408, 109414408
999999, 86869, 1
800, 109414409, 109414409
999999, 87185, 351
800, 109414760, 109414760
999999, 86885, 1
800, 109414761, 109414761
999999, 87185, 55
348, 8456608, 8456608
215, 9275680, 8456608
200, 42473376, 8456608
800, 109414816, 109414816
999999, 87138, 1
348, 8456609, 8456609
214, 9275681, 8456609
800, 109414817, 109414817
999999, 87138, 250
430, 26577593, 26577593
999999, 87169, 243
213, 9276174, 9276174
800, 109415310, 109415310
999999, 86927, 74
800, 109415384, 109415384
999999, 86908, 1
800, 109415385, 109415385
999999, 86908, 293
351, 8457470, 8457470
212, 9276542, 8457470
800, 109415678, 109415678
999999, 86910, 23
800, 109415701, 109415701
999999, 86888, 289
999999, 86605, 1
800, 109415991, 109415991
999999, 86915, 59
800, 109416050, 109416050
999999, 86865, 1
800, 109416051, 109416051
999999, 87168, 233
800, 109416284, 109416284
999999, 86985, 94
357, 8458170, 8458170
800, 109416378, 109416378
999999, 87132, 1
357, 8458171, 8458171
800, 109416379, 109416379
999999, 87132, 215
800, 109416594, 109416594
999999, 87012, 102
999999, 86911, 1
800, 109416697, 109416697
999999, 87121, 217
800, 109416914, 109416914
999999, 86905, 91
800, 109417005, 109417005
999999, 86919, 267
202, 42475832, 42475832
800, 109417272, 109417272
999999, 86653, 1
201, 42475833, 42475833
800, 109417273, 109417273
999999, 86901, 47
200, 42475880, 42475880
800, 109417320, 109417320
999999, 86855, 1
800, 109417321, 109417321
999999, 87166, 241
366, 8459354, 8459354
800, 109417562, 109417562
999999, 86990, 1
366, 8459355, 8459355
800, 109417563, 109417563
999999, 86990, 49
800, 109417612, 109417612
999999, 87175, 1
800, 109417613, 109417613
999999, 87221, 253
800, 109417866, 109417866
999999, 86969, 1
800, 109417867, 109417867
999999, 87266, 97
800, 109417964, 109417964
999999, 87508, 1
800, 109417965, 109417965
999999, 87763, 232
800, 109418197, 109418197
999999, 87532, 81
200, 8561190, 8561190
800, 109418278, 109418278
999999, 87546, 1
200, 8561191, 8561191
800, 109418279, 109418279
999999, 87546, 221
375, 8460292, 8460292
800, 109418500, 109418500
999999, 87515, 1
375, 8460293, 8460293
800, 109418501, 109418501
999999, 87570, 333
800, 109418834, 109418834
999999, 87498, 1
800, 109418835, 109418835
999999, 87498, 95
386, 109418931, 109418931
999999, 87444, 1
218, 9279795, 9279795
800, 109418931, 109418931
999999, 87444, 244
800, 109419175, 109419175
999999, 87571, 65
206, 42477800, 42477800
800, 109419240, 109419240
999999, 87507, 255
800, 109419495, 109419495
999999, 87503, 66
205, 42478121, 42478121
800, 109419561, 109419561
999999, 87438, 249
202, 8562722, 8562722
218, 9280674, 9280674
800, 109419810, 109419810
999999, 87248, 1
201, 8562723, 8562723
218, 9280675, 9280675
800, 109419811, 109419811
999999, 87248, 251
385, 8461854, 8461854
200, 8562974, 8461854
218, 9280926, 8461854
205, 42478622, 8461854
800, 109420062, 109420062
999999, 87224, 61
385, 8461915, 8461915
800, 109420123, 109420123
999999, 87229, 292
385, 8462207, 8462207
219, 9281279, 8462207
800, 109420415, 109420415
999999, 86938, 11
800, 109420426, 109420426
999999, 87170, 1
800, 109420427, 109420427
999999, 87277, 260
218, 9281551, 9281551
206, 42479247, 9281551
800, 109420687, 109420687
999999, 87237, 103
205, 42479350, 42479350
800, 109420790, 109420790
999999, 87135, 1
204, 42479351, 42479351
800, 109420791, 109420791
999999, 87219, 211
203, 42479562, 42479562
800, 109421002, 109421002
999999, 87225, 1
202, 42479563, 42479563
800, 109421003, 109421003
999999, 87285, 97
800, 109421100, 109421100
999999, 87189, 1
800, 109421101, 109421101
999999, 87505, 233
217, 9282198, 9282198
800, 109421334, 109421334
999999, 87273, 1
216, 9282199, 9282199
800, 109421335, 109421335
999999, 87297, 61
215, 9282260, 9282260
800, 109421396, 109421396
999999, 87237, 1
999999, 87479, 255
201, 42480212, 42480212
800, 109421652, 109421652
999999, 87319, 1
999999, 87543, 85
800, 109421738, 109421738
999999, 87560, 1
800, 109421739, 109421739
999999, 87560, 267
800, 109422006, 109422006
999999, 87554, 1
800, 109422007, 109422007
999999, 87554, 51
800, 109422058, 109422058
999999, 87559, 1
800, 109422059, 109422059
999999, 87786, 264
800, 109422323, 109422323
999999, 87603, 13
407, 8464128, 8464128
800, 109422336, 109422336
999999, 87591, 1
407, 8464129, 8464129
800, 109422337, 109422337
999999, 87851, 283
800, 109422620, 109422620
999999, 87569, 1
800, 109422621, 109422621
999999, 87635, 55
800, 109422676, 109422676
999999, 87581, 1
800, 109422677, 109422677
999999, 87831, 281
800, 109422958, 109422958
999999, 87551, 34
800, 109422992, 109422992
999999, 87570, 1
800, 109422993, 109422993
999999, 87570, 245
800, 109423238, 109423238
999999, 87643, 108
800, 109423346, 109423346
999999, 87724, 1
800, 109423347, 109423347
999999, 87724, 209
417, 8465348, 8465348
203, 42118084, 8465348
800, 109423556, 109423556
999999, 87576, 1
417, 8465349, 8465349
203, 42118085, 8465349
800, 109423557, 109423557
999999, 87576, 95
417, 8465444, 8465444
800, 109423652, 109423652
999999, 87722, 1
417, 8465445, 8465445
800, 109423653, 109423653
999999, 87722, 277
999999, 87778, 1
416, 8465723, 8465723
202, 42118459, 8465723
800, 109423931, 109423931
999999, 88094, 265
415, 8465988, 8465988
201, 42118724, 8465988
800, 109424196, 109424196
999999, 87877, 100
202, 42482856, 42482856
800, 109424296, 109424296
999999, 88051, 254
201, 42483110, 42483110
800, 109424550, 109424550
999999, 87852, 1
200, 42483111, 42483111
800, 109424551, 109424551
999999, 87852, 65
207, 9336040, 9336040
800, 109424616, 109424616
999999, 88084, 1
206, 9336041, 9336041
800, 109424617, 109424617
999999, 88084, 215
415, 8466624, 8466624
224, 9285696, 8466624
205, 9336256, 8466624
800, 109424832, 109424832
999999, 87928, 1
415, 8466625, 8466625
223, 9285697, 8466625
204, 9336257, 8466625
800, 109424833, 109424833
999999, 87928, 96
414, 8466721, 8466721
223, 9285793, 8466721
203, 9336353, 8466721
202, 42119457, 8466721
800, 109424929, 109424929
200, 109687841, 109424929
999999, 88042, 189
413, 8466910, 8466910
222, 9285982, 8466910
202, 9336542, 8466910
201, 42119646, 8466910
800, 109425118, 109425118
999999, 87922, 63
800, 109425181, 109425181
999999, 87860, 254
412, 8467227, 8467227
221, 9286299, 8467227
800, 109425435, 109425435
999999, 87889, 49
220, 9286348, 9286348
800, 109425484, 109425484
999999, 87894, 1
219, 9286349, 9286349
800, 109425485, 109425485
999999, 87894, 266
218, 9286615, 9286615
800, 109425751, 109425751
999999, 87877, 87
217, 9286702, 9286702
800, 109425838, 109425838
999999, 87791, 1
216, 9286703, 9286703
800, 109425839, 109425839
999999, 87849, 267
415, 8467898, 8467898
204, 42120634, 8467898
800, 109426106, 109426106
999999, 87839, 48
800, 109426154, 109426154
999999, 88107, 1
800, 109426155, 109426155
999999, 88199, 239
417, 8468186, 8468186
800, 109426394, 109426394
999999, 87961, 50
800, 109426444, 109426444
999999, 88168, 262
217, 9287570, 9287570
800, 109426706, 109426706
999999, 87919, 1
217, 9287571, 9287571
800, 109426707, 109426707
999999, 88191, 326
217, 9287897, 9287897
800, 109427033, 109427033
202, 109770841, 109427033
999999, 87866, 77
217, 9287974, 9287974
800, 109427110, 109427110
201, 109770918, 109427110
999999, 87884, 1
217, 9287975, 9287975
800, 109427111, 109427111
200, 109770919, 109427111
999999, 87884, 221
419, 8469124, 8469124
203, 9338756, 8469124
204, 42121860, 8469124
800, 109427332, 109427332
999999, 87872, 1
419, 8469125, 8469125
202, 9338757, 8469125
204, 42121861, 8469125
800, 109427333, 109427333
999999, 87872, 59
419, 8469184, 8469184
201, 9338816, 8469184
800, 109427392, 109427392
999999, 87920, 1
419, 8469185, 8469185
200, 9338817, 8469185
800, 109427393, 109427393
999999, 87920, 317
418, 8469502, 8469502
800, 109427710, 109427710
999999, 87854, 1
417, 8469503, 8469503
800, 109427711, 109427711
999999, 87854, 13
800, 109427724, 109427724
999999, 87908, 1
800, 109427725, 109427725
999999, 88163, 263
800, 109427988, 109427988
999999, 87901, 82
220, 9288934, 9288934
800, 109428070, 109428070
200, 109771878, 109428070
999999, 87866, 238
220, 9289172, 9289172
800, 109428308, 109428308
999999, 87629, 87
800, 109428395, 109428395
999999, 87731, 257
800, 109428652, 109428652
999999, 87475, 1
800, 109428653, 109428653
999999, 87521, 59
800, 109428712, 109428712
999999, 87463, 1
800, 109428713, 109428713
999999, 87732, 226
800, 109428939, 109428939
999999, 87595, 104
800, 109429043, 109429043
999999, 87492, 243
224, 9290150, 9290150
800, 109429286, 109429286
999999, 87476, 26
426, 8471104, 8471104
203, 9340736, 8471104
800, 109429312, 109429312
999999, 87535, 295
999999, 87455, 74
223, 9290545, 9290545
800, 109429681, 109429681
999999, 87477, 242
222, 9290787, 9290787
800, 109429923, 109429923
999999, 87515, 61
426, 8471776, 8471776
221, 9290848, 8471776
202, 9341408, 8471776
209, 42124512, 8471776
800, 109429984, 109429984
201, 109773792, 109429984
999999, 87455, 1
425, 8471777, 8471777
220, 9290849, 8471777
201, 9341409, 8471777
208, 42124513, 8471777
800, 109429985, 109429985
200, 109773793, 109429985
999999, 87473, 190
424, 8471967, 8471967
219, 9291039, 8471967
200, 9341599, 8471967
207, 42124703, 8471967
800, 109430175, 109430175
999999, 87284, 61
218, 9291100, 9291100
800, 109430236, 109430236
999999, 87480, 1
217, 9291101, 9291101
800, 109430237, 109430237
999999, 87480, 250
800, 109430487, 109430487
999999, 87282, 51
800, 109430538, 109430538
999999, 87584, 1
800, 109430539, 109430539
999999, 87841, 273
800, 109430812, 109430812
999999, 87628, 1
372, 3295239, 3295239
245, 104253447, 3295239
999999, 87628, 90
800, 109430903, 109430903
999999, 87782, 226
800, 109431129, 109431129
999999, 87601, 55
219, 9292048, 9292048
800, 109431184, 109431184
999999, 87547, 267
429, 8473243, 8473243
218, 9292315, 8473243
800, 109431451, 109431451
999999, 87571, 48
217, 9292363, 9292363
800, 109431499, 109431499
999999, 87524, 305
200, 9343228, 9343228
800, 109431804, 109431804
999999, 87240, 1
200, 9343229, 9343229
800, 109431805, 109431805
999999, 87240, 47
999999, 87455, 1
800, 109431853, 109431853
999999, 87813, 217
800, 109432070, 109432070
999999, 87644, 1
800, 109432071, 109432071
999999, 87876, 65
800, 109432136, 109432136
999999, 87866, 1
800, 109432137, 109432137
999999, 88161, 299
800, 109432436, 109432436
999999, 87863, 1
800, 109432437, 109432437
999999, 87919, 45
800, 109432482, 109432482
999999, 88448, 1
800, 109432483, 109432483
999999, 88448, 249
800, 109432732, 109432732
999999, 88261, 1
800, 109432733, 109432733
999999, 88449, 47
800, 109432780, 109432780
999999, 88403, 1
800, 109432781, 109432781
999999, 88463, 268
800, 109433049, 109433049
999999, 88196, 307
800, 109433356, 109433356
200, 109777164, 109433356
999999, 88138, 1
800, 109433357, 109433357
999999, 88237, 53
800, 109433410, 109433410
999999, 88404, 1
800, 109433411, 109433411
999999, 88404, 257
445, 8475460, 8475460
218, 42128196, 8475460
800, 109433668, 109433668
999999, 88198, 1
444, 8475461, 8475461
217, 42128197, 8475461
800, 109433669, 109433669
999999, 88198, 100
800, 109433769, 109433769
999999, 88403, 226
800, 109433995, 109433995
999999, 88178, 61
800, 109434056, 109434056
999999, 88125, 1
800, 109434057, 109434057
999999, 88397, 298
999999, 88100, 14
446, 8476161, 8476161
207, 8648065, 8476161
223, 9295233, 8476161
800, 109434369, 109434369
999999, 88145, 319
445, 8476480, 8476480
206, 8648384, 8476480
222, 9295552, 8476480
800, 109434688, 109434688
999999, 87827, 1
445, 8476481, 8476481
205, 8648385, 8476481
221, 9295553, 8476481
800, 109434689, 109434689
999999, 88169, 255
444, 8476736, 8476736
200, 8638528, 8476736
800, 109434944, 109434944
999999, 88146, 1
443, 8476737, 8476737
800, 109434945, 109434945
999999, 88146, 95
443, 8476832, 8476832
207, 8648736, 8476832
220, 9295904, 8476832
203, 9346464, 8476832
218, 42129568, 8476832
800, 109435040, 109435040
999999, 88152, 1
443, 8476833, 8476833
207, 8648737, 8476833
219, 9295905, 8476833
202, 9346465, 8476833
218, 42129569, 8476833
800, 109435041, 109435041
999999, 88152, 189
442, 8477022, 8477022
206, 8648926, 8477022
218, 9296094, 8477022
201, 9346654, 8477022
217, 42129758, 8477022
800, 109435230, 109435230
999999, 88179, 1
441, 8477023, 8477023
206, 8648927, 8477023
217, 9296095, 8477023
200, 9346655, 8477023
216, 42129759, 8477023
800, 109435231, 109435231
999999, 88262, 95
999999, 88414, 1
441, 8477119, 8477119
204, 8649023, 8477119
215, 9296191, 8477119
800, 109435327, 109435327
999999, 88462, 269
215, 9296460, 9296460
800, 109435596, 109435596
999999, 88494, 270
442, 8477658, 8477658
800, 109435866, 109435866
999999, 88225, 1
442, 8477659, 8477659
800, 109435867, 109435867
999999, 88234, 97
800, 109435964, 109435964
999999, 88434, 1
800, 109435965, 109435965
999999, 88453, 253
441, 8478010, 8478010
215, 9297082, 8478010
219, 42130746, 8478010
800, 109436218, 109436218
999999, 88201, 62
204, 8649976, 8649976
215, 9297144, 9297144
800, 109436280, 109436280
999999, 88496, 228
203, 8650204, 8650204
800, 109436508, 109436508
999999, 88269, 1
202, 8650205, 8650205
800, 109436509, 109436509
999999, 88494, 45
800, 109436554, 109436554
999999, 88774, 348
800, 109436902, 109436902
999999, 88427, 1
800, 109436903, 109436903
999999, 88513, 263
800, 109437166, 109437166
999999, 88251, 1
800, 109437167, 109437167
999999, 88503, 34
800, 109437201, 109437201
999999, 88470, 289
