777777, 850, 3000
212, 75514622, 75514622
339, 75676414, 75676414
850, 109329150, 109329150
999999, 92184, 208
850, 109329358, 109329358
999999, 91977, 1
850, 109329359, 109329359
999999, 92037, 61
850, 109329420, 109329420
999999, 91977, 1
850, 109329421, 109329421
999999, 92231, 269
342, 75676954, 75676954
850, 109329690, 109329690
999999, 91963, 1
342, 75676955, 75676955
850, 109329691, 109329691
999999, 92047, 317
342, 75677272, 75677272
850, 109330008, 109330008
999999, 91731, 1
341, 75677273, 75677273
850, 109330009, 109330009
999999, 91997, 96
340, 75677369, 75677369
850, 109330105, 109330105
999999, 91902, 227
219, 9181084, 9181084
340, 75677596, 75677596
850, 109330332, 109330332
999999, 91726, 1
218, 9181085, 9181085
340, 75677597, 75677597
850, 109330333, 109330333
999999, 91726, 95
339, 75677692, 75677692
850, 109330428, 109330428
999999, 91895, 1
338, 75677693, 75677693
850, 109330429, 109330429
999999, 91907, 201
999999, 91707, 1
336, 75677895, 75677895
850, 109330631, 109330631
999999, 91989, 101
216, 75516204, 75516204
850, 109330732, 109330732
999999, 91889, 1
215, 75516205, 75516205
850, 109330733, 109330733
999999, 91943, 231
850, 109330964, 109330964
999999, 91713, 1
850, 109330965, 109330965
999999, 91993, 99
337, 75678328, 75678328
850, 109331064, 109331064
999999, 91928, 1
336, 75678329, 75678329
850, 109331065, 109331065
999999, 91928, 203
335, 75678532, 75678532
850, 109331268, 109331268
999999, 91970, 1
334, 75678533, 75678533
850, 109331269, 109331269
999999, 92077, 93
333, 75678626, 75678626
850, 109331362, 109331362
999999, 91985, 284
217, 9182398, 9182398
333, 75678910, 75678910
850, 109331646, 109331646
999999, 91910, 1
216, 9182399, 9182399
333, 75678911, 75678911
850, 109331647, 109331647
999999, 91910, 55
850, 109331702, 109331702
999999, 91950, 1
850, 109331703, 109331703
999999, 91950, 262
333, 75679229, 75679229
850, 109331965, 109331965
999999, 91965, 45
850, 109332010, 109332010
999999, 91921, 1
850, 109332011, 109332011
999999, 92185, 238
334, 75679513, 75679513
850, 109332249, 109332249
999999, 92047, 81
850, 109332330, 109332330
999999, 92220, 1
850, 109332331, 109332331
999999, 92220, 278
215, 9183361, 9183361
333, 75679873, 75679873
850, 109332609, 109332609
999999, 92007, 265
850, 109332874, 109332874
999999, 91743, 1
850, 109332875, 109332875
999999, 91957, 61
850, 109332936, 109332936
999999, 91897, 301
850, 109333237, 109333237
999999, 91692, 311
850, 109333548, 109333548
999999, 91570, 54
216, 9184354, 9184354
334, 75680866, 75680866
850, 109333602, 109333602
999999, 91579, 262
218, 75519336, 75519336
850, 109333864, 109333864
999999, 91571, 1
217, 75519337, 75519337
850, 109333865, 109333865
999999, 91619, 55
215, 9184672, 9184672
215, 42675616, 42675616
216, 75519392, 75519392
333, 75681184, 75681184
850, 109333920, 109333920
999999, 91565, 1
214, 9184673, 9184673
214, 42675617, 42675617
216, 75519393, 75519393
332, 75681185, 75681185
850, 109333921, 109333921
999999, 91830, 189
213, 9184862, 9184862
213, 42675806, 42675806
215, 75519582, 75519582
331, 75681374, 75681374
850, 109334110, 109334110
999999, 91728, 48
850, 109334158, 109334158
999999, 91681, 1
850, 109334159, 109334159
999999, 91947, 303
212, 9185214, 9185214
332, 75681726, 75681726
850, 109334462, 109334462
999999, 91692, 15
850, 109334477, 109334477
999999, 91678, 272
332, 75682013, 75682013
850, 109334749, 109334749
999999, 91645, 54
214, 75520275, 75520275
850, 109334803, 109334803
999999, 91641, 257
850, 109335060, 109335060
999999, 91646, 96
850, 109335156, 109335156
999999, 91551, 230
214, 75520858, 75520858
331, 75682650, 75682650
850, 109335386, 109335386
999999, 91647, 1
214, 75520859, 75520859
330, 75682651, 75682651
850, 109335387, 109335387
999999, 91723, 98
329, 75682749, 75682749
850, 109335485, 109335485
999999, 91626, 262
329, 75683011, 75683011
850, 109335747, 109335747
999999, 91585, 265
850, 109336012, 109336012
999999, 91321, 1
850, 109336013, 109336013
999999, 91379, 101
850, 109336114, 109336114
999999, 91279, 1
850, 109336115, 109336115
999999, 91595, 207
329, 75683586, 75683586
850, 109336322, 109336322
999999, 91389, 1
328, 75683587, 75683587
850, 109336323, 109336323
999999, 91401, 95
327, 75683682, 75683682
850, 109336418, 109336418
999999, 91307, 1
327, 75683683, 75683683
850, 109336419, 109336419
999999, 91569, 296
850, 109336715, 109336715
999999, 91355, 292
850, 109337007, 109337007
999999, 91301, 20
215, 9187779, 9187779
328, 75684291, 75684291
850, 109337027, 109337027
999999, 91368, 277
327, 75684568, 75684568
850, 109337304, 109337304
999999, 91348, 1
447, 26499831, 26499831
999999, 91348, 44
325, 75684613, 75684613
850, 109337349, 109337349
999999, 91363, 307
324, 75684920, 75684920
850, 109337656, 109337656
999999, 91057, 1
323, 75684921, 75684921
850, 109337657, 109337657
999999, 91282, 55
850, 109337712, 109337712
999999, 91331, 1
850, 109337713, 109337713
999999, 91573, 219
850, 109337932, 109337932
999999, 91380, 1
850, 109337933, 109337933
999999, 91674, 55
323, 75685252, 75685252
850, 109337988, 109337988
999999, 91693, 1
322, 75685253, 75685253
850, 109337989, 109337989
999999, 91934, 303
850, 109338292, 109338292
999999, 91692, 1
850, 109338293, 109338293
999999, 91692, 319
850, 109338612, 109338612
999999, 91563, 1
850, 109338613, 109338613
999999, 91623, 47
221, 75524132, 75524132
324, 75685924, 75685924
850, 109338660, 109338660
999999, 91577, 1
221, 75524133, 75524133
323, 75685925, 75685925
850, 109338661, 109338661
999999, 91826, 253
213, 8421154, 8421154
220, 9199778, 9199778
322, 75686178, 75686178
850, 109338914, 109338914
999999, 91624, 62
212, 8421216, 8421216
222, 9189728, 9189728
219, 9199840, 9189728
218, 42680672, 9189728
220, 75524448, 9189728
321, 75686240, 75686240
850, 109338976, 109338976
999999, 91563, 1
221, 9189729, 9189729
218, 9199841, 9189729
217, 42680673, 9189729
219, 75524449, 9189729
320, 75686241, 75686241
850, 109338977, 109338977
999999, 91835, 189
220, 9189918, 9189918
217, 9200030, 9189918
216, 42680862, 9189918
218, 75524638, 9189918
319, 75686430, 75686430
850, 109339166, 109339166
999999, 91647, 56
215, 42680918, 42680918
850, 109339222, 109339222
999999, 91681, 296
999999, 91611, 1
216, 9200383, 9200383
217, 75524991, 75524991
317, 75686783, 75686783
850, 109339519, 109339519
999999, 91665, 7
316, 75686790, 75686790
850, 109339526, 109339526
999999, 91925, 278
217, 9200668, 9200668
315, 75687068, 75687068
850, 109339804, 109339804
999999, 91695, 1
216, 9200669, 9200669
314, 75687069, 75687069
850, 109339805, 109339805
999999, 91999, 94
216, 75525371, 75525371
313, 75687163, 75687163
850, 109339899, 109339899
999999, 91906, 209
215, 9200972, 9200972
850, 109340108, 109340108
999999, 91744, 1
214, 9200973, 9200973
850, 109340109, 109340109
999999, 91744, 67
850, 109340176, 109340176
999999, 91894, 358
850, 109340534, 109340534
999999, 91537, 1
850, 109340535, 109340535
999999, 91601, 281
850, 109340816, 109340816
999999, 91321, 298
312, 75688378, 75688378
850, 109341114, 109341114
999999, 91322, 1
311, 75688379, 75688379
850, 109341115, 109341115
999999, 91322, 21
850, 109341136, 109341136
999999, 91346, 290
850, 109341426, 109341426
999999, 91057, 1
850, 109341427, 109341427
999999, 91305, 49
214, 8423716, 8423716
310, 75688740, 75688740
850, 109341476, 109341476
999999, 91257, 1
213, 8423717, 8423717
309, 75688741, 75688741
850, 109341477, 109341477
999999, 91303, 241
214, 42683414, 42683414
850, 109341718, 109341718
999999, 91063, 1
213, 42683415, 42683415
850, 109341719, 109341719
999999, 91330, 95
850, 109341814, 109341814
999999, 91542, 226
308, 75689304, 75689304
850, 109342040, 109342040
999999, 91317, 1
307, 75689305, 75689305
850, 109342041, 109342041
999999, 91369, 77
306, 75689382, 75689382
850, 109342118, 109342118
999999, 91293, 1
306, 75689383, 75689383
850, 109342119, 109342119
999999, 91549, 278
306, 75689661, 75689661
850, 109342397, 109342397
999999, 91272, 45
213, 8424682, 8424682
850, 109342442, 109342442
999999, 91327, 1
212, 8424683, 8424683
850, 109342443, 109342443
999999, 91552, 265
850, 109342708, 109342708
999999, 91348, 52
213, 9203624, 9203624
212, 42684456, 9203624
850, 109342760, 109342760
999999, 91297, 236
850, 109342996, 109342996
999999, 91359, 60
850, 109343056, 109343056
999999, 91313, 1
850, 109343057, 109343057
999999, 91631, 281
850, 109343338, 109343338
999999, 91351, 22
216, 9204224, 9204224
223, 75528832, 75528832
305, 75690624, 75690624
850, 109343360, 109343360
999999, 91584, 1
215, 9204225, 9204225
222, 75528833, 75528833
304, 75690625, 75690625
850, 109343361, 109343361
999999, 91584, 311
304, 75690936, 75690936
850, 109343672, 109343672
999999, 91368, 8
216, 9204544, 9204544
223, 75529152, 75529152
304, 75690944, 75690944
850, 109343680, 109343680
999999, 91361, 1
216, 9204545, 9204545
223, 75529153, 75529153
304, 75690945, 75690945
850, 109343681, 109343681
999999, 91549, 256
216, 9204801, 9204801
223, 75529409, 75529409
304, 75691201, 75691201
850, 109343937, 109343937
999999, 91294, 285
218, 8426462, 8426462
233, 9194974, 9194974
216, 9205086, 9194974
215, 42685918, 9194974
222, 75529694, 9194974
303, 75691486, 75691486
850, 109344222, 109344222
999999, 91104, 1
217, 8426463, 8426463
233, 9194975, 9194975
216, 9205087, 9194975
214, 42685919, 9194975
221, 75529695, 9194975
302, 75691487, 75691487
850, 109344223, 109344223
999999, 91104, 55
213, 42685974, 42685974
850, 109344278, 109344278
999999, 91318, 1
212, 42685975, 42685975
850, 109344279, 109344279
999999, 91587, 247
850, 109344526, 109344526
999999, 91341, 1
850, 109344527, 109344527
999999, 91437, 67
216, 9205458, 9205458
850, 109344594, 109344594
999999, 91371, 1
216, 9205459, 9205459
850, 109344595, 109344595
999999, 91623, 265
233, 9195612, 9195612
302, 75692124, 75692124
850, 109344860, 109344860
999999, 91420, 1
232, 9195613, 9195613
301, 75692125, 75692125
850, 109344861, 109344861
999999, 91647, 93
300, 75692218, 75692218
850, 109344954, 109344954
999999, 91555, 1
299, 75692219, 75692219
850, 109344955, 109344955
999999, 91599, 251
850, 109345206, 109345206
999999, 91696, 1
850, 109345207, 109345207
999999, 91696, 287
216, 9206358, 9206358
850, 109345494, 109345494
999999, 91672, 1
215, 9206359, 9206359
850, 109345495, 109345495
999999, 91672, 51
214, 9206410, 9206410
850, 109345546, 109345546
999999, 91655, 258
850, 109345804, 109345804
999999, 91686, 94
219, 8428138, 8428138
850, 109345898, 109345898
999999, 91654, 1
218, 8428139, 8428139
850, 109345899, 109345899
999999, 91923, 334
299, 75693497, 75693497
850, 109346233, 109346233
999999, 91590, 215
217, 8428688, 8428688
850, 109346448, 109346448
999999, 91397, 1
216, 8428689, 8428689
850, 109346449, 109346449
999999, 91692, 47
215, 8428736, 8428736
299, 75693760, 75693760
850, 109346496, 109346496
999999, 91665, 1
214, 8428737, 8428737
298, 75693761, 75693761
850, 109346497, 109346497
999999, 91915, 317
213, 8429054, 8429054
297, 75694078, 75694078
850, 109346814, 109346814
999999, 91599, 1
999999, 91653, 315
297, 75694394, 75694394
850, 109347130, 109347130
999999, 91339, 22
231, 9197904, 9197904
850, 109347152, 109347152
999999, 91607, 1
230, 9197905, 9197905
850, 109347153, 109347153
999999, 91667, 297
296, 75694714, 75694714
850, 109347450, 109347450
999999, 91371, 10
295, 75694724, 75694724
850, 109347460, 109347460
999999, 91592, 1
294, 75694725, 75694725
850, 109347461, 109347461
999999, 91592, 351
213, 9208676, 9208676
241, 75533284, 75533284
850, 109347812, 109347812
999999, 91297, 267
229, 9198831, 9198831
213, 9208943, 9198831
850, 109348079, 109348079
999999, 91326, 25
228, 9198856, 9198856
850, 109348104, 109348104
999999, 91354, 1
227, 9198857, 9198857
850, 109348105, 109348105
999999, 91354, 347
243, 75533924, 75533924
850, 109348452, 109348452
999999, 91280, 1
243, 75533925, 75533925
850, 109348453, 109348453
999999, 91280, 283
226, 9199488, 9199488
214, 9209600, 9199488
850, 109348736, 109348736
999999, 91042, 297
999999, 90746, 55
232, 26511615, 26511615
999999, 90948, 1
224, 9199841, 9199841
212, 9209953, 9199841
245, 75534561, 75534561
293, 75696353, 75696353
850, 109349089, 109349089
999999, 90948, 189
224, 9200030, 9200030
212, 9210142, 9200030
245, 75534750, 75534750
293, 75696542, 75696542
850, 109349278, 109349278
999999, 90818, 1
224, 9200031, 9200031
212, 9210143, 9200031
245, 75534751, 75534751
293, 75696543, 75696543
850, 109349279, 109349279
999999, 90818, 55
850, 109349334, 109349334
999999, 90952, 1
850, 109349335, 109349335
999999, 90952, 261
213, 9210460, 9210460
294, 75696860, 75696860
850, 109349596, 109349596
999999, 90750, 83
850, 109349679, 109349679
999999, 90919, 232
850, 109349911, 109349911
999999, 90775, 65
850, 109349976, 109349976
999999, 90711, 1
850, 109349977, 109349977
999999, 90941, 238
293, 75697479, 75697479
850, 109350215, 109350215
999999, 90704, 62
292, 75697541, 75697541
850, 109350277, 109350277
999999, 90695, 265
225, 9201294, 9201294
850, 109350542, 109350542
999999, 90431, 96
850, 109350638, 109350638
999999, 90596, 1
850, 109350639, 109350639
999999, 90683, 227
252, 75536338, 75536338
850, 109350866, 109350866
999999, 90733, 48
850, 109350914, 109350914
999999, 90746, 1
850, 109350915, 109350915
999999, 91000, 265
850, 109351180, 109351180
999999, 90744, 1
850, 109351181, 109351181
999999, 91041, 93
850, 109351274, 109351274
999999, 90949, 1
850, 109351275, 109351275
999999, 90967, 229
850, 109351504, 109351504
999999, 90739, 1
850, 109351505, 109351505
999999, 91029, 83
260, 75537060, 75537060
850, 109351588, 109351588
999999, 90947, 1
260, 75537061, 75537061
850, 109351589, 109351589
999999, 91019, 245
217, 9212698, 9212698
260, 75537306, 75537306
850, 109351834, 109351834
999999, 90775, 1
217, 9212699, 9212699
260, 75537307, 75537307
850, 109351835, 109351835
999999, 91004, 47
217, 9212746, 9212746
850, 109351882, 109351882
999999, 91019, 1
216, 9212747, 9212747
850, 109351883, 109351883
999999, 91277, 255
850, 109352138, 109352138
999999, 91100, 106
850, 109352244, 109352244
999999, 90995, 1
850, 109352245, 109352245
999999, 91221, 261
297, 75699770, 75699770
850, 109352506, 109352506
999999, 90961, 44
850, 109352550, 109352550
999999, 91276, 1
850, 109352551, 109352551
999999, 91289, 267
850, 109352818, 109352818
999999, 91023, 1
850, 109352819, 109352819
999999, 91289, 53
226, 9203624, 9203624
260, 75538344, 75538344
850, 109352872, 109352872
999999, 91237, 1
225, 9203625, 9203625
259, 75538345, 75538345
850, 109352873, 109352873
999999, 91295, 261
215, 9213998, 9213998
258, 75538606, 75538606
850, 109353134, 109353134
999999, 91035, 1
214, 9213999, 9213999
257, 75538607, 75538607
850, 109353135, 109353135
999999, 91319, 59
850, 109353194, 109353194
999999, 91598, 1
999999, 91606, 265
999999, 91645, 1
850, 109353461, 109353461
999999, 91691, 45
217, 9214370, 9214370
258, 75538978, 75538978
299, 75700770, 75700770
850, 109353506, 109353506
999999, 91647, 1
217, 9214371, 9214371
258, 75538979, 75538979
299, 75700771, 75700771
850, 109353507, 109353507
999999, 91835, 237
258, 75539216, 75539216
850, 109353744, 109353744
999999, 91599, 82
218, 9214690, 9214690
257, 75539298, 75539298
299, 75701090, 75701090
850, 109353826, 109353826
999999, 91579, 1
217, 9214691, 9214691
257, 75539299, 75539299
299, 75701091, 75701091
850, 109353827, 109353827
999999, 91831, 255
256, 75539554, 75539554
298, 75701346, 75701346
850, 109354082, 109354082
999999, 91620, 1
255, 75539555, 75539555
297, 75701347, 75701347
850, 109354083, 109354083
999999, 91620, 61
230, 9204896, 9204896
216, 9215008, 9204896
254, 75539616, 75539616
297, 75701408, 75701408
850, 109354144, 109354144
217, 110001312, 109354144
999999, 91870, 1
229, 9204897, 9204897
215, 9215009, 9204897
253, 75539617, 75539617
297, 75701409, 75701409
850, 109354145, 109354145
216, 110001313, 109354145
999999, 91870, 189
228, 9205086, 9205086
214, 9215198, 9205086
252, 75539806, 75539806
296, 75701598, 75701598
850, 109354334, 109354334
215, 110001502, 109354334
999999, 91689, 1
227, 9205087, 9205087
213, 9215199, 9205087
251, 75539807, 75539807
295, 75701599, 75701599
850, 109354335, 109354335
214, 110001503, 109354335
999999, 91962, 61
212, 9215260, 9215260
251, 75539868, 75539868
294, 75701660, 75701660
850, 109354396, 109354396
999999, 91948, 1
251, 75539869, 75539869
293, 75701661, 75701661
850, 109354397, 109354397
999999, 91948, 249
850, 109354646, 109354646
999999, 91972, 1
850, 109354647, 109354647
999999, 91972, 99
294, 75702010, 75702010
850, 109354746, 109354746
999999, 91916, 1
293, 75702011, 75702011
850, 109354747, 109354747
999999, 91916, 211
228, 9205710, 9205710
214, 9215822, 9205710
850, 109354958, 109354958
213, 110002126, 109354958
999999, 92000, 1
227, 9205711, 9205711
213, 9215823, 9205711
850, 109354959, 109354959
212, 110002127, 109354959
999999, 92000, 55
293, 75702278, 75702278
850, 109355014, 109355014
999999, 91966, 297
850, 109355311, 109355311
999999, 91670, 55
850, 109355366, 109355366
999999, 91924, 240
226, 9206358, 9206358
212, 9216470, 9206358
252, 75541078, 75541078
850, 109355606, 109355606
999999, 91685, 1
225, 9206359, 9206359
251, 75541079, 75541079
850, 109355607, 109355607
999999, 91693, 102
850, 109355709, 109355709
999999, 91592, 253
297, 75703226, 75703226
850, 109355962, 109355962
999999, 91592, 1
297, 75703227, 75703227
850, 109355963, 109355963
999999, 91654, 319
296, 75703546, 75703546
850, 109356282, 109356282
999999, 91619, 10
296, 75703556, 75703556
850, 109356292, 109356292
999999, 91702, 1
295, 75703557, 75703557
850, 109356293, 109356293
999999, 91917, 254
850, 109356547, 109356547
999999, 91664, 61
850, 109356608, 109356608
219, 110003776, 109356608
999999, 91652, 1
850, 109356609, 109356609
219, 110003777, 109356609
999999, 91652, 281
250, 75542362, 75542362
850, 109356890, 109356890
999999, 91640, 50
850, 109356940, 109356940
999999, 91591, 1
850, 109356941, 109356941
999999, 91679, 301
296, 75704506, 75704506
850, 109357242, 109357242
999999, 91379, 1
999999, 91597, 43
850, 109357286, 109357286
999999, 91650, 1
850, 109357287, 109357287
999999, 91875, 278
999999, 91598, 47
224, 9208364, 9208364
251, 75543084, 75543084
850, 109357612, 109357612
999999, 91655, 1
223, 9208365, 9208365
250, 75543085, 75543085
850, 109357613, 109357613
999999, 91912, 219
850, 109357832, 109357832
999999, 92016, 1
850, 109357833, 109357833
999999, 92016, 95
850, 109357928, 109357928
999999, 91962, 1
850, 109357929, 109357929
999999, 91962, 275
850, 109358204, 109358204
999999, 91948, 1
850, 109358205, 109358205
999999, 91948, 47
225, 9209004, 9209004
213, 9219116, 9209004
250, 75543724, 75543724
850, 109358252, 109358252
999999, 91956, 1
225, 9209005, 9209005
213, 9219117, 9209005
250, 75543725, 75543725
850, 109358253, 109358253
999999, 91956, 309
213, 9219426, 9219426
297, 75705826, 75705826
850, 109358562, 109358562
999999, 91836, 320
297, 75706146, 75706146
850, 109358882, 109358882
999999, 91517, 258
226, 9209892, 9209892
251, 75544612, 75544612
850, 109359140, 109359140
999999, 91306, 1
226, 9209893, 9209893
251, 75544613, 75544613
850, 109359141, 109359141
999999, 91573, 249
225, 9210142, 9210142
214, 9220254, 9210142
250, 75544862, 75544862
297, 75706654, 75706654
850, 109359390, 109359390
222, 110006558, 109359390
999999, 91383, 60
225, 9210202, 9210202
250, 75544922, 75544922
850, 109359450, 109359450
999999, 91584, 1
225, 9210203, 9210203
250, 75544923, 75544923
850, 109359451, 109359451
999999, 91584, 244
213, 9220559, 9220559
850, 109359695, 109359695
999999, 91431, 69
850, 109359764, 109359764
999999, 91363, 1
850, 109359765, 109359765
999999, 91575, 249
212, 9220878, 9220878
850, 109360014, 109360014
999999, 91327, 110
850, 109360124, 109360124
999999, 91277, 1
850, 109360125, 109360125
999999, 91611, 214
224, 9211091, 9211091
251, 75545811, 75545811
850, 109360339, 109360339
999999, 91398, 87
850, 109360426, 109360426
999999, 91548, 1
850, 109360427, 109360427
999999, 91548, 290
850, 109360717, 109360717
999999, 91365, 253
850, 109360970, 109360970
999999, 91113, 106
850, 109361076, 109361076
999999, 91270, 1
850, 109361077, 109361077
999999, 91270, 215
250, 75546764, 75546764
850, 109361292, 109361292
999999, 91105, 1
249, 75546765, 75546765
850, 109361293, 109361293
999999, 91365, 67
248, 75546832, 75546832
850, 109361360, 109361360
999999, 91299, 1
247, 75546833, 75546833
850, 109361361, 109361361
999999, 91312, 243
301, 75708868, 75708868
850, 109361604, 109361604
999999, 91339, 1
300, 75708869, 75708869
850, 109361605, 109361605
999999, 91433, 338
850, 109361943, 109361943
999999, 91096, 96
850, 109362039, 109362039
999999, 91219, 226
850, 109362265, 109362265
999999, 90994, 77
850, 109362342, 109362342
999999, 91026, 1
850, 109362343, 109362343
999999, 91345, 276
299, 75709883, 75709883
850, 109362619, 109362619
999999, 91070, 49
228, 9213420, 9213420
246, 75548140, 75548140
850, 109362668, 109362668
999999, 91270, 1
227, 9213421, 9213421
245, 75548141, 75548141
850, 109362669, 109362669
999999, 91270, 213
244, 75548354, 75548354
850, 109362882, 109362882
999999, 91071, 110
212, 42704688, 42704688
243, 75548464, 75548464
850, 109362992, 109362992
999999, 91240, 1
999999, 91240, 254
226, 9213999, 9213999
850, 109363247, 109363247
999999, 91034, 329
226, 9214328, 9214328
299, 75710840, 75710840
850, 109363576, 109363576
999999, 90996, 1
225, 9214329, 9214329
298, 75710841, 75710841
850, 109363577, 109363577
999999, 91049, 41
224, 9214370, 9214370
297, 75710882, 75710882
850, 109363618, 109363618
999999, 91009, 1
224, 9214371, 9214371
296, 75710883, 75710883
850, 109363619, 109363619
999999, 91281, 225
224, 9214596, 9214596
295, 75711108, 75711108
850, 109363844, 109363844
999999, 91057, 94
223, 9214690, 9214690
294, 75711202, 75711202
850, 109363938, 109363938
999999, 91008, 1
999999, 91008, 222
222, 9214913, 9214913
850, 109364161, 109364161
999999, 91055, 95
222, 9215008, 9215008
216, 42705952, 9215008
242, 75549728, 75549728
292, 75711520, 75711520
850, 109364256, 109364256
223, 110011424, 109364256
999999, 90961, 1
222, 9215009, 9215009
216, 42705953, 9215009
242, 75549729, 75549729
292, 75711521, 75711521
850, 109364257, 109364257
222, 110011425, 109364257
999999, 91008, 190
222, 9215199, 9215199
216, 42706143, 9215199
242, 75549919, 75549919
292, 75711711, 75711711
850, 109364447, 109364447
221, 110011615, 109364447
999999, 91007, 61
222, 9215260, 9215260
291, 75711772, 75711772
850, 109364508, 109364508
999999, 91008, 1
222, 9215261, 9215261
290, 75711773, 75711773
850, 109364509, 109364509
999999, 91008, 254
221, 9215515, 9215515
241, 75550235, 75550235
850, 109364763, 109364763
999999, 90995, 91
220, 9215606, 9215606
850, 109364854, 109364854
999999, 91236, 320
219, 9215926, 9215926
850, 109365174, 109365174
999999, 90917, 1
999999, 91007, 225
850, 109365400, 109365400
999999, 90783, 1
850, 109365401, 109365401
999999, 91008, 55
850, 109365456, 109365456
999999, 91008, 1
850, 109365457, 109365457
999999, 91008, 265
850, 109365722, 109365722
999999, 91044, 44
293, 75713030, 75713030
850, 109365766, 109365766
999999, 91001, 1
292, 75713031, 75713031
850, 109365767, 109365767
999999, 91019, 304
850, 109366071, 109366071
999999, 90964, 13
291, 75713348, 75713348
850, 109366084, 109366084
999999, 91048, 1
290, 75713349, 75713349
850, 109366085, 109366085
999999, 91048, 261
850, 109366346, 109366346
999999, 91008, 1
850, 109366347, 109366347
999999, 91008, 106
850, 109366453, 109366453
999999, 90957, 253
217, 9217458, 9217458
850, 109366706, 109366706
999999, 90996, 63
850, 109366769, 109366769
999999, 90934, 235
289, 75714268, 75714268
850, 109367004, 109367004
999999, 90758, 1
288, 75714269, 75714269
850, 109367005, 109367005
999999, 90758, 45
850, 109367050, 109367050
999999, 90996, 1
850, 109367051, 109367051
999999, 91007, 251
289, 75714566, 75714566
850, 109367302, 109367302
999999, 91060, 1
289, 75714567, 75714567
850, 109367303, 109367303
999999, 91060, 319
288, 75714886, 75714886
850, 109367622, 109367622
999999, 90748, 114
287, 75715000, 75715000
850, 109367736, 109367736
999999, 90635, 1
286, 75715001, 75715001
850, 109367737, 109367737
999999, 90899, 215
850, 109367952, 109367952
999999, 90685, 1
850, 109367953, 109367953
999999, 90752, 95
850, 109368048, 109368048
999999, 90952, 1
850, 109368049, 109368049
999999, 90952, 225
216, 9219026, 9219026
241, 75553746, 75553746
850, 109368274, 109368274
999999, 90774, 1
215, 9219027, 9219027
240, 75553747, 75553747
850, 109368275, 109368275
999999, 91010, 89
214, 9219116, 9219116
239, 75553836, 75553836
850, 109368364, 109368364
999999, 90968, 1
214, 9219117, 9219117
238, 75553837, 75553837
850, 109368365, 109368365
999999, 91317, 249
850, 109368614, 109368614
999999, 91069, 1
850, 109368615, 109368615
999999, 91333, 285
214, 9219652, 9219652
286, 75716164, 75716164
850, 109368900, 109368900
999999, 91049, 1
214, 9219653, 9219653
285, 75716165, 75716165
850, 109368901, 109368901
999999, 91101, 99
214, 9219752, 9219752
237, 75554472, 75554472
850, 109369000, 109369000
999999, 91003, 216
213, 9219968, 9219968
212, 9230080, 9219968
850, 109369216, 109369216
999999, 91008, 1
212, 9219969, 9219969
212, 9230081, 9230081
850, 109369217, 109369217
999999, 91008, 95
212, 9220064, 9220064
212, 9230176, 9230176
227, 42711008, 42711008
239, 75554784, 75554784
287, 75716576, 75716576
850, 109369312, 109369312
220, 110016480, 109369312
999999, 91008, 1
212, 9220065, 9220065
212, 9230177, 9230177
227, 42711009, 42711009
239, 75554785, 75554785
287, 75716577, 75716577
850, 109369313, 109369313
219, 110016481, 109369313
999999, 91197, 189
226, 42711198, 42711198
238, 75554974, 75554974
286, 75716766, 75716766
850, 109369502, 109369502
218, 110016670, 109369502
999999, 91064, 1
225, 42711199, 42711199
237, 75554975, 75554975
285, 75716767, 75716767
850, 109369503, 109369503
217, 110016671, 109369503
999999, 91064, 59
850, 109369562, 109369562
999999, 91308, 1
850, 109369563, 109369563
999999, 91308, 257
285, 75717084, 75717084
850, 109369820, 109369820
999999, 91326, 43
285, 75717127, 75717127
850, 109369863, 109369863
999999, 91284, 278
284, 75717405, 75717405
850, 109370141, 109370141
999999, 91104, 81
850, 109370222, 109370222
999999, 91228, 1
850, 109370223, 109370223
999999, 91228, 227
237, 75555922, 75555922
850, 109370450, 109370450
999999, 91062, 62
850, 109370512, 109370512
999999, 91001, 1
850, 109370513, 109370513
999999, 91310, 261
850, 109370774, 109370774
999999, 91110, 1
850, 109370775, 109370775
999999, 91110, 62
850, 109370837, 109370837
999999, 91255, 293
284, 75718394, 75718394
850, 109371130, 109371130
999999, 90963, 1
283, 75718395, 75718395
850, 109371131, 109371131
999999, 91063, 49
999999, 91015, 1
240, 75556653, 75556653
850, 109371181, 109371181
999999, 91229, 271
239, 75556924, 75556924
850, 109371452, 109371452
216, 110018620, 109371452
999999, 90959, 1
239, 75556925, 75556925
850, 109371453, 109371453
215, 110018621, 109371453
999999, 91061, 303
239, 75557228, 75557228
850, 109371756, 109371756
999999, 90759, 1
238, 75557229, 75557229
850, 109371757, 109371757
999999, 90979, 53
238, 75557282, 75557282
283, 75719074, 75719074
850, 109371810, 109371810
999999, 91010, 1
238, 75557283, 75557283
283, 75719075, 75719075
850, 109371811, 109371811
999999, 91010, 243
237, 75557526, 75557526
850, 109372054, 109372054
999999, 91008, 1
236, 75557527, 75557527
850, 109372055, 109372055
999999, 91008, 61
232, 42713812, 42713812
236, 75557588, 75557588
850, 109372116, 109372116
999999, 91042, 1
231, 42713813, 42713813
236, 75557589, 75557589
850, 109372117, 109372117
999999, 91042, 289
235, 75557878, 75557878
850, 109372406, 109372406
999999, 90978, 1
234, 75557879, 75557879
850, 109372407, 109372407
999999, 91280, 52
231, 42714155, 42714155
233, 75557931, 75557931
850, 109372459, 109372459
999999, 91301, 320
424, 109372778, 109372778
999999, 90982, 215
231, 75558466, 75558466
850, 109372994, 109372994
214, 110020162, 109372994
999999, 91045, 1
230, 75558467, 75558467
850, 109372995, 109372995
213, 110020163, 109372995
999999, 91103, 109
229, 75558576, 75558576
850, 109373104, 109373104
999999, 91240, 1
228, 75558577, 75558577
850, 109373105, 109373105
999999, 91295, 265
227, 75558842, 75558842
282, 75720634, 75720634
850, 109373370, 109373370
999999, 91031, 63
226, 75558905, 75558905
281, 75720697, 75720697
850, 109373433, 109373433
999999, 91259, 244
999999, 91016, 19
224, 75559168, 75559168
850, 109373696, 109373696
999999, 91280, 309
850, 109374005, 109374005
999999, 90972, 12
223, 75559489, 75559489
850, 109374017, 109374017
999999, 91041, 304
222, 75559793, 75559793
850, 109374321, 109374321
999999, 90999, 47
233, 42716064, 42716064
221, 75559840, 42716064
280, 75721632, 75721632
850, 109374368, 109374368
212, 110021536, 109374368
999999, 90953, 1
233, 42716065, 42716065
221, 75559841, 42716065
280, 75721633, 75721633
850, 109374369, 109374369
999999, 91007, 190
233, 42716255, 42716255
221, 75560031, 42716255
280, 75721823, 75721823
850, 109374559, 109374559
999999, 90818, 96
221, 75560127, 75560127
850, 109374655, 109374655
999999, 90912, 221
221, 75560348, 75560348
281, 75722140, 75722140
850, 109374876, 109374876
999999, 90750, 1
221, 75560349, 75560349
281, 75722141, 75722141
850, 109374877, 109374877
999999, 90750, 89
850, 109374966, 109374966
999999, 90912, 1
850, 109374967, 109374967
999999, 90912, 227
850, 109375194, 109375194
999999, 90736, 1
850, 109375195, 109375195
999999, 90736, 43
280, 75722502, 75722502
850, 109375238, 109375238
999999, 90966, 304
220, 75561014, 75561014
850, 109375542, 109375542
999999, 90663, 1
219, 75561015, 75561015
850, 109375543, 109375543
999999, 90743, 59
218, 75561074, 75561074
850, 109375602, 109375602
999999, 90685, 1
217, 75561075, 75561075
850, 109375603, 109375603
999999, 90899, 234
216, 75561309, 75561309
279, 75723101, 75723101
850, 109375837, 109375837
999999, 90666, 54
215, 75561363, 75561363
850, 109375891, 109375891
999999, 90707, 243
214, 75561606, 75561606
278, 75723398, 75723398
850, 109376134, 109376134
999999, 90705, 1
213, 75561607, 75561607
277, 75723399, 75723399
850, 109376135, 109376135
999999, 90791, 101
212, 75561708, 75561708
850, 109376236, 109376236
999999, 90691, 1
212, 75561709, 75561709
850, 109376237, 109376237
999999, 90911, 217
276, 75723718, 75723718
850, 109376454, 109376454
999999, 90788, 115
420, 109376568, 109376568
999999, 90674, 207
850, 109376776, 109376776
999999, 90687, 96
850, 109376872, 109376872
999999, 90704, 1
850, 109376873, 109376873
999999, 90704, 229
850, 109377102, 109377102
999999, 90719, 1
850, 109377103, 109377103
999999, 90777, 351
850, 109377454, 109377454
999999, 90427, 75
274, 75724793, 75724793
850, 109377529, 109377529
999999, 90590, 205
273, 75724998, 75724998
850, 109377734, 109377734
999999, 90480, 1
272, 75724999, 75724999
850, 109377735, 109377735
999999, 90480, 107
850, 109377842, 109377842
999999, 90635, 1
850, 109377843, 109377843
999999, 90953, 257
850, 109378100, 109378100
999999, 90697, 1
850, 109378101, 109378101
999999, 90702, 47
850, 109378148, 109378148
999999, 90958, 238
850, 109378386, 109378386
999999, 90721, 306
271, 75725956, 75725956
850, 109378692, 109378692
999999, 90462, 1
270, 75725957, 75725957
850, 109378693, 109378693
999999, 90462, 99
850, 109378792, 109378792
999999, 90630, 1
850, 109378793, 109378793
999999, 90651, 219
271, 75726276, 75726276
850, 109379012, 109379012
999999, 90433, 1
270, 75726277, 75726277
850, 109379013, 109379013
999999, 90686, 99
850, 109379112, 109379112
999999, 90906, 264
850, 109379376, 109379376
999999, 90643, 1
850, 109379377, 109379377
999999, 90743, 48
999999, 90960, 189
255, 42721310, 42721310
269, 75726878, 75726878
850, 109379614, 109379614
999999, 90819, 62
255, 42721372, 42721372
269, 75726940, 75726940
850, 109379676, 109379676
999999, 90946, 1
255, 42721373, 42721373
269, 75726941, 75726941
850, 109379677, 109379677
999999, 90946, 249
254, 42721622, 42721622
850, 109379926, 109379926
999999, 90745, 66
254, 42721688, 42721688
268, 75727256, 75727256
850, 109379992, 109379992
999999, 90948, 1
254, 42721689, 42721689
267, 75727257, 75727257
850, 109379993, 109379993
999999, 90948, 253
253, 42721942, 42721942
850, 109380246, 109380246
999999, 90784, 1
252, 42721943, 42721943
850, 109380247, 109380247
999999, 90784, 88
252, 42722031, 42722031
850, 109380335, 109380335
999999, 90925, 227
252, 42722258, 42722258
850, 109380562, 109380562
999999, 90699, 1
251, 42722259, 42722259
850, 109380563, 109380563
999999, 90743, 97
250, 42722356, 42722356
850, 109380660, 109380660
999999, 90647, 218
250, 42722574, 42722574
850, 109380878, 109380878
999999, 90742, 1
250, 42722575, 42722575
850, 109380879, 109380879
999999, 90742, 55
249, 42722630, 42722630
268, 75728198, 75728198
850, 109380934, 109380934
999999, 90952, 1
999999, 90952, 270
247, 42722901, 42722901
850, 109381205, 109381205
999999, 90743, 85
246, 42722986, 42722986
850, 109381290, 109381290
999999, 90659, 1
246, 42722987, 42722987
850, 109381291, 109381291
999999, 90959, 274
245, 42723261, 42723261
267, 75728829, 75728829
850, 109381565, 109381565
999999, 90707, 45
244, 42723306, 42723306
850, 109381610, 109381610
999999, 90663, 1
999999, 90961, 252
242, 42723559, 42723559
266, 75729127, 75729127
850, 109381863, 109381863
999999, 90710, 26
242, 42723585, 42723585
266, 75729153, 75729153
850, 109381889, 109381889
999999, 90691, 269
242, 42723854, 42723854
850, 109382158, 109382158
999999, 90423, 1
241, 42723855, 42723855
850, 109382159, 109382159
999999, 90778, 59
240, 42723914, 42723914
850, 109382218, 109382218
999999, 90957, 1
239, 42723915, 42723915
850, 109382219, 109382219
999999, 91051, 300
238, 42724215, 42724215
850, 109382519, 109382519
999999, 90752, 17
237, 42724232, 42724232
850, 109382536, 109382536
999999, 90997, 1
236, 42724233, 42724233
850, 109382537, 109382537
999999, 91001, 271
235, 42724504, 42724504
266, 75730072, 75730072
850, 109382808, 109382808
999999, 91038, 1
234, 42724505, 42724505
265, 75730073, 75730073
850, 109382809, 109382809
999999, 91038, 89
233, 42724594, 42724594
850, 109382898, 109382898
999999, 91266, 214
232, 42724808, 42724808
850, 109383112, 109383112
999999, 91053, 1
232, 42724809, 42724809
850, 109383113, 109383113
999999, 91098, 95
231, 42724904, 42724904
850, 109383208, 109383208
999999, 91242, 1
230, 42724905, 42724905
850, 109383209, 109383209
999999, 91242, 269
229, 42725174, 42725174
850, 109383478, 109383478
999999, 91021, 60
229, 42725234, 42725234
850, 109383538, 109383538
999999, 91270, 1
229, 42725235, 42725235
850, 109383539, 109383539
999999, 91270, 207
228, 42725442, 42725442
265, 75731010, 75731010
850, 109383746, 109383746
999999, 91107, 1
227, 42725443, 42725443
264, 75731011, 75731011
850, 109383747, 109383747
999999, 91333, 101
226, 42725544, 42725544
850, 109383848, 109383848
999999, 91233, 220
225, 42725764, 42725764
264, 75731332, 75731332
850, 109384068, 109384068
999999, 91104, 1
224, 42725765, 42725765
264, 75731333, 75731333
850, 109384069, 109384069
999999, 91104, 99
223, 42725864, 42725864
850, 109384168, 109384168
999999, 91272, 1
222, 42725865, 42725865
850, 109384169, 109384169
999999, 91272, 263
215, 9245296, 9245296
222, 42726128, 42726128
850, 109384432, 109384432
999999, 91057, 1
215, 9245297, 9245297
222, 42726129, 42726129
850, 109384433, 109384433
999999, 91245, 47
215, 9245344, 9245344
212, 42038560, 9245344
222, 42726176, 42726176
266, 75731744, 75731744
850, 109384480, 109384480
999999, 91199, 1
215, 9245345, 9245345
221, 42726177, 42726177
265, 75731745, 75731745
850, 109384481, 109384481
999999, 91245, 189
215, 9245534, 9245534
221, 42726366, 42726366
264, 75731934, 75731934
850, 109384670, 109384670
999999, 91326, 56
221, 42726422, 42726422
850, 109384726, 109384726
999999, 91271, 260
221, 42726682, 42726682
264, 75732250, 75732250
850, 109384986, 109384986
999999, 91104, 1
458, 26547513, 26547513
999999, 91104, 92
220, 42726775, 42726775
850, 109385079, 109385079
999999, 91327, 230
219, 42727005, 42727005
263, 75732573, 75732573
850, 109385309, 109385309
999999, 91098, 81
217, 9246254, 9246254
218, 42727086, 42727086
850, 109385390, 109385390
999999, 91264, 269
217, 42727355, 42727355
262, 75732923, 75732923
850, 109385659, 109385659
999999, 91292, 48
216, 42727403, 42727403
850, 109385707, 109385707
999999, 91331, 228
215, 42727631, 42727631
850, 109385935, 109385935
999999, 91325, 107
214, 42727738, 42727738
261, 75733306, 75733306
850, 109386042, 109386042
999999, 91219, 1
214, 42727739, 42727739
260, 75733307, 75733307
850, 109386043, 109386043
999999, 91325, 257
214, 42727996, 42727996
259, 75733564, 75733564
850, 109386300, 109386300
999999, 91069, 1
213, 42727997, 42727997
258, 75733565, 75733565
850, 109386301, 109386301
999999, 91279, 54
212, 42728051, 42728051
850, 109386355, 109386355
999999, 91226, 251
850, 109386606, 109386606
999999, 91076, 1
850, 109386607, 109386607
999999, 91076, 34
850, 109386641, 109386641
999999, 91263, 284
850, 109386925, 109386925
999999, 91028, 301
257, 75734490, 75734490
850, 109387226, 109387226
999999, 91008, 1
999999, 91008, 48
999999, 91003, 257
850, 109387532, 109387532
999999, 90747, 109
255, 75734905, 75734905
850, 109387641, 109387641
999999, 90898, 257
255, 75735162, 75735162
850, 109387898, 109387898
999999, 90698, 1
255, 75735163, 75735163
850, 109387899, 109387899
999999, 90698, 9
221, 9248772, 9248772
254, 75735172, 75735172
850, 109387908, 109387908
999999, 90987, 1
220, 9248773, 9248773
253, 75735173, 75735173
850, 109387909, 109387909
999999, 91047, 253
252, 75735426, 75735426
850, 109388162, 109388162
999999, 90795, 62
251, 75735488, 75735488
850, 109388224, 109388224
999999, 90986, 1
250, 75735489, 75735489
850, 109388225, 109388225
999999, 90986, 279
249, 75735768, 75735768
850, 109388504, 109388504
999999, 90768, 1
248, 75735769, 75735769
850, 109388505, 109388505
999999, 90768, 91
850, 109388596, 109388596
999999, 90952, 254
850, 109388850, 109388850
999999, 90699, 1
850, 109388851, 109388851
999999, 90753, 13
247, 75736128, 75736128
850, 109388864, 109388864
999999, 90741, 1
246, 75736129, 75736129
850, 109388865, 109388865
999999, 90999, 355
245, 75736484, 75736484
850, 109389220, 109389220
999999, 90645, 1
244, 75736485, 75736485
850, 109389221, 109389221
999999, 90651, 259
850, 109389480, 109389480
999999, 90393, 1
850, 109389481, 109389481
999999, 90698, 245
223, 9250590, 9250590
243, 75736990, 75736990
850, 109389726, 109389726
999999, 90506, 1
223, 9250591, 9250591
242, 75736991, 75736991
850, 109389727, 109389727
999999, 90506, 55
850, 109389782, 109389782
999999, 90666, 248
222, 9250894, 9250894
850, 109390030, 109390030
999999, 90419, 1
222, 9250895, 9250895
850, 109390031, 109390031
999999, 90514, 69
850, 109390100, 109390100
999999, 90634, 1
850, 109390101, 109390101
999999, 90729, 249
223, 9251214, 9251214
850, 109390350, 109390350
999999, 90688, 1
222, 9251215, 9251215
850, 109390351, 109390351
999999, 90688, 107
243, 75737722, 75737722
850, 109390458, 109390458
999999, 90655, 1
242, 75737723, 75737723
850, 109390459, 109390459
999999, 90899, 203
241, 75737926, 75737926
850, 109390662, 109390662
999999, 90697, 1
240, 75737927, 75737927
850, 109390663, 109390663
999999, 90765, 59
223, 9251586, 9251586
239, 75737986, 75737986
850, 109390722, 109390722
999999, 90707, 1
222, 9251587, 9251587
238, 75737987, 75737987
850, 109390723, 109390723
999999, 90951, 275
363, 47262860, 47262860
292, 114568332, 47262860
999999, 90677, 48
999999, 90720, 310
236, 75738620, 75738620
850, 109391356, 109391356
999999, 90650, 1
235, 75738621, 75738621
850, 109391357, 109391357
999999, 90650, 45
222, 9252266, 9252266
850, 109391402, 109391402
999999, 90922, 1
221, 9252267, 9252267
850, 109391403, 109391403
999999, 91007, 225
212, 9161484, 9161484
850, 109391628, 109391628
999999, 90783, 1
850, 109391629, 109391629
999999, 91055, 53
234, 75738946, 75738946
850, 109391682, 109391682
999999, 91003, 258
233, 75739204, 75739204
850, 109391940, 109391940
999999, 90786, 338
850, 109392278, 109392278
999999, 90710, 96
850, 109392374, 109392374
999999, 90615, 248
850, 109392622, 109392622
999999, 90387, 1
850, 109392623, 109392623
999999, 90656, 33
850, 109392656, 109392656
999999, 90684, 1
850, 109392657, 109392657
999999, 90684, 297
217, 8434746, 8434746
233, 75740218, 75740218
850, 109392954, 109392954
999999, 90688, 1
217, 8434747, 8434747
233, 75740219, 75740219
850, 109392955, 109392955
999999, 90697, 13
850, 109392968, 109392968
999999, 90685, 1
850, 109392969, 109392969
999999, 90959, 345
233, 75740578, 75740578
850, 109393314, 109393314
999999, 90615, 1
232, 75740579, 75740579
850, 109393315, 109393315
999999, 90706, 231
850, 109393546, 109393546
999999, 90722, 56
220, 9254466, 9254466
231, 75740866, 75740866
850, 109393602, 109393602
999999, 90686, 1
219, 9254467, 9254467
230, 75740867, 75740867
850, 109393603, 109393603
999999, 90686, 297
218, 9254764, 9254764
850, 109393900, 109393900
999999, 90662, 1
217, 9254765, 9254765
850, 109393901, 109393901
999999, 90662, 67
850, 109393968, 109393968
999999, 90690, 216
850, 109394184, 109394184
999999, 90475, 1
850, 109394185, 109394185
999999, 90688, 407
229, 8436384, 8436384
217, 9255456, 8436384
229, 75741856, 75741856
850, 109394592, 109394592
999999, 90370, 1
229, 8436385, 8436385
217, 9255457, 8436385
228, 75741857, 8436385
850, 109394593, 109394593
999999, 90370, 189
229, 8436574, 8436574
217, 9255646, 8436574
227, 75742046, 8436574
850, 109394782, 109394782
999999, 90452, 1
229, 8436575, 8436575
217, 9255647, 8436575
226, 75742047, 8436575
850, 109394783, 109394783
999999, 90452, 59
225, 75742106, 75742106
850, 109394842, 109394842
999999, 90442, 1
452, 26557369, 26557369
999999, 90442, 257
217, 9255964, 9255964
223, 75742364, 75742364
850, 109395100, 109395100
999999, 90439, 82
217, 9256046, 9256046
850, 109395182, 109395182
999999, 90418, 1
217, 9256047, 9256047
850, 109395183, 109395183
999999, 90418, 231
850, 109395414, 109395414
999999, 90377, 1
850, 109395415, 109395415
999999, 90472, 100
236, 8437307, 8437307
225, 75742779, 8437307
850, 109395515, 109395515
999999, 90592, 251
850, 109395766, 109395766
999999, 90696, 293
224, 75743323, 75743323
850, 109396059, 109396059
999999, 90404, 49
850, 109396108, 109396108
999999, 90362, 1
850, 109396109, 109396109
999999, 90630, 289
850, 109396398, 109396398
999999, 90402, 1
850, 109396399, 109396399
999999, 90402, 69
850, 109396468, 109396468
999999, 90598, 1
850, 109396469, 109396469
999999, 90655, 249
850, 109396718, 109396718
999999, 90702, 1
850, 109396719, 109396719
999999, 90702, 33
850, 109396752, 109396752
999999, 90677, 1
850, 109396753, 109396753
999999, 90946, 295
224, 75744312, 75744312
850, 109397048, 109397048
999999, 90740, 1
223, 75744313, 75744313
850, 109397049, 109397049
999999, 90993, 56
850, 109397105, 109397105
999999, 90938, 269
999999, 90731, 1
221, 75744639, 75744639
850, 109397375, 109397375
999999, 91007, 19
850, 109397394, 109397394
999999, 90989, 1
850, 109397395, 109397395
999999, 90999, 292
850, 109397687, 109397687
999999, 90708, 271
220, 75745222, 75745222
850, 109397958, 109397958
999999, 90798, 1
219, 75745223, 75745223
850, 109397959, 109397959
999999, 90798, 74
226, 9258897, 9258897
850, 109398033, 109398033
999999, 90952, 290
850, 109398323, 109398323
999999, 90740, 61
999999, 90939, 232
218, 75745880, 75745880
850, 109398616, 109398616
999999, 90763, 1
999999, 91041, 47
850, 109398664, 109398664
999999, 90995, 1
850, 109398665, 109398665
999999, 91051, 304
999999, 90967, 44
217, 75746277, 75746277
850, 109399013, 109399013
999999, 91005, 261
850, 109399274, 109399274
999999, 90745, 1
999999, 91078, 57
999999, 91264, 268
850, 109399600, 109399600
999999, 90997, 1
850, 109399601, 109399601
999999, 91245, 47
272, 8441440, 8441440
229, 9260512, 8441440
217, 75746912, 8441440
850, 109399648, 109399648
999999, 91199, 1
272, 8441441, 8441441
229, 9260513, 8441441
216, 75746913, 8441441
850, 109399649, 109399649
999999, 91260, 189
272, 8441630, 8441630
228, 9260702, 8441630
215, 75747102, 8441630
850, 109399838, 109399838
999999, 91320, 48
227, 9260750, 9260750
850, 109399886, 109399886
999999, 91273, 584
850, 109400470, 109400470
999999, 90736, 1
850, 109400471, 109400471
999999, 91011, 88
226, 9261423, 9261423
850, 109400559, 109400559
999999, 91015, 229
850, 109400788, 109400788
999999, 90787, 1
850, 109400789, 109400789
999999, 90997, 45
214, 75748098, 75748098
850, 109400834, 109400834
999999, 90953, 280
213, 75748378, 75748378
850, 109401114, 109401114
999999, 90734, 1
212, 75748379, 75748379
850, 109401115, 109401115
999999, 90995, 55
850, 109401170, 109401170
999999, 90941, 296
282, 8443258, 8443258
850, 109401466, 109401466
999999, 90706, 10
282, 8443268, 8443268
850, 109401476, 109401476
999999, 90697, 299
850, 109401775, 109401775
999999, 90662, 317
850, 109402092, 109402092
999999, 90444, 1
850, 109402093, 109402093
999999, 90444, 56
225, 9263013, 9263013
850, 109402149, 109402149
999999, 90605, 247
850, 109402396, 109402396
999999, 90359, 1
850, 109402397, 109402397
999999, 90445, 95
999999, 90351, 1
850, 109402493, 109402493
999999, 90579, 213
850, 109402706, 109402706
999999, 90451, 1
850, 109402707, 109402707
999999, 90731, 89
850, 109402796, 109402796
999999, 90643, 1
850, 109402797, 109402797
999999, 90697, 265
850, 109403062, 109403062
999999, 90433, 1
999999, 90742, 51
850, 109403114, 109403114
999999, 90912, 1
850, 109403115, 109403115
999999, 90912, 257
850, 109403372, 109403372
999999, 90752, 68
850, 109403440, 109403440
999999, 91000, 226
850, 109403666, 109403666
999999, 90775, 1
850, 109403667, 109403667
999999, 91047, 48
850, 109403715, 109403715
999999, 91000, 305
850, 109404020, 109404020
999999, 90742, 12
224, 9264896, 9264896
850, 109404032, 109404032
999999, 90731, 1
223, 9264897, 9264897
850, 109404033, 109404033
999999, 90947, 257
222, 9265154, 9265154
850, 109404290, 109404290
999999, 90691, 1
221, 9265155, 9265155
850, 109404291, 109404291
999999, 91043, 97
850, 109404388, 109404388
999999, 90947, 1
850, 109404389, 109404389
999999, 91020, 253
221, 9265506, 9265506
850, 109404642, 109404642
999999, 91008, 1
221, 9265507, 9265507
850, 109404643, 109404643
999999, 91008, 61
312, 8446496, 8446496
221, 9265568, 8446496
850, 109404704, 109404704
999999, 91008, 190
312, 8446686, 8446686
221, 9265758, 8446686
850, 109404894, 109404894
999999, 90819, 1
312, 8446687, 8446687
221, 9265759, 8446687
850, 109404895, 109404895
999999, 91007, 55
850, 109404950, 109404950
999999, 91048, 1
850, 109404951, 109404951
999999, 91263, 321
850, 109405272, 109405272
999999, 91030, 246
850, 109405518, 109405518
999999, 91021, 1
850, 109405519, 109405519
999999, 91069, 73
850, 109405592, 109405592
999999, 90997, 1
850, 109405593, 109405593
999999, 91263, 291
224, 9266748, 9266748
850, 109405884, 109405884
999999, 90973, 1
223, 9266749, 9266749
850, 109405885, 109405885
999999, 91027, 321
850, 109406206, 109406206
999999, 90960, 1
850, 109406207, 109406207
999999, 90960, 13
850, 109406220, 109406220
999999, 91014, 1
850, 109406221, 109406221
999999, 91310, 249
850, 109406470, 109406470
999999, 91111, 1
850, 109406471, 109406471
999999, 91379, 65
850, 109406536, 109406536
999999, 91315, 1
850, 109406537, 109406537
999999, 91323, 307
850, 109406844, 109406844
999999, 91312, 1
850, 109406845, 109406845
999999, 91312, 5
850, 109406850, 109406850
999999, 91362, 1
850, 109406851, 109406851
999999, 91362, 303
850, 109407154, 109407154
999999, 91400, 1
850, 109407155, 109407155
999999, 91651, 47
850, 109407202, 109407202
999999, 91605, 1
850, 109407203, 109407203
999999, 91670, 235
850, 109407438, 109407438
999999, 91644, 1
850, 109407439, 109407439
999999, 91644, 107
339, 8449338, 8449338
850, 109407546, 109407546
999999, 91634, 252
850, 109407798, 109407798
999999, 91596, 14
340, 8449604, 8449604
227, 9268676, 8449604
850, 109407812, 109407812
999999, 91583, 1
340, 8449605, 8449605
226, 9268677, 8449605
850, 109407813, 109407813
999999, 91643, 305
225, 9268982, 9268982
850, 109408118, 109408118
999999, 91640, 1
225, 9268983, 9268983
850, 109408119, 109408119
999999, 91701, 17
850, 109408136, 109408136
999999, 91900, 1
850, 109408137, 109408137
999999, 91900, 263
850, 109408400, 109408400
999999, 91957, 96
850, 109408496, 109408496
999999, 91968, 229
850, 109408725, 109408725
999999, 91984, 81
850, 109408806, 109408806
999999, 92152, 1
850, 109408807, 109408807
999999, 92152, 262
227, 9269933, 9269933
850, 109409069, 109409069
999999, 91945, 67
850, 109409136, 109409136
999999, 91879, 212
351, 8451140, 8451140
850, 109409348, 109409348
999999, 91929, 94
228, 9270306, 9270306
850, 109409442, 109409442
999999, 92152, 1
228, 9270307, 9270307
850, 109409443, 109409443
999999, 92202, 257
850, 109409700, 109409700
999999, 92246, 60
354, 8451552, 8451552
227, 9270624, 8451552
850, 109409760, 109409760
999999, 92194, 1
354, 8451553, 8451553
226, 9270625, 8451553
850, 109409761, 109409761
999999, 92194, 189
354, 8451742, 8451742
225, 9270814, 8451742
850, 109409950, 109409950
999999, 92286, 1
354, 8451743, 8451743
224, 9270815, 8451743
850, 109409951, 109409951
999999, 92286, 55
850, 109410006, 109410006
999999, 92286, 296
223, 9271166, 9271166
850, 109410302, 109410302
999999, 91991, 62
850, 109410364, 109410364
999999, 92224, 1
850, 109410365, 109410365
999999, 92224, 313
850, 109410678, 109410678
999999, 91917, 1
999999, 92227, 225
850, 109410904, 109410904
999999, 92011, 1
850, 109410905, 109410905
999999, 92314, 47
850, 109410952, 109410952
999999, 92317, 1
850, 109410953, 109410953
999999, 92557, 323
850, 109411276, 109411276
999999, 92235, 298
850, 109411574, 109411574
999999, 92032, 1
850, 109411575, 109411575
999999, 92032, 11
850, 109411586, 109411586
999999, 92232, 1
850, 109411587, 109411587
999999, 92232, 312
369, 8453691, 8453691
850, 109411899, 109411899
999999, 92025, 13
850, 109411912, 109411912
999999, 92013, 298
850, 109412210, 109412210
999999, 91964, 1
850, 109412211, 109412211
999999, 91964, 49
850, 109412260, 109412260
999999, 92227, 1
850, 109412261, 109412261
999999, 92291, 234
850, 109412495, 109412495
999999, 92058, 55
850, 109412550, 109412550
999999, 92237, 1
850, 109412551, 109412551
999999, 92283, 261
850, 109412812, 109412812
999999, 92023, 1
850, 109412813, 109412813
999999, 92320, 93
850, 109412906, 109412906
999999, 92566, 1
850, 109412907, 109412907
999999, 92821, 273
999999, 92549, 1
850, 109413181, 109413181
999999, 92643, 45
229, 9274090, 9274090
850, 109413226, 109413226
999999, 92599, 1
229, 9274091, 9274091
850, 109413227, 109413227
999999, 92788, 263
850, 109413490, 109413490
999999, 92581, 1
850, 109413491, 109413491
999999, 92841, 49
387, 8455332, 8455332
214, 8556452, 8455332
850, 109413540, 109413540
999999, 92793, 266
228, 9274670, 9274670
850, 109413806, 109413806
999999, 92568, 1
227, 9274671, 9274671
850, 109413807, 109413807
999999, 92568, 61
226, 9274732, 9274732
850, 109413868, 109413868
999999, 92878, 1
225, 9274733, 9274733
850, 109413869, 109413869
999999, 92878, 228
224, 9274961, 9274961
850, 109414097, 109414097
999999, 92901, 87
214, 42472744, 42472744
850, 109414184, 109414184
999999, 92815, 1
999999, 92873, 223
213, 8557320, 8557320
850, 109414408, 109414408
999999, 92651, 1
212, 8557321, 8557321
850, 109414409, 109414409
999999, 92877, 351
850, 109414760, 109414760
999999, 92592, 1
850, 109414761, 109414761
999999, 92592, 55
398, 8456608, 8456608
228, 9275680, 8456608
215, 42473376, 8456608
850, 109414816, 109414816
999999, 92780, 1
398, 8456609, 8456609
227, 9275681, 8456609
214, 42473377, 8456609
850, 109414817, 109414817
999999, 92887, 250
458, 26577593, 26577593
999999, 92857, 243
226, 9276174, 9276174
850, 109415310, 109415310
999999, 92615, 74
850, 109415384, 109415384
999999, 92626, 1
850, 109415385, 109415385
999999, 92842, 293
401, 8457470, 8457470
225, 9276542, 8457470
850, 109415678, 109415678
999999, 92610, 23
850, 109415701, 109415701
999999, 92588, 289
999999, 92616, 1
850, 109415991, 109415991
999999, 92616, 59
850, 109416050, 109416050
999999, 92582, 1
850, 109416051, 109416051
999999, 92582, 233
850, 109416284, 109416284
999999, 92592, 94
407, 8458170, 8458170
850, 109416378, 109416378
999999, 92593, 1
407, 8458171, 8458171
850, 109416379, 109416379
999999, 92817, 215
850, 109416594, 109416594
999999, 92704, 102
999999, 92603, 1
850, 109416697, 109416697
999999, 92863, 217
850, 109416914, 109416914
999999, 92647, 91
850, 109417005, 109417005
999999, 92612, 267
213, 42475832, 42475832
850, 109417272, 109417272
999999, 92573, 1
212, 42475833, 42475833
850, 109417273, 109417273
999999, 92653, 47
850, 109417320, 109417320
999999, 92607, 1
850, 109417321, 109417321
999999, 92867, 241
416, 8459354, 8459354
850, 109417562, 109417562
999999, 92627, 1
416, 8459355, 8459355
850, 109417563, 109417563
999999, 92693, 49
850, 109417612, 109417612
999999, 92645, 1
850, 109417613, 109417613
999999, 92895, 253
850, 109417866, 109417866
999999, 92643, 1
850, 109417867, 109417867
999999, 92695, 97
850, 109417964, 109417964
999999, 92599, 1
850, 109417965, 109417965
999999, 92916, 232
850, 109418197, 109418197
999999, 92873, 81
850, 109418278, 109418278
999999, 92793, 1
850, 109418279, 109418279
999999, 92853, 221
425, 8460292, 8460292
850, 109418500, 109418500
999999, 92633, 1
425, 8460293, 8460293
850, 109418501, 109418501
999999, 92873, 333
850, 109418834, 109418834
999999, 92541, 1
850, 109418835, 109418835
999999, 92873, 95
411, 109418931, 109418931
999999, 93095, 1
234, 9279795, 9279795
850, 109418931, 109418931
999999, 93142, 244
850, 109419175, 109419175
999999, 93172, 65
216, 42477800, 42477800
850, 109419240, 109419240
999999, 93162, 255
850, 109419495, 109419495
999999, 92908, 66
215, 42478121, 42478121
850, 109419561, 109419561
999999, 93139, 249
233, 9280674, 9280674
850, 109419810, 109419810
999999, 92891, 1
232, 9280675, 9280675
850, 109419811, 109419811
999999, 92949, 251
428, 8461854, 8461854
231, 9280926, 8461854
214, 42478622, 8461854
850, 109420062, 109420062
999999, 92699, 61
427, 8461915, 8461915
850, 109420123, 109420123
999999, 92848, 292
426, 8462207, 8462207
231, 9281279, 8462207
850, 109420415, 109420415
999999, 92625, 11
850, 109420426, 109420426
999999, 92615, 1
850, 109420427, 109420427
999999, 92897, 260
230, 9281551, 9281551
213, 42479247, 9281551
850, 109420687, 109420687
999999, 92691, 103
212, 42479350, 42479350
850, 109420790, 109420790
999999, 92589, 1
850, 109420791, 109420791
999999, 92837, 211
850, 109421002, 109421002
999999, 92627, 1
850, 109421003, 109421003
999999, 92685, 97
850, 109421100, 109421100
999999, 92845, 1
850, 109421101, 109421101
999999, 93160, 233
231, 9282198, 9282198
850, 109421334, 109421334
999999, 93020, 1
230, 9282199, 9282199
850, 109421335, 109421335
999999, 93020, 61
229, 9282260, 9282260
850, 109421396, 109421396
999999, 93216, 1
999999, 93228, 255
850, 109421652, 109421652
999999, 93246, 1
999999, 93246, 85
850, 109421738, 109421738
999999, 93256, 1
850, 109421739, 109421739
999999, 93256, 267
850, 109422006, 109422006
999999, 93198, 1
850, 109422007, 109422007
999999, 93198, 51
850, 109422058, 109422058
999999, 93254, 1
850, 109422059, 109422059
999999, 93254, 264
850, 109422323, 109422323
999999, 93241, 13
438, 8464128, 8464128
850, 109422336, 109422336
999999, 93229, 1
438, 8464129, 8464129
850, 109422337, 109422337
999999, 93295, 283
850, 109422620, 109422620
999999, 93268, 1
850, 109422621, 109422621
999999, 93268, 55
850, 109422676, 109422676
999999, 93260, 1
850, 109422677, 109422677
999999, 93260, 281
850, 109422958, 109422958
212, 109766766, 109422958
999999, 93168, 34
850, 109422992, 109422992
212, 109766800, 109422992
999999, 93135, 1
850, 109422993, 109422993
999999, 93181, 245
850, 109423238, 109423238
999999, 92937, 108
850, 109423346, 109423346
999999, 93099, 1
850, 109423347, 109423347
999999, 93187, 209
446, 8465348, 8465348
218, 42118084, 8465348
850, 109423556, 109423556
999999, 92979, 1
445, 8465349, 8465349
217, 42118085, 8465349
850, 109423557, 109423557
999999, 93205, 95
444, 8465444, 8465444
850, 109423652, 109423652
999999, 93195, 1
444, 8465445, 8465445
850, 109423653, 109423653
999999, 93409, 277
999999, 93228, 1
442, 8465723, 8465723
216, 42118459, 8465723
850, 109423931, 109423931
999999, 93507, 265
441, 8465988, 8465988
215, 42118724, 8465988
850, 109424196, 109424196
999999, 93243, 100
212, 42482856, 42482856
850, 109424296, 109424296
999999, 93162, 254
850, 109424550, 109424550
999999, 92909, 1
850, 109424551, 109424551
999999, 93165, 65
213, 9336040, 9336040
850, 109424616, 109424616
999999, 93101, 1
212, 9336041, 9336041
850, 109424617, 109424617
999999, 93152, 215
443, 8466624, 8466624
242, 9285696, 8466624
850, 109424832, 109424832
999999, 93290, 1
442, 8466625, 8466625
241, 9285697, 8466625
850, 109424833, 109424833
999999, 93547, 96
442, 8466721, 8466721
241, 9285793, 8466721
214, 42119457, 8466721
850, 109424929, 109424929
999999, 93511, 189
442, 8466910, 8466910
241, 9285982, 8466910
213, 42119646, 8466910
850, 109425118, 109425118
999999, 93323, 63
850, 109425181, 109425181
999999, 93504, 254
442, 8467227, 8467227
240, 9286299, 8467227
850, 109425435, 109425435
999999, 93295, 49
239, 9286348, 9286348
850, 109425484, 109425484
999999, 93247, 1
238, 9286349, 9286349
850, 109425485, 109425485
999999, 93537, 266
237, 9286615, 9286615
850, 109425751, 109425751
999999, 93272, 87
236, 9286702, 9286702
850, 109425838, 109425838
999999, 93206, 1
235, 9286703, 9286703
850, 109425839, 109425839
999999, 93206, 267
443, 8467898, 8467898
215, 42120634, 8467898
850, 109426106, 109426106
999999, 93201, 48
850, 109426154, 109426154
999999, 93512, 1
850, 109426155, 109426155
999999, 93559, 239
444, 8468186, 8468186
850, 109426394, 109426394
999999, 93553, 50
850, 109426444, 109426444
999999, 93558, 262
235, 9287570, 9287570
850, 109426706, 109426706
999999, 93592, 1
234, 9287571, 9287571
850, 109426707, 109426707
999999, 93592, 326
233, 9287897, 9287897
850, 109427033, 109427033
999999, 93323, 77
232, 9287974, 9287974
850, 109427110, 109427110
999999, 93820, 1
231, 9287975, 9287975
850, 109427111, 109427111
999999, 93820, 221
448, 8469124, 8469124
218, 42121860, 8469124
850, 109427332, 109427332
999999, 93661, 1
448, 8469125, 8469125
218, 42121861, 8469125
850, 109427333, 109427333
999999, 93849, 59
448, 8469184, 8469184
850, 109427392, 109427392
999999, 93791, 1
448, 8469185, 8469185
850, 109427393, 109427393
999999, 93851, 317
448, 8469502, 8469502
850, 109427710, 109427710
999999, 93535, 1
448, 8469503, 8469503
850, 109427711, 109427711
999999, 93783, 13
850, 109427724, 109427724
999999, 93870, 1
850, 109427725, 109427725
999999, 94089, 263
850, 109427988, 109427988
999999, 93827, 82
235, 9288934, 9288934
850, 109428070, 109428070
999999, 93796, 238
234, 9289172, 9289172
850, 109428308, 109428308
999999, 93559, 87
850, 109428395, 109428395
999999, 93777, 257
850, 109428652, 109428652
999999, 93521, 1
850, 109428653, 109428653
999999, 93528, 59
850, 109428712, 109428712
999999, 93742, 1
850, 109428713, 109428713
999999, 93742, 226
850, 109428939, 109428939
999999, 93575, 104
850, 109429043, 109429043
999999, 93472, 243
213, 8642982, 8642982
235, 9290150, 9290150
850, 109429286, 109429286
999999, 93572, 26
454, 8471104, 8471104
850, 109429312, 109429312
999999, 93778, 295
999999, 93484, 74
234, 9290545, 9290545
850, 109429681, 109429681
999999, 93511, 242
233, 9290787, 9290787
850, 109429923, 109429923
999999, 93270, 61
455, 8471776, 8471776
216, 8643680, 8471776
232, 9290848, 8471776
224, 42124512, 8471776
850, 109429984, 109429984
999999, 93425, 1
454, 8471777, 8471777
216, 8643681, 8471777
231, 9290849, 8471777
223, 42124513, 8471777
850, 109429985, 109429985
999999, 93508, 190
454, 8471967, 8471967
215, 8643871, 8471967
230, 9291039, 8471967
223, 42124703, 8471967
850, 109430175, 109430175
999999, 93565, 61
229, 9291100, 9291100
850, 109430236, 109430236
999999, 93553, 1
229, 9291101, 9291101
850, 109430237, 109430237
999999, 93853, 250
850, 109430487, 109430487
999999, 93604, 51
850, 109430538, 109430538
999999, 93563, 1
850, 109430539, 109430539
999999, 93859, 273
215, 8644508, 8644508
850, 109430812, 109430812
999999, 93606, 1
403, 3295239, 3295239
248, 104253447, 3295239
999999, 93606, 90
850, 109430903, 109430903
999999, 93873, 226
850, 109431129, 109431129
999999, 93648, 55
231, 9292048, 9292048
850, 109431184, 109431184
999999, 93819, 267
459, 8473243, 8473243
230, 9292315, 8473243
850, 109431451, 109431451
999999, 93877, 48
229, 9292363, 9292363
850, 109431499, 109431499
999999, 93830, 305
850, 109431804, 109431804
999999, 93612, 1
850, 109431805, 109431805
999999, 93612, 47
999999, 93818, 1
850, 109431853, 109431853
999999, 93818, 217
850, 109432070, 109432070
999999, 93666, 1
850, 109432071, 109432071
999999, 93666, 65
850, 109432136, 109432136
999999, 93852, 1
850, 109432137, 109432137
999999, 93852, 299
850, 109432436, 109432436
999999, 93613, 1
850, 109432437, 109432437
999999, 93801, 45
850, 109432482, 109432482
999999, 93757, 1
850, 109432483, 109432483
999999, 93811, 249
850, 109432732, 109432732
999999, 93824, 1
850, 109432733, 109432733
999999, 93917, 47
850, 109432780, 109432780
999999, 93871, 1
850, 109432781, 109432781
999999, 94081, 268
850, 109433049, 109433049
999999, 93814, 307
850, 109433356, 109433356
999999, 93614, 1
850, 109433357, 109433357
999999, 93614, 53
850, 109433410, 109433410
999999, 93804, 1
850, 109433411, 109433411
999999, 94139, 257
473, 8475460, 8475460
233, 42128196, 8475460
850, 109433668, 109433668
999999, 93909, 1
473, 8475461, 8475461
232, 42128197, 8475461
850, 109433669, 109433669
999999, 94159, 100
850, 109433769, 109433769
999999, 94060, 226
850, 109433995, 109433995
999999, 93885, 61
850, 109434056, 109434056
999999, 94131, 1
850, 109434057, 109434057
999999, 94139, 298
999999, 93842, 14
476, 8476161, 8476161
221, 8648065, 8476161
236, 9295233, 8476161
850, 109434369, 109434369
999999, 94131, 319
475, 8476480, 8476480
220, 8648384, 8476480
235, 9295552, 8476480
850, 109434688, 109434688
999999, 93813, 1
474, 8476481, 8476481
219, 8648385, 8476481
234, 9295553, 8476481
850, 109434689, 109434689
999999, 93859, 255
473, 8476736, 8476736
850, 109434944, 109434944
999999, 93605, 1
473, 8476737, 8476737
850, 109434945, 109434945
999999, 93837, 95
473, 8476832, 8476832
220, 8648736, 8476832
233, 9295904, 8476832
234, 42129568, 8476832
850, 109435040, 109435040
999999, 93743, 1
473, 8476833, 8476833
219, 8648737, 8476833
232, 9295905, 8476833
234, 42129569, 8476833
850, 109435041, 109435041
999999, 93850, 189
473, 8477022, 8477022
218, 8648926, 8477022
231, 9296094, 8477022
234, 42129758, 8477022
850, 109435230, 109435230
999999, 93916, 1
473, 8477023, 8477023
217, 8648927, 8477023
230, 9296095, 8477023
234, 42129759, 8477023
850, 109435231, 109435231
999999, 93916, 95
999999, 93834, 1
471, 8477119, 8477119
215, 8649023, 8477119
228, 9296191, 8477119
850, 109435327, 109435327
999999, 93834, 269
228, 9296460, 9296460
850, 109435596, 109435596
999999, 93870, 270
472, 8477658, 8477658
850, 109435866, 109435866
999999, 93601, 1
472, 8477659, 8477659
850, 109435867, 109435867
999999, 93609, 97
850, 109435964, 109435964
999999, 93513, 1
850, 109435965, 109435965
999999, 93808, 253
472, 8478010, 8478010
228, 9297082, 8478010
237, 42130746, 8478010
850, 109436218, 109436218
999999, 93610, 62
214, 8649976, 8649976
227, 9297144, 9297144
850, 109436280, 109436280
999999, 93549, 228
214, 8650204, 8650204
850, 109436508, 109436508
999999, 93600, 1
214, 8650205, 8650205
850, 109436509, 109436509
999999, 93600, 45
850, 109436554, 109436554
999999, 93865, 348
850, 109436902, 109436902
999999, 93566, 1
850, 109436903, 109436903
999999, 93566, 263
850, 109437166, 109437166
999999, 93565, 1
850, 109437167, 109437167
999999, 93586, 34
850, 109437201, 109437201
999999, 93847, 289
