777777, 900, 3000
359, 75676414, 75676414
900, 109329150, 109329150
999999, 97005, 208
900, 109329358, 109329358
999999, 97036, 1
900, 109329359, 109329359
999999, 97085, 61
900, 109329420, 109329420
999999, 97286, 1
900, 109329421, 109329421
999999, 97286, 269
358, 75676954, 75676954
900, 109329690, 109329690
999999, 97343, 1
357, 75676955, 75676955
900, 109329691, 109329691
999999, 97419, 317
356, 75677272, 75677272
900, 109330008, 109330008
999999, 97103, 1
356, 75677273, 75677273
900, 109330009, 109330009
999999, 97323, 96
356, 75677369, 75677369
900, 109330105, 109330105
999999, 97228, 227
355, 75677596, 75677596
900, 109330332, 109330332
999999, 97060, 1
354, 75677597, 75677597
900, 109330333, 109330333
999999, 97060, 95
353, 75677692, 75677692
900, 109330428, 109330428
999999, 97282, 1
352, 75677693, 75677693
900, 109330429, 109330429
999999, 97282, 201
999999, 97094, 1
350, 75677895, 75677895
900, 109330631, 109330631
999999, 97094, 101
226, 75516204, 75516204
900, 109330732, 109330732
999999, 97256, 1
226, 75516205, 75516205
900, 109330733, 109330733
999999, 97337, 231
900, 109330964, 109330964
999999, 97344, 1
900, 109330965, 109330965
999999, 97430, 99
352, 75678328, 75678328
900, 109331064, 109331064
999999, 97588, 1
351, 75678329, 75678329
900, 109331065, 109331065
999999, 97588, 203
350, 75678532, 75678532
900, 109331268, 109331268
999999, 97444, 1
349, 75678533, 75678533
900, 109331269, 109331269
999999, 97444, 93
348, 75678626, 75678626
900, 109331362, 109331362
999999, 97577, 284
347, 75678910, 75678910
900, 109331646, 109331646
999999, 97397, 1
346, 75678911, 75678911
900, 109331647, 109331647
999999, 97639, 55
900, 109331702, 109331702
999999, 97610, 1
900, 109331703, 109331703
999999, 97904, 262
346, 75679229, 75679229
900, 109331965, 109331965
999999, 97716, 45
227, 9192874, 9192874
900, 109332010, 109332010
999999, 97913, 1
227, 9192875, 9192875
900, 109332011, 109332011
999999, 97973, 238
227, 9193113, 9193113
347, 75679513, 75679513
900, 109332249, 109332249
999999, 97736, 81
900, 109332330, 109332330
999999, 97845, 1
900, 109332331, 109332331
999999, 97905, 278
229, 9183361, 9183361
347, 75679873, 75679873
900, 109332609, 109332609
999999, 97628, 265
900, 109332874, 109332874
999999, 97613, 1
900, 109332875, 109332875
999999, 97663, 61
900, 109332936, 109332936
999999, 97603, 301
900, 109333237, 109333237
999999, 97575, 311
900, 109333548, 109333548
999999, 97265, 54
228, 9184354, 9184354
346, 75680866, 75680866
900, 109333602, 109333602
999999, 97301, 262
231, 75519336, 75519336
900, 109333864, 109333864
999999, 97265, 1
230, 75519337, 75519337
900, 109333865, 109333865
999999, 97319, 55
227, 9184672, 9184672
231, 9194784, 9194784
229, 75519392, 9194784
345, 75681184, 75681184
900, 109333920, 109333920
999999, 97531, 1
226, 9184673, 9184673
231, 9194785, 9194785
228, 75519393, 9194785
344, 75681185, 75681185
900, 109333921, 109333921
999999, 97578, 189
225, 9184862, 9184862
230, 9194974, 9194974
227, 75519582, 9194974
343, 75681374, 75681374
900, 109334110, 109334110
999999, 97694, 48
229, 9195022, 9195022
900, 109334158, 109334158
999999, 97647, 1
228, 9195023, 9195023
900, 109334159, 109334159
999999, 97693, 303
226, 9185214, 9185214
227, 9195326, 9195326
342, 75681726, 75681726
900, 109334462, 109334462
999999, 97391, 15
226, 9195341, 9195341
900, 109334477, 109334477
999999, 97593, 272
225, 9195613, 9195613
341, 75682013, 75682013
900, 109334749, 109334749
999999, 97322, 54
227, 75520275, 75520275
900, 109334803, 109334803
999999, 97333, 257
900, 109335060, 109335060
999999, 97077, 96
900, 109335156, 109335156
999999, 97280, 230
227, 75520858, 75520858
340, 75682650, 75682650
900, 109335386, 109335386
999999, 97051, 1
226, 75520859, 75520859
339, 75682651, 75682651
900, 109335387, 109335387
999999, 97095, 98
338, 75682749, 75682749
900, 109335485, 109335485
999999, 96998, 262
337, 75683011, 75683011
900, 109335747, 109335747
999999, 96985, 265
900, 109336012, 109336012
999999, 96721, 1
900, 109336013, 109336013
999999, 96767, 101
900, 109336114, 109336114
999999, 96667, 1
900, 109336115, 109336115
999999, 96934, 207
336, 75683586, 75683586
900, 109336322, 109336322
999999, 97034, 1
335, 75683587, 75683587
900, 109336323, 109336323
999999, 97034, 95
334, 75683682, 75683682
900, 109336418, 109336418
999999, 96992, 1
333, 75683683, 75683683
900, 109336419, 109336419
999999, 96992, 296
900, 109336715, 109336715
999999, 96953, 292
900, 109337007, 109337007
999999, 96662, 20
229, 9187779, 9187779
334, 75684291, 75684291
900, 109337027, 109337027
999999, 96742, 277
333, 75684568, 75684568
900, 109337304, 109337304
999999, 96691, 1
480, 26499831, 26499831
999999, 96751, 44
331, 75684613, 75684613
900, 109337349, 109337349
999999, 96708, 307
330, 75684920, 75684920
900, 109337656, 109337656
999999, 96699, 1
329, 75684921, 75684921
900, 109337657, 109337657
999999, 96712, 55
900, 109337712, 109337712
999999, 96976, 1
900, 109337713, 109337713
999999, 96976, 219
900, 109337932, 109337932
999999, 97012, 1
900, 109337933, 109337933
999999, 97012, 55
329, 75685252, 75685252
900, 109337988, 109337988
999999, 97052, 1
329, 75685253, 75685253
900, 109337989, 109337989
999999, 97052, 303
900, 109338292, 109338292
999999, 96938, 1
900, 109338293, 109338293
999999, 96938, 319
900, 109338612, 109338612
999999, 96714, 1
900, 109338613, 109338613
999999, 96714, 47
235, 75524132, 75524132
330, 75685924, 75685924
900, 109338660, 109338660
999999, 96936, 1
234, 75524133, 75524133
329, 75685925, 75685925
900, 109338661, 109338661
999999, 97205, 253
228, 8421154, 8421154
234, 9199778, 9199778
328, 75686178, 75686178
900, 109338914, 109338914
999999, 96953, 62
227, 8421216, 8421216
238, 9189728, 9189728
233, 9199840, 9189728
233, 75524448, 9189728
327, 75686240, 75686240
900, 109338976, 109338976
999999, 96988, 1
226, 8421217, 8421217
237, 9189729, 9189729
232, 9199841, 9189729
232, 75524449, 9189729
326, 75686241, 75686241
900, 109338977, 109338977
999999, 96988, 189
225, 8421406, 8421406
236, 9189918, 9189918
232, 9200030, 9189918
231, 75524638, 9189918
326, 75686430, 75686430
900, 109339166, 109339166
999999, 97052, 56
900, 109339222, 109339222
999999, 97058, 296
999999, 96990, 1
231, 9200383, 9200383
229, 75524991, 9200383
324, 75686783, 75686783
900, 109339519, 109339519
999999, 96990, 7
323, 75686790, 75686790
900, 109339526, 109339526
999999, 97028, 278
230, 9200668, 9200668
322, 75687068, 75687068
900, 109339804, 109339804
999999, 97098, 1
229, 9200669, 9200669
321, 75687069, 75687069
900, 109339805, 109339805
999999, 97098, 94
231, 75525371, 75525371
320, 75687163, 75687163
900, 109339899, 109339899
999999, 97267, 209
228, 9200972, 9200972
900, 109340108, 109340108
999999, 97059, 1
227, 9200973, 9200973
900, 109340109, 109340109
999999, 97092, 67
900, 109340176, 109340176
999999, 97314, 358
900, 109340534, 109340534
999999, 97018, 1
900, 109340535, 109340535
999999, 97287, 281
900, 109340816, 109340816
999999, 97007, 298
321, 75688378, 75688378
900, 109341114, 109341114
999999, 96731, 1
320, 75688379, 75688379
900, 109341115, 109341115
999999, 97026, 21
900, 109341136, 109341136
999999, 97025, 290
900, 109341426, 109341426
999999, 96986, 1
900, 109341427, 109341427
999999, 96986, 49
226, 8423716, 8423716
320, 75688740, 75688740
900, 109341476, 109341476
999999, 96992, 1
225, 8423717, 8423717
320, 75688741, 75688741
900, 109341477, 109341477
999999, 96992, 241
900, 109341718, 109341718
999999, 97041, 1
900, 109341719, 109341719
999999, 97101, 95
900, 109341814, 109341814
999999, 97007, 226
319, 75689304, 75689304
900, 109342040, 109342040
999999, 97012, 1
318, 75689305, 75689305
900, 109342041, 109342041
999999, 97012, 77
318, 75689382, 75689382
900, 109342118, 109342118
999999, 96991, 1
317, 75689383, 75689383
900, 109342119, 109342119
999999, 97286, 278
316, 75689661, 75689661
900, 109342397, 109342397
999999, 97061, 45
900, 109342442, 109342442
999999, 97017, 1
900, 109342443, 109342443
999999, 97289, 265
900, 109342708, 109342708
999999, 97025, 52
229, 9203624, 9203624
900, 109342760, 109342760
999999, 97018, 236
900, 109342996, 109342996
999999, 96783, 60
900, 109343056, 109343056
999999, 96980, 1
900, 109343057, 109343057
999999, 96980, 281
900, 109343338, 109343338
999999, 96758, 22
230, 9204224, 9204224
258, 75528832, 75528832
317, 75690624, 75690624
900, 109343360, 109343360
999999, 96737, 1
230, 9204225, 9204225
258, 75528833, 75528833
317, 75690625, 75690625
900, 109343361, 109343361
999999, 96925, 311
317, 75690936, 75690936
900, 109343672, 109343672
999999, 96615, 8
230, 9204544, 9204544
259, 75529152, 75529152
316, 75690944, 75690944
900, 109343680, 109343680
999999, 96666, 1
229, 9204545, 9204545
258, 75529153, 75529153
315, 75690945, 75690945
900, 109343681, 109343681
999999, 96917, 256
229, 9204801, 9204801
257, 75529409, 75529409
314, 75691201, 75691201
900, 109343937, 109343937
999999, 96749, 285
225, 8426462, 8426462
239, 9194974, 9194974
229, 9205086, 9194974
256, 75529694, 75529694
313, 75691486, 75691486
900, 109344222, 109344222
999999, 96465, 1
238, 9194975, 9194975
228, 9205087, 9194975
255, 75529695, 75529695
312, 75691487, 75691487
900, 109344223, 109344223
999999, 96695, 55
900, 109344278, 109344278
999999, 96641, 1
900, 109344279, 109344279
999999, 96693, 247
900, 109344526, 109344526
999999, 96447, 1
900, 109344527, 109344527
999999, 96707, 67
230, 9205458, 9205458
900, 109344594, 109344594
999999, 96728, 1
229, 9205459, 9205459
900, 109344595, 109344595
999999, 97004, 265
237, 9195612, 9195612
312, 75692124, 75692124
900, 109344860, 109344860
999999, 96800, 1
236, 9195613, 9195613
312, 75692125, 75692125
900, 109344861, 109344861
999999, 97054, 93
312, 75692218, 75692218
900, 109344954, 109344954
999999, 96970, 1
311, 75692219, 75692219
900, 109344955, 109344955
999999, 97267, 251
900, 109345206, 109345206
999999, 97017, 1
900, 109345207, 109345207
999999, 97035, 287
228, 9206358, 9206358
900, 109345494, 109345494
999999, 96749, 1
227, 9206359, 9206359
900, 109345495, 109345495
999999, 97039, 51
226, 9206410, 9206410
900, 109345546, 109345546
999999, 96989, 258
900, 109345804, 109345804
999999, 96804, 94
900, 109345898, 109345898
999999, 96711, 1
900, 109345899, 109345899
999999, 96940, 334
313, 75693497, 75693497
900, 109346233, 109346233
999999, 96668, 215
900, 109346448, 109346448
999999, 96712, 1
900, 109346449, 109346449
999999, 96789, 47
312, 75693760, 75693760
900, 109346496, 109346496
999999, 96743, 1
311, 75693761, 75693761
900, 109346497, 109346497
999999, 96969, 317
310, 75694078, 75694078
900, 109346814, 109346814
999999, 96653, 1
999999, 97011, 315
308, 75694394, 75694394
900, 109347130, 109347130
999999, 96710, 22
237, 9197904, 9197904
900, 109347152, 109347152
999999, 96689, 1
236, 9197905, 9197905
900, 109347153, 109347153
999999, 96955, 297
307, 75694714, 75694714
900, 109347450, 109347450
999999, 96659, 10
306, 75694724, 75694724
900, 109347460, 109347460
999999, 96708, 1
305, 75694725, 75694725
900, 109347461, 109347461
999999, 96708, 351
227, 9208676, 9208676
272, 75533284, 75533284
900, 109347812, 109347812
999999, 96642, 267
235, 9198831, 9198831
226, 9208943, 9198831
900, 109348079, 109348079
999999, 96713, 25
235, 9198856, 9198856
900, 109348104, 109348104
999999, 96697, 1
234, 9198857, 9198857
900, 109348105, 109348105
999999, 97000, 347
272, 75533924, 75533924
900, 109348452, 109348452
999999, 96700, 1
272, 75533925, 75533925
900, 109348453, 109348453
999999, 96700, 283
236, 9199488, 9199488
230, 9209600, 9199488
900, 109348736, 109348736
999999, 96606, 297
999999, 96310, 55
248, 26511615, 26511615
999999, 96317, 1
236, 9199841, 9199841
230, 9209953, 9199841
273, 75534561, 75534561
309, 75696353, 75696353
900, 109349089, 109349089
999999, 96569, 189
235, 9200030, 9200030
229, 9210142, 9200030
272, 75534750, 75534750
308, 75696542, 75696542
900, 109349278, 109349278
999999, 96424, 1
234, 9200031, 9200031
228, 9210143, 9200031
271, 75534751, 75534751
307, 75696543, 75696543
900, 109349279, 109349279
999999, 96424, 55
900, 109349334, 109349334
999999, 96680, 1
900, 109349335, 109349335
999999, 96680, 261
227, 9210460, 9210460
308, 75696860, 75696860
900, 109349596, 109349596
999999, 96427, 83
900, 109349679, 109349679
999999, 96618, 232
900, 109349911, 109349911
999999, 96433, 65
900, 109349976, 109349976
999999, 96369, 1
900, 109349977, 109349977
999999, 96641, 238
309, 75697479, 75697479
900, 109350215, 109350215
999999, 96404, 62
308, 75697541, 75697541
900, 109350277, 109350277
999999, 96385, 265
235, 9201294, 9201294
900, 109350542, 109350542
999999, 96121, 96
900, 109350638, 109350638
999999, 96320, 1
900, 109350639, 109350639
999999, 96320, 227
274, 75536338, 75536338
900, 109350866, 109350866
999999, 96114, 48
900, 109350914, 109350914
999999, 96067, 1
900, 109350915, 109350915
999999, 96375, 265
900, 109351180, 109351180
999999, 96111, 1
900, 109351181, 109351181
999999, 96119, 93
900, 109351274, 109351274
999999, 96027, 1
900, 109351275, 109351275
999999, 96279, 229
900, 109351504, 109351504
999999, 96113, 1
900, 109351505, 109351505
999999, 96396, 83
273, 75537060, 75537060
900, 109351588, 109351588
999999, 96406, 1
272, 75537061, 75537061
900, 109351589, 109351589
999999, 96621, 245
230, 9212698, 9212698
271, 75537306, 75537306
900, 109351834, 109351834
999999, 96377, 1
229, 9212699, 9212699
270, 75537307, 75537307
900, 109351835, 109351835
999999, 96425, 47
228, 9212746, 9212746
900, 109351882, 109351882
999999, 96379, 1
227, 9212747, 9212747
900, 109351883, 109351883
999999, 96647, 255
900, 109352138, 109352138
999999, 96393, 106
900, 109352244, 109352244
999999, 96376, 1
900, 109352245, 109352245
999999, 96376, 261
317, 75699770, 75699770
900, 109352506, 109352506
999999, 96334, 44
900, 109352550, 109352550
999999, 96386, 1
900, 109352551, 109352551
999999, 96611, 267
900, 109352818, 109352818
999999, 96345, 1
900, 109352819, 109352819
999999, 96448, 53
234, 9203624, 9203624
271, 75538344, 75538344
900, 109352872, 109352872
999999, 96653, 1
234, 9203625, 9203625
270, 75538345, 75538345
900, 109352873, 109352873
999999, 96975, 261
228, 9213998, 9213998
269, 75538606, 75538606
900, 109353134, 109353134
999999, 96715, 1
228, 9213999, 9213999
268, 75538607, 75538607
900, 109353135, 109353135
999999, 96755, 59
900, 109353194, 109353194
999999, 96697, 1
999999, 96957, 265
999999, 96693, 1
900, 109353461, 109353461
999999, 96747, 45
230, 9214370, 9214370
269, 75538978, 75538978
318, 75700770, 75700770
900, 109353506, 109353506
999999, 96703, 1
230, 9214371, 9214371
269, 75538979, 75538979
318, 75700771, 75700771
900, 109353507, 109353507
999999, 96891, 237
269, 75539216, 75539216
900, 109353744, 109353744
999999, 96655, 82
231, 9214690, 9214690
268, 75539298, 75539298
318, 75701090, 75701090
900, 109353826, 109353826
999999, 96620, 1
230, 9214691, 9214691
268, 75539299, 75539299
318, 75701091, 75701091
900, 109353827, 109353827
999999, 96887, 255
267, 75539554, 75539554
317, 75701346, 75701346
900, 109354082, 109354082
999999, 96691, 1
267, 75539555, 75539555
317, 75701347, 75701347
900, 109354083, 109354083
999999, 96951, 61
241, 9204896, 9204896
229, 9215008, 9204896
267, 75539616, 75539616
317, 75701408, 75701408
900, 109354144, 109354144
230, 110001312, 109354144
999999, 96891, 1
240, 9204897, 9204897
228, 9215009, 9204897
267, 75539617, 75539617
316, 75701409, 75701409
900, 109354145, 109354145
229, 110001313, 109354145
999999, 96981, 189
239, 9205086, 9205086
227, 9215198, 9205086
267, 75539806, 75539806
315, 75701598, 75701598
900, 109354334, 109354334
228, 110001502, 109354334
999999, 96793, 1
238, 9205087, 9205087
226, 9215199, 9205087
266, 75539807, 75539807
314, 75701599, 75701599
900, 109354335, 109354335
227, 110001503, 109354335
999999, 97005, 61
225, 9215260, 9215260
265, 75539868, 75539868
313, 75701660, 75701660
900, 109354396, 109354396
999999, 96945, 1
264, 75539869, 75539869
312, 75701661, 75701661
900, 109354397, 109354397
999999, 97004, 249
900, 109354646, 109354646
999999, 97090, 1
900, 109354647, 109354647
999999, 97090, 99
311, 75702010, 75702010
900, 109354746, 109354746
999999, 97228, 1
310, 75702011, 75702011
900, 109354747, 109354747
999999, 97228, 211
239, 9205710, 9205710
225, 9215822, 9205710
900, 109354958, 109354958
226, 110002126, 109354958
999999, 97124, 1
238, 9205711, 9205711
900, 109354959, 109354959
225, 110002127, 109354959
999999, 97124, 55
310, 75702278, 75702278
900, 109355014, 109355014
999999, 97332, 297
900, 109355311, 109355311
999999, 97036, 55
900, 109355366, 109355366
999999, 97031, 240
237, 9206358, 9206358
263, 75541078, 75541078
900, 109355606, 109355606
999999, 97052, 1
236, 9206359, 9206359
262, 75541079, 75541079
900, 109355607, 109355607
999999, 97052, 102
900, 109355709, 109355709
999999, 96964, 253
311, 75703226, 75703226
900, 109355962, 109355962
999999, 96981, 1
310, 75703227, 75703227
900, 109355963, 109355963
999999, 97075, 319
309, 75703546, 75703546
900, 109356282, 109356282
999999, 96757, 10
308, 75703556, 75703556
900, 109356292, 109356292
999999, 96966, 1
307, 75703557, 75703557
900, 109356293, 109356293
999999, 96966, 254
900, 109356547, 109356547
999999, 96821, 61
900, 109356608, 109356608
226, 110003776, 109356608
999999, 97080, 1
900, 109356609, 109356609
225, 110003777, 109356609
999999, 97080, 281
261, 75542362, 75542362
900, 109356890, 109356890
999999, 97048, 50
900, 109356940, 109356940
999999, 96999, 1
900, 109356941, 109356941
999999, 97012, 301
307, 75704506, 75704506
900, 109357242, 109357242
999999, 96990, 1
999999, 96990, 43
900, 109357286, 109357286
999999, 96995, 1
900, 109357287, 109357287
999999, 97285, 278
999999, 97061, 47
239, 9208364, 9208364
261, 75543084, 75543084
900, 109357612, 109357612
999999, 97015, 1
239, 9208365, 9208365
260, 75543085, 75543085
900, 109357613, 109357613
999999, 97287, 219
900, 109357832, 109357832
999999, 97069, 1
900, 109357833, 109357833
999999, 97113, 95
900, 109357928, 109357928
999999, 97019, 1
900, 109357929, 109357929
999999, 97287, 275
900, 109358204, 109358204
999999, 97013, 1
900, 109358205, 109358205
999999, 97060, 47
243, 9209004, 9209004
228, 9219116, 9209004
261, 75543724, 75543724
900, 109358252, 109358252
999999, 97202, 1
243, 9209005, 9209005
228, 9219117, 9209005
260, 75543725, 75543725
900, 109358253, 109358253
999999, 97263, 309
228, 9219426, 9219426
307, 75705826, 75705826
900, 109358562, 109358562
999999, 96955, 320
306, 75706146, 75706146
900, 109358882, 109358882
999999, 96876, 258
243, 9209892, 9209892
259, 75544612, 75544612
900, 109359140, 109359140
999999, 96950, 1
242, 9209893, 9209893
258, 75544613, 75544613
900, 109359141, 109359141
999999, 96950, 249
241, 9210142, 9210142
228, 9220254, 9210142
226, 42701086, 9210142
257, 75544862, 75544862
307, 75706654, 75706654
900, 109359390, 109359390
999999, 96792, 60
240, 9210202, 9210202
256, 75544922, 75544922
900, 109359450, 109359450
999999, 96733, 1
239, 9210203, 9210203
255, 75544923, 75544923
900, 109359451, 109359451
999999, 96958, 244
227, 9220559, 9220559
225, 42701391, 9220559
900, 109359695, 109359695
999999, 96769, 69
900, 109359764, 109359764
999999, 96701, 1
900, 109359765, 109359765
999999, 97001, 249
226, 9220878, 9220878
900, 109360014, 109360014
999999, 96753, 110
225, 9220988, 9220988
900, 109360124, 109360124
999999, 96662, 1
900, 109360125, 109360125
999999, 96910, 214
238, 9211091, 9211091
254, 75545811, 75545811
900, 109360339, 109360339
999999, 96793, 87
900, 109360426, 109360426
999999, 96707, 1
900, 109360427, 109360427
999999, 96927, 290
900, 109360717, 109360717
999999, 96638, 253
900, 109360970, 109360970
999999, 96440, 106
900, 109361076, 109361076
999999, 96626, 1
900, 109361077, 109361077
999999, 96626, 215
253, 75546764, 75546764
900, 109361292, 109361292
999999, 96470, 1
252, 75546765, 75546765
900, 109361293, 109361293
999999, 96470, 67
251, 75546832, 75546832
900, 109361360, 109361360
999999, 96686, 1
250, 75546833, 75546833
900, 109361361, 109361361
999999, 96697, 243
310, 75708868, 75708868
900, 109361604, 109361604
999999, 96758, 1
310, 75708869, 75708869
900, 109361605, 109361605
999999, 96758, 338
900, 109361943, 109361943
999999, 96427, 96
900, 109362039, 109362039
999999, 96332, 226
900, 109362265, 109362265
999999, 96371, 77
900, 109362342, 109362342
999999, 96295, 1
900, 109362343, 109362343
999999, 96362, 276
309, 75709883, 75709883
900, 109362619, 109362619
999999, 96381, 49
237, 9213420, 9213420
249, 75548140, 75548140
900, 109362668, 109362668
999999, 96333, 1
236, 9213421, 9213421
249, 75548141, 75548141
900, 109362669, 109362669
999999, 96379, 213
248, 75548354, 75548354
900, 109362882, 109362882
999999, 96403, 110
227, 42704688, 42704688
247, 75548464, 75548464
900, 109362992, 109362992
999999, 96340, 1
999999, 96689, 254
237, 9213999, 9213999
900, 109363247, 109363247
999999, 96436, 329
236, 9214328, 9214328
309, 75710840, 75710840
900, 109363576, 109363576
999999, 96372, 1
235, 9214329, 9214329
308, 75710841, 75710841
900, 109363577, 109363577
999999, 96372, 41
235, 9214370, 9214370
226, 9224482, 9214370
307, 75710882, 75710882
900, 109363618, 109363618
999999, 96384, 1
235, 9214371, 9214371
225, 9224483, 9214371
306, 75710883, 75710883
900, 109363619, 109363619
999999, 96384, 225
234, 9214596, 9214596
306, 75711108, 75711108
900, 109363844, 109363844
999999, 96380, 94
233, 9214690, 9214690
226, 9224802, 9214690
306, 75711202, 75711202
900, 109363938, 109363938
999999, 96287, 1
999999, 96381, 222
233, 9214913, 9214913
226, 9225025, 9214913
900, 109364161, 109364161
999999, 96349, 95
232, 9215008, 9215008
225, 9225120, 9215008
231, 42705952, 9215008
249, 75549728, 75549728
306, 75711520, 75711520
900, 109364256, 109364256
999999, 96310, 1
231, 9215009, 9215009
230, 42705953, 9215009
248, 75549729, 75549729
305, 75711521, 75711521
900, 109364257, 109364257
999999, 96310, 190
230, 9215199, 9215199
229, 42706143, 9215199
247, 75549919, 75549919
304, 75711711, 75711711
900, 109364447, 109364447
999999, 96423, 61
229, 9215260, 9215260
303, 75711772, 75711772
900, 109364508, 109364508
999999, 96363, 1
228, 9215261, 9215261
303, 75711773, 75711773
900, 109364509, 109364509
999999, 96637, 254
227, 9215515, 9215515
246, 75550235, 75550235
900, 109364763, 109364763
999999, 96384, 91
226, 9215606, 9215606
900, 109364854, 109364854
999999, 96391, 320
225, 9215926, 9215926
900, 109365174, 109365174
999999, 96276, 1
999999, 96276, 225
900, 109365400, 109365400
999999, 96112, 1
900, 109365401, 109365401
999999, 96112, 55
900, 109365456, 109365456
999999, 96367, 1
900, 109365457, 109365457
999999, 96427, 265
900, 109365722, 109365722
999999, 96163, 44
304, 75713030, 75713030
900, 109365766, 109365766
999999, 96326, 1
303, 75713031, 75713031
900, 109365767, 109365767
999999, 96326, 304
900, 109366071, 109366071
999999, 96123, 13
302, 75713348, 75713348
900, 109366084, 109366084
999999, 96111, 1
301, 75713349, 75713349
900, 109366085, 109366085
999999, 96325, 261
900, 109366346, 109366346
999999, 96065, 1
900, 109366347, 109366347
999999, 96167, 106
900, 109366453, 109366453
999999, 96062, 253
225, 9217458, 9217458
900, 109366706, 109366706
999999, 96030, 63
900, 109366769, 109366769
999999, 96051, 235
302, 75714268, 75714268
900, 109367004, 109367004
999999, 95817, 1
301, 75714269, 75714269
900, 109367005, 109367005
999999, 96057, 45
900, 109367050, 109367050
999999, 96013, 1
900, 109367051, 109367051
999999, 96107, 251
300, 75714566, 75714566
900, 109367302, 109367302
999999, 95857, 1
299, 75714567, 75714567
900, 109367303, 109367303
999999, 96081, 319
298, 75714886, 75714886
900, 109367622, 109367622
999999, 96065, 114
297, 75715000, 75715000
900, 109367736, 109367736
999999, 96024, 1
296, 75715001, 75715001
900, 109367737, 109367737
999999, 96024, 215
900, 109367952, 109367952
999999, 96087, 1
900, 109367953, 109367953
999999, 96145, 95
900, 109368048, 109368048
999999, 96296, 1
900, 109368049, 109368049
999999, 96351, 225
225, 9219026, 9219026
257, 75553746, 75553746
900, 109368274, 109368274
999999, 96127, 1
256, 75553747, 75553747
900, 109368275, 109368275
999999, 96417, 89
255, 75553836, 75553836
900, 109368364, 109368364
999999, 96329, 1
254, 75553837, 75553837
900, 109368365, 109368365
999999, 96611, 249
900, 109368614, 109368614
999999, 96363, 1
900, 109368615, 109368615
999999, 96443, 285
295, 75716164, 75716164
900, 109368900, 109368900
999999, 96420, 1
294, 75716165, 75716165
900, 109368901, 109368901
999999, 96420, 99
254, 75554472, 75554472
900, 109369000, 109369000
999999, 96376, 216
900, 109369216, 109369216
999999, 96161, 1
900, 109369217, 109369217
999999, 96350, 95
244, 42711008, 42711008
256, 75554784, 75554784
297, 75716576, 75716576
900, 109369312, 109369312
999999, 96314, 1
243, 42711009, 42711009
256, 75554785, 75554785
297, 75716577, 75716577
900, 109369313, 109369313
999999, 96314, 189
243, 42711198, 42711198
255, 75554974, 75554974
296, 75716766, 75716766
900, 109369502, 109369502
999999, 96376, 1
243, 42711199, 42711199
254, 75554975, 75554975
295, 75716767, 75716767
900, 109369503, 109369503
999999, 96376, 59
900, 109369562, 109369562
999999, 96368, 1
900, 109369563, 109369563
999999, 96368, 257
294, 75717084, 75717084
900, 109369820, 109369820
999999, 96384, 43
293, 75717127, 75717127
900, 109369863, 109369863
999999, 96342, 278
292, 75717405, 75717405
900, 109370141, 109370141
999999, 96145, 81
900, 109370222, 109370222
999999, 96065, 1
900, 109370223, 109370223
999999, 96279, 227
253, 75555922, 75555922
900, 109370450, 109370450
999999, 96053, 62
900, 109370512, 109370512
999999, 96086, 1
900, 109370513, 109370513
999999, 96326, 261
900, 109370774, 109370774
999999, 96152, 1
900, 109370775, 109370775
999999, 96152, 62
900, 109370837, 109370837
999999, 96311, 293
291, 75718394, 75718394
900, 109371130, 109371130
999999, 96112, 1
290, 75718395, 75718395
900, 109371131, 109371131
999999, 96112, 49
999999, 96283, 1
252, 75556653, 75556653
900, 109371181, 109371181
999999, 96395, 271
251, 75556924, 75556924
900, 109371452, 109371452
999999, 96125, 1
250, 75556925, 75556925
900, 109371453, 109371453
999999, 96368, 303
249, 75557228, 75557228
900, 109371756, 109371756
999999, 96124, 1
248, 75557229, 75557229
900, 109371757, 109371757
999999, 96124, 53
247, 75557282, 75557282
289, 75719074, 75719074
900, 109371810, 109371810
999999, 96309, 1
246, 75557283, 75557283
288, 75719075, 75719075
900, 109371811, 109371811
999999, 96403, 243
245, 75557526, 75557526
900, 109372054, 109372054
999999, 96161, 1
244, 75557527, 75557527
900, 109372055, 109372055
999999, 96422, 61
256, 42713812, 42713812
243, 75557588, 42713812
900, 109372116, 109372116
999999, 96680, 1
255, 42713813, 42713813
242, 75557589, 42713813
900, 109372117, 109372117
999999, 96680, 289
241, 75557878, 75557878
900, 109372406, 109372406
999999, 96397, 1
240, 75557879, 75557879
900, 109372407, 109372407
999999, 96699, 52
256, 42714155, 42714155
239, 75557931, 42714155
900, 109372459, 109372459
999999, 96648, 320
450, 109372778, 109372778
999999, 96375, 215
237, 75558466, 75558466
900, 109372994, 109372994
999999, 96161, 1
236, 75558467, 75558467
900, 109372995, 109372995
999999, 96427, 109
235, 75558576, 75558576
900, 109373104, 109373104
999999, 96340, 1
234, 75558577, 75558577
900, 109373105, 109373105
999999, 96340, 265
233, 75558842, 75558842
289, 75720634, 75720634
900, 109373370, 109373370
999999, 96329, 63
232, 75558905, 75558905
288, 75720697, 75720697
900, 109373433, 109373433
999999, 96585, 244
999999, 96342, 19
230, 75559168, 75559168
900, 109373696, 109373696
999999, 96424, 309
900, 109374005, 109374005
999999, 96380, 12
230, 75559489, 75559489
900, 109374017, 109374017
999999, 96416, 304
230, 75559793, 75559793
900, 109374321, 109374321
999999, 96301, 47
261, 42716064, 42716064
230, 75559840, 42716064
290, 75721632, 75721632
900, 109374368, 109374368
999999, 96255, 1
260, 42716065, 42716065
229, 75559841, 42716065
289, 75721633, 75721633
900, 109374369, 109374369
999999, 96302, 190
260, 42716255, 42716255
228, 75560031, 42716255
288, 75721823, 75721823
900, 109374559, 109374559
999999, 96381, 96
227, 75560127, 75560127
900, 109374655, 109374655
999999, 96286, 221
226, 75560348, 75560348
287, 75722140, 75722140
900, 109374876, 109374876
999999, 96154, 1
225, 75560349, 75560349
286, 75722141, 75722141
900, 109374877, 109374877
999999, 96154, 89
900, 109374966, 109374966
999999, 96294, 1
900, 109374967, 109374967
999999, 96294, 227
900, 109375194, 109375194
999999, 96112, 1
900, 109375195, 109375195
999999, 96112, 43
286, 75722502, 75722502
900, 109375238, 109375238
999999, 96382, 304
226, 75561014, 75561014
900, 109375542, 109375542
999999, 96079, 1
225, 75561015, 75561015
900, 109375543, 109375543
999999, 96343, 59
900, 109375602, 109375602
999999, 96285, 1
900, 109375603, 109375603
999999, 96345, 234
286, 75723101, 75723101
900, 109375837, 109375837
999999, 96112, 54
900, 109375891, 109375891
999999, 96359, 243
286, 75723398, 75723398
900, 109376134, 109376134
999999, 96138, 1
285, 75723399, 75723399
900, 109376135, 109376135
999999, 96138, 101
900, 109376236, 109376236
999999, 96336, 1
900, 109376237, 109376237
999999, 96336, 217
285, 75723718, 75723718
900, 109376454, 109376454
999999, 96126, 115
448, 109376568, 109376568
999999, 96012, 207
900, 109376776, 109376776
999999, 96161, 96
900, 109376872, 109376872
999999, 96303, 1
900, 109376873, 109376873
999999, 96397, 229
900, 109377102, 109377102
999999, 96169, 1
900, 109377103, 109377103
999999, 96430, 351
900, 109377454, 109377454
999999, 96084, 75
284, 75724793, 75724793
900, 109377529, 109377529
999999, 96317, 205
283, 75724998, 75724998
900, 109377734, 109377734
999999, 96113, 1
282, 75724999, 75724999
900, 109377735, 109377735
999999, 96429, 107
900, 109377842, 109377842
999999, 96323, 1
900, 109377843, 109377843
999999, 96368, 257
900, 109378100, 109378100
999999, 96350, 1
900, 109378101, 109378101
999999, 96350, 47
900, 109378148, 109378148
999999, 96351, 238
900, 109378386, 109378386
999999, 96422, 306
281, 75725956, 75725956
900, 109378692, 109378692
999999, 96117, 1
281, 75725957, 75725957
900, 109378693, 109378693
999999, 96160, 99
900, 109378792, 109378792
999999, 96288, 1
900, 109378793, 109378793
999999, 96288, 219
281, 75726276, 75726276
900, 109379012, 109379012
999999, 96160, 1
281, 75726277, 75726277
900, 109379013, 109379013
999999, 96160, 99
900, 109379112, 109379112
999999, 96328, 264
900, 109379376, 109379376
999999, 96065, 1
900, 109379377, 109379377
999999, 96112, 48
999999, 96253, 189
272, 42721310, 42721310
282, 75726878, 75726878
900, 109379614, 109379614
999999, 96065, 62
271, 42721372, 42721372
281, 75726940, 75726940
900, 109379676, 109379676
999999, 96050, 1
271, 42721373, 42721373
280, 75726941, 75726941
900, 109379677, 109379677
999999, 96319, 249
271, 42721622, 42721622
900, 109379926, 109379926
999999, 96071, 66
271, 42721688, 42721688
280, 75727256, 75727256
900, 109379992, 109379992
999999, 96098, 1
271, 42721689, 42721689
280, 75727257, 75727257
900, 109379993, 109379993
999999, 96098, 253
270, 42721942, 42721942
900, 109380246, 109380246
999999, 96160, 1
269, 42721943, 42721943
900, 109380247, 109380247
999999, 96160, 88
227, 9241199, 9241199
268, 42722031, 42722031
900, 109380335, 109380335
999999, 96319, 227
226, 9241426, 9241426
267, 42722258, 42722258
900, 109380562, 109380562
999999, 96389, 1
225, 9241427, 9241427
266, 42722259, 42722259
900, 109380563, 109380563
999999, 96475, 97
265, 42722356, 42722356
900, 109380660, 109380660
999999, 96600, 218
264, 42722574, 42722574
900, 109380878, 109380878
999999, 96383, 1
264, 42722575, 42722575
900, 109380879, 109380879
999999, 96489, 55
264, 42722630, 42722630
279, 75728198, 75728198
900, 109380934, 109380934
999999, 96435, 1
999999, 96645, 270
262, 42722901, 42722901
900, 109381205, 109381205
999999, 96376, 85
261, 42722986, 42722986
900, 109381290, 109381290
999999, 96392, 1
260, 42722987, 42722987
900, 109381291, 109381291
999999, 96392, 274
259, 42723261, 42723261
277, 75728829, 75728829
900, 109381565, 109381565
999999, 96339, 45
258, 42723306, 42723306
900, 109381610, 109381610
999999, 96343, 1
999999, 96623, 252
256, 42723559, 42723559
276, 75729127, 75729127
900, 109381863, 109381863
999999, 96372, 26
255, 42723585, 42723585
275, 75729153, 75729153
900, 109381889, 109381889
999999, 96389, 269
254, 42723854, 42723854
900, 109382158, 109382158
999999, 96121, 1
253, 42723855, 42723855
900, 109382159, 109382159
999999, 96380, 59
252, 42723914, 42723914
900, 109382218, 109382218
999999, 96378, 1
251, 42723915, 42723915
900, 109382219, 109382219
999999, 96378, 300
250, 42724215, 42724215
900, 109382519, 109382519
999999, 96376, 17
249, 42724232, 42724232
900, 109382536, 109382536
999999, 96420, 1
248, 42724233, 42724233
900, 109382537, 109382537
999999, 96420, 271
247, 42724504, 42724504
276, 75730072, 75730072
900, 109382808, 109382808
999999, 96402, 1
246, 42724505, 42724505
275, 75730073, 75730073
900, 109382809, 109382809
999999, 96402, 89
245, 42724594, 42724594
900, 109382898, 109382898
999999, 96374, 214
244, 42724808, 42724808
900, 109383112, 109383112
999999, 96161, 1
243, 42724809, 42724809
900, 109383113, 109383113
999999, 96435, 95
242, 42724904, 42724904
900, 109383208, 109383208
999999, 96341, 1
241, 42724905, 42724905
900, 109383209, 109383209
999999, 96395, 269
240, 42725174, 42725174
900, 109383478, 109383478
999999, 96127, 60
239, 42725234, 42725234
900, 109383538, 109383538
999999, 96326, 1
238, 42725235, 42725235
900, 109383539, 109383539
999999, 96326, 207
237, 42725442, 42725442
274, 75731010, 75731010
900, 109383746, 109383746
999999, 96126, 1
236, 42725443, 42725443
273, 75731011, 75731011
900, 109383747, 109383747
999999, 96126, 101
235, 42725544, 42725544
900, 109383848, 109383848
999999, 96331, 220
234, 42725764, 42725764
272, 75731332, 75731332
900, 109384068, 109384068
999999, 96164, 1
233, 42725765, 42725765
271, 75731333, 75731333
900, 109384069, 109384069
999999, 96164, 99
232, 42725864, 42725864
900, 109384168, 109384168
999999, 96280, 1
231, 42725865, 42725865
900, 109384169, 109384169
999999, 96280, 263
233, 9245296, 9245296
231, 42726128, 9245296
900, 109384432, 109384432
999999, 96113, 1
233, 9245297, 9245297
231, 42726129, 9245297
900, 109384433, 109384433
999999, 96301, 47
233, 9245344, 9245344
230, 42726176, 9245344
272, 75731744, 75731744
900, 109384480, 109384480
999999, 96350, 1
232, 9245345, 9245345
229, 42726177, 9245345
271, 75731745, 75731745
900, 109384481, 109384481
999999, 96557, 189
231, 9245534, 9245534
228, 42726366, 9245534
270, 75731934, 75731934
900, 109384670, 109384670
999999, 96369, 56
227, 42726422, 42726422
900, 109384726, 109384726
999999, 96387, 260
226, 42726682, 42726682
269, 75732250, 75732250
900, 109384986, 109384986
999999, 96372, 1
483, 26547513, 26547513
999999, 96372, 92
900, 109385079, 109385079
999999, 96349, 230
267, 75732573, 75732573
900, 109385309, 109385309
999999, 96120, 81
232, 9246254, 9246254
900, 109385390, 109385390
999999, 96284, 269
266, 75732923, 75732923
900, 109385659, 109385659
999999, 96016, 48
900, 109385707, 109385707
999999, 96059, 228
900, 109385935, 109385935
999999, 96071, 107
265, 75733306, 75733306
900, 109386042, 109386042
999999, 95965, 1
264, 75733307, 75733307
900, 109386043, 109386043
999999, 96281, 257
263, 75733564, 75733564
900, 109386300, 109386300
999999, 96110, 1
262, 75733565, 75733565
900, 109386301, 109386301
999999, 96110, 54
900, 109386355, 109386355
999999, 96329, 251
900, 109386606, 109386606
999999, 96079, 1
900, 109386607, 109386607
999999, 96119, 34
900, 109386641, 109386641
999999, 96347, 284
900, 109386925, 109386925
999999, 96064, 301
261, 75734490, 75734490
900, 109387226, 109387226
999999, 95783, 1
999999, 96052, 48
999999, 96065, 257
225, 9157388, 9157388
900, 109387532, 109387532
999999, 95809, 109
260, 75734905, 75734905
900, 109387641, 109387641
999999, 96001, 257
227, 8429690, 8429690
260, 75735162, 75735162
900, 109387898, 109387898
999999, 95754, 1
227, 8429691, 8429691
260, 75735163, 75735163
900, 109387899, 109387899
999999, 95754, 9
227, 8429700, 8429700
234, 9248772, 9248772
259, 75735172, 75735172
900, 109387908, 109387908
999999, 96020, 1
227, 8429701, 8429701
233, 9248773, 9248773
258, 75735173, 75735173
900, 109387909, 109387909
999999, 96020, 253
257, 75735426, 75735426
900, 109388162, 109388162
999999, 95859, 62
256, 75735488, 75735488
900, 109388224, 109388224
999999, 96044, 1
255, 75735489, 75735489
900, 109388225, 109388225
999999, 96063, 279
254, 75735768, 75735768
900, 109388504, 109388504
999999, 95785, 1
253, 75735769, 75735769
900, 109388505, 109388505
999999, 96057, 91
900, 109388596, 109388596
999999, 95967, 254
900, 109388850, 109388850
999999, 95808, 1
900, 109388851, 109388851
999999, 95808, 13
252, 75736128, 75736128
900, 109388864, 109388864
999999, 96009, 1
251, 75736129, 75736129
900, 109388865, 109388865
999999, 96097, 355
250, 75736484, 75736484
900, 109389220, 109389220
999999, 95743, 1
249, 75736485, 75736485
900, 109389221, 109389221
999999, 96013, 259
900, 109389480, 109389480
999999, 95755, 1
900, 109389481, 109389481
999999, 95803, 245
241, 8431518, 8431518
236, 9250590, 8431518
248, 75736990, 75736990
900, 109389726, 109389726
999999, 95559, 1
241, 8431519, 8431519
236, 9250591, 8431519
247, 75736991, 75736991
900, 109389727, 109389727
999999, 95812, 55
900, 109389782, 109389782
999999, 95818, 248
237, 9250894, 9250894
900, 109390030, 109390030
999999, 95571, 1
237, 9250895, 9250895
900, 109390031, 109390031
999999, 95760, 69
900, 109390100, 109390100
999999, 95787, 1
900, 109390101, 109390101
999999, 96006, 249
238, 9251214, 9251214
900, 109390350, 109390350
999999, 96112, 1
237, 9251215, 9251215
900, 109390351, 109390351
999999, 96112, 107
248, 8432250, 8432250
249, 75737722, 75737722
900, 109390458, 109390458
999999, 96012, 1
248, 8432251, 8432251
248, 75737723, 75737723
900, 109390459, 109390459
999999, 96280, 203
247, 75737926, 75737926
900, 109390662, 109390662
999999, 96138, 1
246, 75737927, 75737927
900, 109390663, 109390663
999999, 96138, 59
239, 9251586, 9251586
245, 75737986, 75737986
900, 109390722, 109390722
999999, 96344, 1
239, 9251587, 9251587
244, 75737987, 75737987
900, 109390723, 109390723
999999, 96401, 275
388, 47262860, 47262860
299, 114568332, 47262860
999999, 96422, 48
999999, 96375, 310
243, 75738620, 75738620
900, 109391356, 109391356
999999, 96073, 1
242, 75738621, 75738621
900, 109391357, 109391357
999999, 96342, 45
236, 9252266, 9252266
900, 109391402, 109391402
999999, 96386, 1
236, 9252267, 9252267
900, 109391403, 109391403
999999, 96639, 225
900, 109391628, 109391628
999999, 96415, 1
900, 109391629, 109391629
999999, 96476, 53
241, 75738946, 75738946
900, 109391682, 109391682
999999, 96700, 258
261, 8433732, 8433732
240, 75739204, 8433732
900, 109391940, 109391940
999999, 96443, 338
900, 109392278, 109392278
999999, 96116, 96
900, 109392374, 109392374
999999, 96021, 248
900, 109392622, 109392622
999999, 96134, 1
900, 109392623, 109392623
999999, 96134, 33
900, 109392656, 109392656
999999, 96329, 1
900, 109392657, 109392657
999999, 96406, 297
267, 8434746, 8434746
239, 75740218, 8434746
900, 109392954, 109392954
999999, 96369, 1
267, 8434747, 8434747
238, 75740219, 8434747
900, 109392955, 109392955
999999, 96424, 13
900, 109392968, 109392968
999999, 96690, 1
900, 109392969, 109392969
999999, 96690, 345
239, 75740578, 75740578
900, 109393314, 109393314
999999, 96402, 1
238, 75740579, 75740579
900, 109393315, 109393315
999999, 96621, 231
900, 109393546, 109393546
999999, 96472, 56
238, 9254466, 9254466
237, 75740866, 9254466
900, 109393602, 109393602
999999, 96417, 1
238, 9254467, 9254467
236, 75740867, 9254467
900, 109393603, 109393603
999999, 96750, 297
237, 9254764, 9254764
900, 109393900, 109393900
999999, 96696, 1
236, 9254765, 9254765
900, 109393901, 109393901
999999, 96696, 67
900, 109393968, 109393968
999999, 96878, 216
900, 109394184, 109394184
999999, 96663, 1
900, 109394185, 109394185
999999, 96724, 407
279, 8436384, 8436384
238, 9255456, 8436384
237, 75741856, 8436384
900, 109394592, 109394592
999999, 96566, 1
279, 8436385, 8436385
237, 9255457, 8436385
236, 75741857, 8436385
900, 109394593, 109394593
999999, 96566, 189
279, 8436574, 8436574
236, 9255646, 8436574
235, 75742046, 8436574
900, 109394782, 109394782
999999, 96424, 1
279, 8436575, 8436575
235, 9255647, 8436575
234, 75742047, 8436575
900, 109394783, 109394783
999999, 96699, 59
233, 75742106, 75742106
900, 109394842, 109394842
999999, 96732, 1
475, 26557369, 26557369
999999, 96732, 257
234, 9255964, 9255964
231, 75742364, 9255964
900, 109395100, 109395100
999999, 96686, 82
233, 9256046, 9256046
900, 109395182, 109395182
999999, 96605, 1
232, 9256047, 9256047
900, 109395183, 109395183
999999, 96665, 231
900, 109395414, 109395414
999999, 96696, 1
900, 109395415, 109395415
999999, 96696, 100
286, 8437307, 8437307
230, 75742779, 8437307
900, 109395515, 109395515
999999, 96657, 251
900, 109395766, 109395766
999999, 96407, 293
229, 75743323, 75743323
900, 109396059, 109396059
999999, 96378, 49
900, 109396108, 109396108
999999, 96428, 1
900, 109396109, 109396109
999999, 96428, 289
900, 109396398, 109396398
999999, 96356, 1
900, 109396399, 109396399
999999, 96356, 69
900, 109396468, 109396468
999999, 96374, 1
900, 109396469, 109396469
999999, 96374, 249
900, 109396718, 109396718
999999, 96354, 1
900, 109396719, 109396719
999999, 96438, 33
900, 109396752, 109396752
999999, 96686, 1
900, 109396753, 109396753
999999, 96686, 295
228, 75744312, 75744312
900, 109397048, 109397048
999999, 96446, 1
227, 75744313, 75744313
900, 109397049, 109397049
999999, 96446, 56
900, 109397105, 109397105
999999, 96700, 269
999999, 96652, 1
225, 75744639, 75744639
900, 109397375, 109397375
999999, 96652, 19
900, 109397394, 109397394
999999, 96730, 1
900, 109397395, 109397395
999999, 97045, 292
900, 109397687, 109397687
999999, 96754, 271
225, 75745222, 75745222
900, 109397958, 109397958
999999, 96756, 1
225, 75745223, 75745223
900, 109397959, 109397959
999999, 96756, 74
231, 9258897, 9258897
900, 109398033, 109398033
999999, 96729, 290
900, 109398323, 109398323
999999, 96440, 61
999999, 96596, 232
226, 75745880, 75745880
900, 109398616, 109398616
999999, 96365, 1
999999, 96717, 47
900, 109398664, 109398664
999999, 96671, 1
900, 109398665, 109398665
999999, 96744, 304
999999, 96681, 44
900, 109399013, 109399013
999999, 96638, 261
900, 109399274, 109399274
999999, 96438, 1
999999, 96438, 57
999999, 96570, 268
900, 109399600, 109399600
999999, 96398, 1
900, 109399601, 109399601
999999, 96613, 47
322, 8441440, 8441440
237, 9260512, 8441440
900, 109399648, 109399648
999999, 96654, 1
322, 8441441, 8441441
236, 9260513, 8441441
900, 109399649, 109399649
999999, 96890, 189
322, 8441630, 8441630
236, 9260702, 8441630
900, 109399838, 109399838
999999, 96750, 48
236, 9260750, 9260750
900, 109399886, 109399886
999999, 96703, 584
900, 109400470, 109400470
999999, 96386, 1
900, 109400471, 109400471
999999, 96386, 88
235, 9261423, 9261423
900, 109400559, 109400559
999999, 96353, 229
900, 109400788, 109400788
999999, 96378, 1
900, 109400789, 109400789
999999, 96378, 45
900, 109400834, 109400834
999999, 96400, 280
900, 109401114, 109401114
999999, 96417, 1
900, 109401115, 109401115
999999, 96466, 55
900, 109401170, 109401170
999999, 96680, 296
332, 8443258, 8443258
900, 109401466, 109401466
999999, 96385, 10
332, 8443268, 8443268
900, 109401476, 109401476
999999, 96384, 299
900, 109401775, 109401775
999999, 96381, 317
900, 109402092, 109402092
999999, 96065, 1
900, 109402093, 109402093
999999, 96119, 56
237, 9263013, 9263013
900, 109402149, 109402149
999999, 96064, 247
900, 109402396, 109402396
999999, 96158, 1
900, 109402397, 109402397
999999, 96409, 95
999999, 96315, 1
900, 109402493, 109402493
999999, 96380, 213
900, 109402706, 109402706
999999, 96376, 1
900, 109402707, 109402707
999999, 96376, 89
900, 109402796, 109402796
999999, 96384, 1
900, 109402797, 109402797
999999, 96597, 265
900, 109403062, 109403062
999999, 96333, 1
999999, 96393, 51
900, 109403114, 109403114
999999, 96644, 1
900, 109403115, 109403115
999999, 96705, 257
900, 109403372, 109403372
999999, 96664, 68
900, 109403440, 109403440
999999, 96597, 226
900, 109403666, 109403666
999999, 96691, 1
900, 109403667, 109403667
999999, 96797, 48
900, 109403715, 109403715
999999, 96994, 305
900, 109404020, 109404020
999999, 96938, 12
241, 9264896, 9264896
900, 109404032, 109404032
999999, 96927, 1
241, 9264897, 9264897
900, 109404033, 109404033
999999, 96981, 257
241, 9265154, 9265154
900, 109404290, 109404290
999999, 96725, 1
241, 9265155, 9265155
900, 109404291, 109404291
999999, 96986, 97
900, 109404388, 109404388
999999, 97206, 1
900, 109404389, 109404389
999999, 97256, 253
241, 9265506, 9265506
900, 109404642, 109404642
999999, 97304, 1
240, 9265507, 9265507
900, 109404643, 109404643
999999, 97311, 61
362, 8446496, 8446496
239, 9265568, 8446496
900, 109404704, 109404704
999999, 97251, 190
362, 8446686, 8446686
238, 9265758, 8446686
900, 109404894, 109404894
999999, 97342, 1
362, 8446687, 8446687
237, 9265759, 8446687
900, 109404895, 109404895
999999, 97342, 55
900, 109404950, 109404950
999999, 97342, 1
900, 109404951, 109404951
999999, 97342, 321
900, 109405272, 109405272
999999, 97316, 246
900, 109405518, 109405518
999999, 97071, 1
900, 109405519, 109405519
999999, 97076, 73
900, 109405592, 109405592
999999, 97314, 1
900, 109405593, 109405593
999999, 97322, 291
236, 9266748, 9266748
900, 109405884, 109405884
999999, 97335, 1
235, 9266749, 9266749
900, 109405885, 109405885
999999, 97384, 321
900, 109406206, 109406206
999999, 97304, 1
900, 109406207, 109406207
999999, 97304, 13
900, 109406220, 109406220
999999, 97386, 1
900, 109406221, 109406221
999999, 97386, 249
900, 109406470, 109406470
999999, 97348, 1
900, 109406471, 109406471
999999, 97348, 65
900, 109406536, 109406536
999999, 97388, 1
900, 109406537, 109406537
999999, 97388, 307
900, 109406844, 109406844
999999, 97330, 1
900, 109406845, 109406845
999999, 97330, 5
900, 109406850, 109406850
999999, 97637, 1
900, 109406851, 109406851
999999, 97701, 303
900, 109407154, 109407154
999999, 97399, 1
900, 109407155, 109407155
999999, 97632, 47
900, 109407202, 109407202
999999, 97632, 1
900, 109407203, 109407203
999999, 97632, 235
900, 109407438, 109407438
999999, 97695, 1
900, 109407439, 109407439
999999, 98033, 107
389, 8449338, 8449338
900, 109407546, 109407546
999999, 98182, 252
900, 109407798, 109407798
999999, 97931, 14
390, 8449604, 8449604
240, 9268676, 8449604
900, 109407812, 109407812
999999, 98012, 1
390, 8449605, 8449605
240, 9268677, 8449605
900, 109407813, 109407813
999999, 98012, 305
240, 9268982, 9268982
900, 109408118, 109408118
999999, 97897, 1
239, 9268983, 9268983
900, 109408119, 109408119
999999, 97952, 17
900, 109408136, 109408136
999999, 98196, 1
900, 109408137, 109408137
999999, 98196, 263
900, 109408400, 109408400
999999, 97974, 96
226, 8551408, 8551408
900, 109408496, 109408496
999999, 97879, 229
225, 8551637, 8551637
900, 109408725, 109408725
999999, 98021, 81
900, 109408806, 109408806
999999, 97941, 1
900, 109408807, 109408807
999999, 98191, 262
238, 9269933, 9269933
900, 109409069, 109409069
999999, 97930, 67
900, 109409136, 109409136
999999, 97922, 212
401, 8451140, 8451140
900, 109409348, 109409348
999999, 97711, 94
240, 9270306, 9270306
900, 109409442, 109409442
999999, 97844, 1
240, 9270307, 9270307
900, 109409443, 109409443
999999, 97909, 257
900, 109409700, 109409700
999999, 97653, 60
404, 8451552, 8451552
240, 9270624, 8451552
900, 109409760, 109409760
999999, 97836, 1
404, 8451553, 8451553
239, 9270625, 8451553
900, 109409761, 109409761
999999, 97943, 189
404, 8451742, 8451742
238, 9270814, 8451742
900, 109409950, 109409950
999999, 97974, 1
404, 8451743, 8451743
237, 9270815, 8451743
900, 109409951, 109409951
999999, 97974, 55
900, 109410006, 109410006
999999, 98004, 296
236, 9271166, 9271166
900, 109410302, 109410302
999999, 97925, 62
900, 109410364, 109410364
999999, 97924, 1
900, 109410365, 109410365
999999, 97924, 313
900, 109410678, 109410678
999999, 97928, 1
999999, 97928, 225
900, 109410904, 109410904
999999, 97728, 1
900, 109410905, 109410905
999999, 97728, 47
900, 109410952, 109410952
999999, 97924, 1
900, 109410953, 109410953
999999, 98018, 323
900, 109411276, 109411276
999999, 97920, 298
900, 109411574, 109411574
999999, 97724, 1
900, 109411575, 109411575
999999, 97724, 11
900, 109411586, 109411586
999999, 97974, 1
900, 109411587, 109411587
999999, 97974, 312
419, 8453691, 8453691
900, 109411899, 109411899
999999, 97718, 13
900, 109411912, 109411912
999999, 97933, 298
900, 109412210, 109412210
999999, 97716, 1
900, 109412211, 109412211
999999, 97716, 49
900, 109412260, 109412260
999999, 97928, 1
900, 109412261, 109412261
999999, 97928, 234
900, 109412495, 109412495
999999, 97761, 55
900, 109412550, 109412550
999999, 97707, 1
900, 109412551, 109412551
999999, 97957, 261
900, 109412812, 109412812
999999, 97697, 1
900, 109412813, 109412813
999999, 97749, 93
900, 109412906, 109412906
999999, 97657, 1
900, 109412907, 109412907
999999, 97974, 273
999999, 97890, 1
900, 109413181, 109413181
999999, 97890, 45
243, 9274090, 9274090
900, 109413226, 109413226
999999, 97906, 1
243, 9274091, 9274091
900, 109413227, 109413227
999999, 97906, 263
900, 109413490, 109413490
999999, 97884, 1
900, 109413491, 109413491
999999, 97884, 49
437, 8455332, 8455332
900, 109413540, 109413540
999999, 98168, 266
244, 9274670, 9274670
900, 109413806, 109413806
999999, 98219, 1
243, 9274671, 9274671
900, 109413807, 109413807
999999, 98266, 61
242, 9274732, 9274732
900, 109413868, 109413868
999999, 98479, 1
241, 9274733, 9274733
900, 109413869, 109413869
999999, 98533, 228
240, 9274961, 9274961
900, 109414097, 109414097
999999, 98306, 87
900, 109414184, 109414184
999999, 98516, 1
999999, 98516, 223
900, 109414408, 109414408
999999, 98352, 1
900, 109414409, 109414409
999999, 98352, 351
900, 109414760, 109414760
999999, 98211, 1
900, 109414761, 109414761
999999, 98279, 55
438, 8456608, 8456608
240, 9275680, 8456608
900, 109414816, 109414816
999999, 98225, 1
437, 8456609, 8456609
239, 9275681, 8456609
900, 109414817, 109414817
999999, 98507, 250
483, 26577593, 26577593
999999, 98311, 243
238, 9276174, 9276174
900, 109415310, 109415310
999999, 98069, 74
900, 109415384, 109415384
999999, 98244, 1
900, 109415385, 109415385
999999, 98244, 293
439, 8457470, 8457470
237, 9276542, 8457470
900, 109415678, 109415678
999999, 98010, 23
900, 109415701, 109415701
999999, 98244, 289
999999, 98271, 1
900, 109415991, 109415991
999999, 98363, 59
900, 109416050, 109416050
999999, 98305, 1
900, 109416051, 109416051
999999, 98561, 233
900, 109416284, 109416284
999999, 98341, 94
441, 8458170, 8458170
900, 109416378, 109416378
999999, 98520, 1
440, 8458171, 8458171
900, 109416379, 109416379
999999, 98520, 215
900, 109416594, 109416594
999999, 98400, 102
999999, 98299, 1
900, 109416697, 109416697
999999, 98507, 217
900, 109416914, 109416914
999999, 98291, 91
900, 109417005, 109417005
999999, 98307, 267
900, 109417272, 109417272
999999, 98041, 1
900, 109417273, 109417273
999999, 98291, 47
900, 109417320, 109417320
999999, 98245, 1
900, 109417321, 109417321
999999, 98311, 241
447, 8459354, 8459354
900, 109417562, 109417562
999999, 98326, 1
447, 8459355, 8459355
900, 109417563, 109417563
999999, 98326, 49
900, 109417612, 109417612
999999, 98324, 1
900, 109417613, 109417613
999999, 98324, 253
900, 109417866, 109417866
999999, 98260, 1
900, 109417867, 109417867
999999, 98260, 97
900, 109417964, 109417964
999999, 98210, 1
900, 109417965, 109417965
999999, 98210, 232
900, 109418197, 109418197
999999, 98248, 81
900, 109418278, 109418278
999999, 98256, 1
900, 109418279, 109418279
999999, 98256, 221
453, 8460292, 8460292
900, 109418500, 109418500
999999, 98262, 1
452, 8460293, 8460293
900, 109418501, 109418501
999999, 98346, 333
900, 109418834, 109418834
999999, 98228, 1
900, 109418835, 109418835
999999, 98323, 95
436, 109418931, 109418931
999999, 98508, 1
251, 9279795, 9279795
900, 109418931, 109418931
999999, 98508, 244
900, 109419175, 109419175
999999, 98283, 65
226, 42477800, 42477800
900, 109419240, 109419240
999999, 98219, 255
900, 109419495, 109419495
999999, 98221, 66
225, 42478121, 42478121
900, 109419561, 109419561
999999, 98156, 249
250, 9280674, 9280674
900, 109419810, 109419810
999999, 97959, 1
250, 9280675, 9280675
900, 109419811, 109419811
999999, 98311, 251
455, 8461854, 8461854
249, 9280926, 8461854
900, 109420062, 109420062
999999, 98318, 61
455, 8461915, 8461915
900, 109420123, 109420123
999999, 98317, 292
455, 8462207, 8462207
250, 9281279, 8462207
900, 109420415, 109420415
999999, 98026, 11
900, 109420426, 109420426
999999, 98259, 1
900, 109420427, 109420427
999999, 98303, 260
249, 9281551, 9281551
900, 109420687, 109420687
999999, 98044, 103
900, 109420790, 109420790
999999, 98232, 1
900, 109420791, 109420791
999999, 98232, 211
900, 109421002, 109421002
999999, 98042, 1
900, 109421003, 109421003
999999, 98042, 97
900, 109421100, 109421100
999999, 98207, 1
900, 109421101, 109421101
999999, 98565, 233
248, 9282198, 9282198
900, 109421334, 109421334
999999, 98380, 1
247, 9282199, 9282199
900, 109421335, 109421335
999999, 98612, 61
247, 9282260, 9282260
900, 109421396, 109421396
999999, 98606, 1
999999, 98901, 255
900, 109421652, 109421652
999999, 98647, 1
999999, 98703, 85
900, 109421738, 109421738
999999, 99192, 1
900, 109421739, 109421739
999999, 99192, 267
900, 109422006, 109422006
999999, 98987, 1
900, 109422007, 109422007
999999, 99175, 51
900, 109422058, 109422058
999999, 99125, 1
900, 109422059, 109422059
999999, 99185, 264
900, 109422323, 109422323
999999, 98922, 13
469, 8464128, 8464128
900, 109422336, 109422336
999999, 99158, 1
469, 8464129, 8464129
900, 109422337, 109422337
999999, 99257, 283
900, 109422620, 109422620
999999, 99194, 1
900, 109422621, 109422621
999999, 99194, 55
900, 109422676, 109422676
999999, 99190, 1
900, 109422677, 109422677
999999, 99190, 281
900, 109422958, 109422958
999999, 99214, 34
900, 109422992, 109422992
999999, 99181, 1
900, 109422993, 109422993
999999, 99188, 245
900, 109423238, 109423238
999999, 99216, 108
227, 8637042, 8637042
900, 109423346, 109423346
999999, 99109, 1
226, 8637043, 8637043
900, 109423347, 109423347
999999, 99167, 209
473, 8465348, 8465348
232, 42118084, 8465348
900, 109423556, 109423556
999999, 98959, 1
473, 8465349, 8465349
231, 42118085, 8465349
900, 109423557, 109423557
999999, 99301, 95
472, 8465444, 8465444
900, 109423652, 109423652
999999, 99438, 1
471, 8465445, 8465445
900, 109423653, 109423653
999999, 99438, 277
999999, 99262, 1
471, 8465723, 8465723
231, 42118459, 8465723
900, 109423931, 109423931
999999, 99262, 265
470, 8465988, 8465988
230, 42118724, 8465988
900, 109424196, 109424196
999999, 99213, 100
900, 109424296, 109424296
999999, 99197, 254
900, 109424550, 109424550
999999, 99190, 1
900, 109424551, 109424551
999999, 99238, 65
900, 109424616, 109424616
999999, 99474, 1
900, 109424617, 109424617
999999, 99474, 215
474, 8466624, 8466624
231, 8638528, 8466624
254, 9285696, 8466624
900, 109424832, 109424832
999999, 99269, 1
473, 8466625, 8466625
230, 8638529, 8466625
253, 9285697, 8466625
900, 109424833, 109424833
999999, 99565, 96
472, 8466721, 8466721
229, 8638625, 8466721
252, 9285793, 8466721
233, 42119457, 8466721
900, 109424929, 109424929
999999, 99489, 189
471, 8466910, 8466910
228, 8638814, 8466910
251, 9285982, 8466910
232, 42119646, 8466910
900, 109425118, 109425118
999999, 99301, 63
900, 109425181, 109425181
999999, 99595, 254
472, 8467227, 8467227
252, 9286299, 8467227
900, 109425435, 109425435
999999, 99342, 49
251, 9286348, 9286348
900, 109425484, 109425484
999999, 99519, 1
250, 9286349, 9286349
900, 109425485, 109425485
999999, 99843, 266
227, 8639447, 8639447
249, 9286615, 9286615
900, 109425751, 109425751
999999, 99578, 87
227, 8639534, 8639534
248, 9286702, 9286702
900, 109425838, 109425838
999999, 99578, 1
227, 8639535, 8639535
247, 9286703, 9286703
900, 109425839, 109425839
999999, 99578, 267
473, 8467898, 8467898
231, 42120634, 8467898
900, 109426106, 109426106
999999, 99564, 48
900, 109426154, 109426154
999999, 99517, 1
900, 109426155, 109426155
999999, 99581, 239
474, 8468186, 8468186
900, 109426394, 109426394
999999, 99343, 50
900, 109426444, 109426444
999999, 99544, 262
246, 9287570, 9287570
900, 109426706, 109426706
999999, 99283, 1
246, 9287571, 9287571
900, 109426707, 109426707
999999, 99342, 326
230, 8640729, 8640729
246, 9287897, 9287897
900, 109427033, 109427033
999999, 99205, 77
230, 8640806, 8640806
246, 9287974, 9287974
900, 109427110, 109427110
999999, 99129, 1
230, 8640807, 8640807
245, 9287975, 9287975
900, 109427111, 109427111
999999, 99183, 221
478, 8469124, 8469124
234, 42121860, 8469124
900, 109427332, 109427332
999999, 99224, 1
478, 8469125, 8469125
234, 42121861, 8469125
900, 109427333, 109427333
999999, 99317, 59
478, 8469184, 8469184
900, 109427392, 109427392
999999, 99259, 1
478, 8469185, 8469185
900, 109427393, 109427393
999999, 99469, 317
478, 8469502, 8469502
900, 109427710, 109427710
999999, 99153, 1
478, 8469503, 8469503
900, 109427711, 109427711
999999, 99259, 13
900, 109427724, 109427724
999999, 99247, 1
900, 109427725, 109427725
999999, 99489, 263
229, 8641684, 8641684
900, 109427988, 109427988
999999, 99562, 82
228, 8641766, 8641766
247, 9288934, 9288934
900, 109428070, 109428070
999999, 99507, 238
246, 9289172, 9289172
900, 109428308, 109428308
999999, 99520, 87
900, 109428395, 109428395
999999, 99434, 257
900, 109428652, 109428652
999999, 99228, 1
900, 109428653, 109428653
999999, 99534, 59
900, 109428712, 109428712
999999, 99484, 1
900, 109428713, 109428713
999999, 99484, 226
900, 109428939, 109428939
999999, 99561, 104
900, 109429043, 109429043
999999, 99458, 243
227, 8642982, 8642982
248, 9290150, 9290150
900, 109429286, 109429286
999999, 99262, 26
483, 8471104, 8471104
900, 109429312, 109429312
999999, 99237, 295
999999, 99175, 74
247, 9290545, 9290545
900, 109429681, 109429681
999999, 99102, 242
246, 9290787, 9290787
900, 109429923, 109429923
999999, 98968, 61
486, 8471776, 8471776
228, 8643680, 8471776
245, 9290848, 8471776
241, 42124512, 8471776
900, 109429984, 109429984
999999, 99162, 1
486, 8471777, 8471777
227, 8643681, 8471777
244, 9290849, 8471777
241, 42124513, 8471777
900, 109429985, 109429985
999999, 99162, 190
485, 8471967, 8471967
226, 8643871, 8471967
243, 9291039, 8471967
240, 42124703, 8471967
900, 109430175, 109430175
999999, 98985, 61
242, 9291100, 9291100
900, 109430236, 109430236
999999, 98925, 1
242, 9291101, 9291101
900, 109430237, 109430237
999999, 99229, 250
900, 109430487, 109430487
999999, 98980, 51
900, 109430538, 109430538
999999, 98938, 1
900, 109430539, 109430539
999999, 98938, 273
225, 8644508, 8644508
900, 109430812, 109430812
999999, 98961, 1
437, 3295239, 3295239
251, 104253447, 3295239
999999, 99015, 90
900, 109430903, 109430903
999999, 98926, 226
900, 109431129, 109431129
999999, 98979, 55
244, 9292048, 9292048
900, 109431184, 109431184
999999, 98925, 267
489, 8473243, 8473243
244, 9292315, 8473243
900, 109431451, 109431451
999999, 98968, 48
243, 9292363, 9292363
900, 109431499, 109431499
999999, 98969, 305
900, 109431804, 109431804
999999, 98665, 1
900, 109431805, 109431805
999999, 98926, 47
999999, 98901, 1
900, 109431853, 109431853
999999, 99195, 217
900, 109432070, 109432070
999999, 98979, 1
900, 109432071, 109432071
999999, 99033, 65
900, 109432136, 109432136
999999, 98969, 1
900, 109432137, 109432137
999999, 99157, 299
900, 109432436, 109432436
999999, 98859, 1
900, 109432437, 109432437
999999, 98953, 45
900, 109432482, 109432482
999999, 98909, 1
900, 109432483, 109432483
999999, 99115, 249
900, 109432732, 109432732
999999, 98941, 1
900, 109432733, 109432733
999999, 99185, 47
900, 109432780, 109432780
999999, 99139, 1
900, 109432781, 109432781
999999, 99205, 268
900, 109433049, 109433049
999999, 98938, 307
900, 109433356, 109433356
999999, 98928, 1
900, 109433357, 109433357
999999, 98928, 53
900, 109433410, 109433410
999999, 98922, 1
900, 109433411, 109433411
999999, 98922, 257
499, 8475460, 8475460
248, 42128196, 8475460
900, 109433668, 109433668
999999, 98904, 1
499, 8475461, 8475461
248, 42128197, 8475461
900, 109433669, 109433669
999999, 98904, 100
900, 109433769, 109433769
999999, 98851, 226
900, 109433995, 109433995
999999, 98626, 61
900, 109434056, 109434056
999999, 98862, 1
900, 109434057, 109434057
999999, 98862, 298
999999, 98575, 14
501, 8476161, 8476161
232, 8648065, 8476161
253, 9295233, 8476161
900, 109434369, 109434369
999999, 98821, 319
501, 8476480, 8476480
231, 8648384, 8476480
252, 9295552, 8476480
900, 109434688, 109434688
999999, 98503, 1
500, 8476481, 8476481
230, 8648385, 8476481
251, 9295553, 8476481
900, 109434689, 109434689
999999, 98611, 255
499, 8476736, 8476736
900, 109434944, 109434944
999999, 98562, 1
498, 8476737, 8476737
900, 109434945, 109434945
999999, 98562, 95
498, 8476832, 8476832
229, 8648736, 8476832
250, 9295904, 8476832
249, 42129568, 8476832
900, 109435040, 109435040
999999, 98569, 1
497, 8476833, 8476833
228, 8648737, 8476833
249, 9295905, 8476833
248, 42129569, 8476833
900, 109435041, 109435041
999999, 98845, 189
496, 8477022, 8477022
227, 8648926, 8477022
248, 9296094, 8477022
247, 42129758, 8477022
900, 109435230, 109435230
999999, 98657, 1
495, 8477023, 8477023
226, 8648927, 8477023
247, 9296095, 8477023
246, 42129759, 8477023
900, 109435231, 109435231
999999, 98711, 95
999999, 98617, 1
493, 8477119, 8477119
245, 9296191, 8477119
900, 109435327, 109435327
999999, 98863, 269
244, 9296460, 9296460
900, 109435596, 109435596
999999, 98595, 270
492, 8477658, 8477658
900, 109435866, 109435866
999999, 98350, 1
491, 8477659, 8477659
900, 109435867, 109435867
999999, 98350, 97
900, 109435964, 109435964
999999, 98560, 1
900, 109435965, 109435965
999999, 98560, 253
490, 8478010, 8478010
244, 9297082, 8478010
245, 42130746, 8478010
900, 109436218, 109436218
999999, 98318, 62
225, 8649976, 8649976
244, 9297144, 9297144
900, 109436280, 109436280
999999, 98257, 228
900, 109436508, 109436508
999999, 98332, 1
900, 109436509, 109436509
999999, 98376, 45
900, 109436554, 109436554
999999, 98562, 348
900, 109436902, 109436902
999999, 98215, 1
900, 109436903, 109436903
999999, 98269, 263
900, 109437166, 109437166
999999, 98007, 1
900, 109437167, 109437167
999999, 98260, 34
900, 109437201, 109437201
999999, 98324, 289
