777777, 950, 3000
238, 9190014, 9190014
368, 75676414, 75676414
950, 109329150, 109329150
999999, 102920, 208
237, 9190222, 9190222
950, 109329358, 109329358
999999, 102713, 1
950, 109329359, 109329359
999999, 102777, 61
950, 109329420, 109329420
999999, 102717, 1
950, 109329421, 109329421
999999, 103015, 269
367, 75676954, 75676954
950, 109329690, 109329690
999999, 102747, 1
366, 75676955, 75676955
950, 109329691, 109329691
999999, 102791, 317
365, 75677272, 75677272
950, 109330008, 109330008
999999, 102475, 1
364, 75677273, 75677273
950, 109330009, 109330009
999999, 102723, 96
363, 75677369, 75677369
950, 109330105, 109330105
999999, 102628, 227
362, 75677596, 75677596
950, 109330332, 109330332
999999, 102448, 1
361, 75677597, 75677597
950, 109330333, 109330333
999999, 102448, 95
360, 75677692, 75677692
950, 109330428, 109330428
999999, 102621, 1
359, 75677693, 75677693
950, 109330429, 109330429
999999, 102927, 201
999999, 102727, 1
357, 75677895, 75677895
950, 109330631, 109330631
999999, 102779, 101
950, 109330732, 109330732
999999, 102679, 1
950, 109330733, 109330733
999999, 102935, 231
950, 109330964, 109330964
999999, 102705, 1
950, 109330965, 109330965
999999, 102804, 99
358, 75678328, 75678328
950, 109331064, 109331064
999999, 102931, 1
357, 75678329, 75678329
950, 109331065, 109331065
999999, 102991, 203
356, 75678532, 75678532
950, 109331268, 109331268
999999, 102789, 1
355, 75678533, 75678533
950, 109331269, 109331269
999999, 103086, 93
354, 75678626, 75678626
950, 109331362, 109331362
999999, 103007, 284
238, 9182398, 9182398
353, 75678910, 75678910
950, 109331646, 109331646
999999, 103042, 1
237, 9182399, 9182399
352, 75678911, 75678911
950, 109331647, 109331647
999999, 103042, 55
950, 109331702, 109331702
999999, 103242, 1
950, 109331703, 109331703
999999, 103242, 262
352, 75679229, 75679229
950, 109331965, 109331965
999999, 103075, 45
241, 9192874, 9192874
950, 109332010, 109332010
999999, 103031, 1
241, 9192875, 9192875
950, 109332011, 109332011
999999, 103219, 238
241, 9193113, 9193113
354, 75679513, 75679513
950, 109332249, 109332249
999999, 102982, 81
950, 109332330, 109332330
999999, 102996, 1
950, 109332331, 109332331
999999, 102996, 278
245, 9183361, 9183361
353, 75679873, 75679873
950, 109332609, 109332609
999999, 102987, 265
950, 109332874, 109332874
999999, 102992, 1
950, 109332875, 109332875
999999, 102992, 61
950, 109332936, 109332936
999999, 103028, 301
950, 109333237, 109333237
999999, 102728, 311
950, 109333548, 109333548
999999, 102670, 54
244, 9184354, 9184354
353, 75680866, 75680866
950, 109333602, 109333602
999999, 102678, 262
243, 75519336, 75519336
950, 109333864, 109333864
999999, 102644, 1
242, 75519337, 75519337
950, 109333865, 109333865
999999, 102644, 55
238, 8416160, 8416160
243, 9184672, 9184672
245, 9194784, 9194784
241, 75519392, 9194784
352, 75681184, 75681184
950, 109333920, 109333920
999999, 102634, 1
237, 8416161, 8416161
242, 9184673, 9184673
244, 9194785, 9194785
241, 75519393, 9194785
351, 75681185, 75681185
950, 109333921, 109333921
999999, 102981, 189
241, 9184862, 9184862
243, 9194974, 9194974
241, 75519582, 9194974
350, 75681374, 75681374
950, 109334110, 109334110
999999, 102793, 48
242, 9195022, 9195022
950, 109334158, 109334158
999999, 103008, 1
241, 9195023, 9195023
950, 109334159, 109334159
999999, 103008, 303
240, 9185214, 9185214
240, 9195326, 9195326
349, 75681726, 75681726
950, 109334462, 109334462
999999, 102739, 15
239, 9195341, 9195341
950, 109334477, 109334477
999999, 103013, 272
238, 9195613, 9195613
349, 75682013, 75682013
950, 109334749, 109334749
999999, 102803, 54
237, 9195667, 9195667
246, 75520275, 75520275
950, 109334803, 109334803
999999, 103019, 257
950, 109335060, 109335060
999999, 102763, 96
950, 109335156, 109335156
999999, 102689, 230
248, 75520858, 75520858
349, 75682650, 75682650
950, 109335386, 109335386
999999, 102755, 1
248, 75520859, 75520859
348, 75682651, 75682651
950, 109335387, 109335387
999999, 102774, 98
347, 75682749, 75682749
950, 109335485, 109335485
999999, 102927, 262
346, 75683011, 75683011
950, 109335747, 109335747
999999, 102666, 265
950, 109336012, 109336012
999999, 102456, 1
950, 109336013, 109336013
999999, 102456, 101
950, 109336114, 109336114
999999, 102645, 1
950, 109336115, 109336115
999999, 102705, 207
347, 75683586, 75683586
950, 109336322, 109336322
999999, 102499, 1
346, 75683587, 75683587
950, 109336323, 109336323
999999, 102729, 95
345, 75683682, 75683682
950, 109336418, 109336418
999999, 102635, 1
345, 75683683, 75683683
950, 109336419, 109336419
999999, 102690, 296
950, 109336715, 109336715
999999, 102690, 292
950, 109337007, 109337007
999999, 102451, 20
239, 9187779, 9187779
344, 75684291, 75684291
950, 109337027, 109337027
999999, 102432, 277
343, 75684568, 75684568
950, 109337304, 109337304
999999, 102428, 1
506, 26499831, 26499831
999999, 102428, 44
341, 75684613, 75684613
950, 109337349, 109337349
999999, 102429, 307
340, 75684920, 75684920
950, 109337656, 109337656
999999, 102123, 1
339, 75684921, 75684921
950, 109337657, 109337657
999999, 102379, 55
950, 109337712, 109337712
999999, 102325, 1
950, 109337713, 109337713
999999, 102383, 219
950, 109337932, 109337932
999999, 102165, 1
950, 109337933, 109337933
999999, 102353, 55
342, 75685252, 75685252
950, 109337988, 109337988
999999, 102299, 1
341, 75685253, 75685253
950, 109337989, 109337989
999999, 102357, 303
950, 109338292, 109338292
999999, 102306, 1
950, 109338293, 109338293
999999, 102393, 319
950, 109338612, 109338612
999999, 102075, 1
950, 109338613, 109338613
999999, 102305, 47
269, 75524132, 75524132
340, 75685924, 75685924
950, 109338660, 109338660
999999, 102259, 1
269, 75524133, 75524133
339, 75685925, 75685925
950, 109338661, 109338661
999999, 102311, 253
247, 9199778, 9199778
338, 75686178, 75686178
950, 109338914, 109338914
999999, 102059, 62
242, 9189728, 9189728
247, 9199840, 9199840
270, 75524448, 75524448
337, 75686240, 75686240
950, 109338976, 109338976
999999, 102258, 1
241, 9189729, 9189729
246, 9199841, 9199841
270, 75524449, 75524449
337, 75686241, 75686241
950, 109338977, 109338977
999999, 102345, 189
240, 9189918, 9189918
245, 9200030, 9200030
270, 75524638, 75524638
336, 75686430, 75686430
950, 109339166, 109339166
999999, 102433, 56
950, 109339222, 109339222
999999, 102438, 296
999999, 102397, 1
243, 9200383, 9200383
271, 75524991, 75524991
336, 75686783, 75686783
950, 109339519, 109339519
999999, 102405, 7
335, 75686790, 75686790
950, 109339526, 109339526
999999, 102696, 278
242, 9200668, 9200668
334, 75687068, 75687068
950, 109339804, 109339804
999999, 102419, 1
241, 9200669, 9200669
333, 75687069, 75687069
950, 109339805, 109339805
999999, 102437, 94
274, 75525371, 75525371
332, 75687163, 75687163
950, 109339899, 109339899
999999, 102344, 209
240, 9200972, 9200972
950, 109340108, 109340108
999999, 102426, 1
239, 9200973, 9200973
950, 109340109, 109340109
999999, 102426, 67
950, 109340176, 109340176
999999, 102432, 358
950, 109340534, 109340534
999999, 102075, 1
950, 109340535, 109340535
999999, 102304, 281
950, 109340816, 109340816
999999, 102085, 298
334, 75688378, 75688378
950, 109341114, 109341114
999999, 102046, 1
333, 75688379, 75688379
950, 109341115, 109341115
999999, 102123, 21
950, 109341136, 109341136
999999, 102103, 290
950, 109341426, 109341426
999999, 102040, 1
950, 109341427, 109341427
999999, 102040, 49
332, 75688740, 75688740
950, 109341476, 109341476
999999, 102350, 1
331, 75688741, 75688741
950, 109341477, 109341477
999999, 102363, 241
950, 109341718, 109341718
999999, 102123, 1
950, 109341719, 109341719
999999, 102389, 95
950, 109341814, 109341814
999999, 102295, 226
330, 75689304, 75689304
950, 109342040, 109342040
999999, 102128, 1
329, 75689305, 75689305
950, 109342041, 109342041
999999, 102128, 77
328, 75689382, 75689382
950, 109342118, 109342118
999999, 102336, 1
327, 75689383, 75689383
950, 109342119, 109342119
999999, 102673, 278
326, 75689661, 75689661
950, 109342397, 109342397
999999, 102404, 45
950, 109342442, 109342442
999999, 102663, 1
950, 109342443, 109342443
999999, 102709, 265
950, 109342708, 109342708
999999, 102445, 52
245, 9203624, 9203624
950, 109342760, 109342760
999999, 102582, 236
950, 109342996, 109342996
999999, 102347, 60
950, 109343056, 109343056
999999, 102349, 1
950, 109343057, 109343057
999999, 102601, 281
950, 109343338, 109343338
999999, 102364, 22
246, 9204224, 9204224
284, 75528832, 75528832
331, 75690624, 75690624
950, 109343360, 109343360
999999, 102343, 1
245, 9204225, 9204225
283, 75528833, 75528833
331, 75690625, 75690625
950, 109343361, 109343361
999999, 102653, 311
331, 75690936, 75690936
950, 109343672, 109343672
999999, 102343, 8
244, 9204544, 9204544
282, 75529152, 75529152
330, 75690944, 75690944
950, 109343680, 109343680
999999, 102343, 1
243, 9204545, 9204545
281, 75529153, 75529153
329, 75690945, 75690945
950, 109343681, 109343681
999999, 102616, 256
242, 9204801, 9204801
281, 75529409, 75529409
328, 75691201, 75691201
950, 109343937, 109343937
999999, 102407, 285
237, 8426462, 8426462
247, 9194974, 9194974
241, 9205086, 9194974
281, 75529694, 75529694
327, 75691486, 75691486
950, 109344222, 109344222
999999, 102123, 1
237, 8426463, 8426463
247, 9194975, 9194975
241, 9205087, 9194975
281, 75529695, 75529695
327, 75691487, 75691487
950, 109344223, 109344223
999999, 102395, 55
950, 109344278, 109344278
999999, 102341, 1
950, 109344279, 109344279
999999, 102383, 247
950, 109344526, 109344526
999999, 102137, 1
950, 109344527, 109344527
999999, 102431, 67
243, 9205458, 9205458
950, 109344594, 109344594
999999, 102365, 1
242, 9205459, 9205459
950, 109344595, 109344595
999999, 102385, 265
247, 9195612, 9195612
329, 75692124, 75692124
950, 109344860, 109344860
999999, 102121, 1
246, 9195613, 9195613
329, 75692125, 75692125
950, 109344861, 109344861
999999, 102429, 93
329, 75692218, 75692218
950, 109344954, 109344954
999999, 102337, 1
329, 75692219, 75692219
950, 109344955, 109344955
999999, 102345, 251
950, 109345206, 109345206
999999, 102095, 1
950, 109345207, 109345207
999999, 102347, 287
241, 9206358, 9206358
950, 109345494, 109345494
999999, 102123, 1
240, 9206359, 9206359
950, 109345495, 109345495
999999, 102406, 51
239, 9206410, 9206410
950, 109345546, 109345546
999999, 102448, 258
950, 109345804, 109345804
999999, 102406, 94
239, 8428138, 8428138
950, 109345898, 109345898
999999, 102313, 1
238, 8428139, 8428139
950, 109345899, 109345899
999999, 102361, 334
333, 75693497, 75693497
950, 109346233, 109346233
999999, 102028, 215
237, 8428688, 8428688
950, 109346448, 109346448
999999, 102082, 1
950, 109346449, 109346449
999999, 102082, 47
332, 75693760, 75693760
950, 109346496, 109346496
999999, 102124, 1
331, 75693761, 75693761
950, 109346497, 109346497
999999, 102124, 317
330, 75694078, 75694078
950, 109346814, 109346814
999999, 102026, 1
999999, 102121, 315
328, 75694394, 75694394
950, 109347130, 109347130
999999, 102032, 22
245, 9197904, 9197904
950, 109347152, 109347152
999999, 102011, 1
244, 9197905, 9197905
950, 109347153, 109347153
999999, 102114, 297
327, 75694714, 75694714
950, 109347450, 109347450
999999, 102075, 10
326, 75694724, 75694724
950, 109347460, 109347460
999999, 102388, 1
325, 75694725, 75694725
950, 109347461, 109347461
999999, 102388, 351
241, 9208676, 9208676
283, 75533284, 75533284
950, 109347812, 109347812
999999, 102078, 267
245, 9198831, 9198831
241, 9208943, 9198831
950, 109348079, 109348079
999999, 101812, 25
244, 9198856, 9198856
950, 109348104, 109348104
999999, 102048, 1
243, 9198857, 9198857
950, 109348105, 109348105
999999, 102048, 347
283, 75533924, 75533924
950, 109348452, 109348452
999999, 101756, 1
283, 75533925, 75533925
950, 109348453, 109348453
999999, 101756, 283
245, 9199488, 9199488
243, 9209600, 9199488
950, 109348736, 109348736
999999, 101662, 297
999999, 101366, 55
264, 26511615, 26511615
999999, 101358, 1
245, 9199841, 9199841
243, 9209953, 9199841
284, 75534561, 75534561
328, 75696353, 75696353
950, 109349089, 109349089
999999, 101625, 189
244, 9200030, 9200030
242, 9210142, 9200030
283, 75534750, 75534750
327, 75696542, 75696542
950, 109349278, 109349278
999999, 101495, 1
244, 9200031, 9200031
241, 9210143, 9200031
283, 75534751, 75534751
327, 75696543, 75696543
950, 109349279, 109349279
999999, 101755, 55
950, 109349334, 109349334
999999, 101701, 1
950, 109349335, 109349335
999999, 101791, 261
240, 9210460, 9210460
327, 75696860, 75696860
950, 109349596, 109349596
999999, 101531, 83
950, 109349679, 109349679
999999, 101661, 232
950, 109349911, 109349911
999999, 101430, 65
950, 109349976, 109349976
999999, 101425, 1
950, 109349977, 109349977
999999, 101759, 238
326, 75697479, 75697479
950, 109350215, 109350215
999999, 101522, 62
325, 75697541, 75697541
950, 109350277, 109350277
999999, 101697, 265
246, 9201294, 9201294
950, 109350542, 109350542
999999, 101433, 96
950, 109350638, 109350638
999999, 101444, 1
950, 109350639, 109350639
999999, 101444, 227
285, 75536338, 75536338
950, 109350866, 109350866
999999, 101480, 48
950, 109350914, 109350914
999999, 101433, 1
950, 109350915, 109350915
999999, 101482, 265
950, 109351180, 109351180
999999, 101478, 1
950, 109351181, 109351181
999999, 101478, 93
950, 109351274, 109351274
999999, 101399, 1
950, 109351275, 109351275
999999, 101668, 229
950, 109351504, 109351504
999999, 101534, 1
950, 109351505, 109351505
999999, 101534, 83
284, 75537060, 75537060
950, 109351588, 109351588
999999, 101670, 1
283, 75537061, 75537061
950, 109351589, 109351589
999999, 101670, 245
241, 9212698, 9212698
282, 75537306, 75537306
950, 109351834, 109351834
999999, 101534, 1
240, 9212699, 9212699
281, 75537307, 75537307
950, 109351835, 109351835
999999, 101853, 47
239, 9212746, 9212746
950, 109351882, 109351882
999999, 101807, 1
238, 9212747, 9212747
950, 109351883, 109351883
999999, 102055, 255
950, 109352138, 109352138
999999, 101801, 106
950, 109352244, 109352244
999999, 101709, 1
950, 109352245, 109352245
999999, 101987, 261
328, 75699770, 75699770
950, 109352506, 109352506
999999, 101727, 44
950, 109352550, 109352550
999999, 101731, 1
950, 109352551, 109352551
999999, 102021, 267
950, 109352818, 109352818
999999, 101808, 1
950, 109352819, 109352819
999999, 101808, 53
250, 9203624, 9203624
281, 75538344, 75538344
950, 109352872, 109352872
999999, 102028, 1
250, 9203625, 9203625
280, 75538345, 75538345
950, 109352873, 109352873
999999, 102028, 261
241, 9213998, 9213998
279, 75538606, 75538606
950, 109353134, 109353134
999999, 101812, 1
241, 9213999, 9213999
278, 75538607, 75538607
950, 109353135, 109353135
999999, 101812, 59
950, 109353194, 109353194
999999, 102022, 1
999999, 102022, 265
999999, 101805, 1
950, 109353461, 109353461
999999, 101993, 45
245, 9214370, 9214370
279, 75538978, 75538978
329, 75700770, 75700770
950, 109353506, 109353506
999999, 102010, 1
245, 9214371, 9214371
278, 75538979, 75538979
328, 75700771, 75700771
950, 109353507, 109353507
999999, 102010, 237
277, 75539216, 75539216
950, 109353744, 109353744
999999, 102014, 82
245, 9214690, 9214690
276, 75539298, 75539298
328, 75701090, 75701090
950, 109353826, 109353826
999999, 102264, 1
244, 9214691, 9214691
275, 75539299, 75539299
328, 75701091, 75701091
950, 109353827, 109353827
999999, 102264, 255
274, 75539554, 75539554
327, 75701346, 75701346
950, 109354082, 109354082
999999, 102100, 1
273, 75539555, 75539555
326, 75701347, 75701347
950, 109354083, 109354083
999999, 102100, 61
255, 9204896, 9204896
243, 9215008, 9204896
272, 75539616, 75539616
325, 75701408, 75701408
950, 109354144, 109354144
999999, 102265, 1
254, 9204897, 9204897
242, 9215009, 9204897
271, 75539617, 75539617
324, 75701409, 75701409
950, 109354145, 109354145
999999, 102319, 189
253, 9205086, 9205086
241, 9215198, 9205086
270, 75539806, 75539806
323, 75701598, 75701598
950, 109354334, 109354334
999999, 102131, 1
252, 9205087, 9205087
240, 9215199, 9205087
269, 75539807, 75539807
323, 75701599, 75701599
950, 109354335, 109354335
999999, 102431, 61
239, 9215260, 9215260
268, 75539868, 75539868
323, 75701660, 75701660
950, 109354396, 109354396
999999, 102371, 1
238, 9215261, 9215261
267, 75539869, 75539869
322, 75701661, 75701661
950, 109354397, 109354397
999999, 102389, 249
950, 109354646, 109354646
999999, 102389, 1
950, 109354647, 109354647
999999, 102485, 99
321, 75702010, 75702010
950, 109354746, 109354746
999999, 102387, 1
320, 75702011, 75702011
950, 109354747, 109354747
999999, 102607, 211
251, 9205710, 9205710
239, 9215822, 9205710
950, 109354958, 109354958
999999, 102397, 1
250, 9205711, 9205711
238, 9215823, 9205711
950, 109354959, 109354959
999999, 102451, 55
319, 75702278, 75702278
950, 109355014, 109355014
999999, 102688, 297
950, 109355311, 109355311
999999, 102392, 55
950, 109355366, 109355366
999999, 102396, 240
249, 9206358, 9206358
237, 9216470, 9206358
266, 75541078, 75541078
950, 109355606, 109355606
999999, 102157, 1
248, 9206359, 9206359
265, 75541079, 75541079
950, 109355607, 109355607
999999, 102439, 102
950, 109355709, 109355709
999999, 102349, 253
320, 75703226, 75703226
950, 109355962, 109355962
999999, 102400, 1
320, 75703227, 75703227
950, 109355963, 109355963
999999, 102400, 319
319, 75703546, 75703546
950, 109356282, 109356282
999999, 102088, 10
318, 75703556, 75703556
950, 109356292, 109356292
999999, 102079, 1
317, 75703557, 75703557
950, 109356293, 109356293
999999, 102343, 254
950, 109356547, 109356547
999999, 102090, 61
950, 109356608, 109356608
999999, 102097, 1
950, 109356609, 109356609
999999, 102391, 281
264, 75542362, 75542362
950, 109356890, 109356890
999999, 102111, 50
950, 109356940, 109356940
999999, 102108, 1
950, 109356941, 109356941
999999, 102344, 301
317, 75704506, 75704506
950, 109357242, 109357242
999999, 102090, 1
999999, 102439, 43
950, 109357286, 109357286
999999, 102397, 1
950, 109357287, 109357287
999999, 102661, 278
999999, 102384, 47
250, 9208364, 9208364
264, 75543084, 75543084
950, 109357612, 109357612
999999, 102390, 1
250, 9208365, 9208365
263, 75543085, 75543085
950, 109357613, 109357613
999999, 102390, 219
950, 109357832, 109357832
999999, 102392, 1
950, 109357833, 109357833
999999, 102392, 95
950, 109357928, 109357928
999999, 102392, 1
950, 109357929, 109357929
999999, 102581, 275
950, 109358204, 109358204
999999, 102362, 1
950, 109358205, 109358205
999999, 102362, 47
251, 9209004, 9209004
241, 9219116, 9209004
266, 75543724, 75543724
950, 109358252, 109358252
999999, 102618, 1
250, 9209005, 9209005
240, 9219117, 9209005
265, 75543725, 75543725
950, 109358253, 109358253
999999, 102618, 309
239, 9219426, 9219426
320, 75705826, 75705826
950, 109358562, 109358562
999999, 102584, 320
320, 75706146, 75706146
950, 109358882, 109358882
999999, 102265, 258
249, 9209892, 9209892
264, 75544612, 75544612
950, 109359140, 109359140
999999, 102105, 1
248, 9209893, 9209893
263, 75544613, 75544613
950, 109359141, 109359141
999999, 102309, 249
247, 9210142, 9210142
239, 9220254, 9210142
262, 75544862, 75544862
319, 75706654, 75706654
950, 109359390, 109359390
999999, 102061, 60
246, 9210202, 9210202
262, 75544922, 75544922
950, 109359450, 109359450
999999, 102062, 1
245, 9210203, 9210203
262, 75544923, 75544923
950, 109359451, 109359451
999999, 102062, 244
238, 9220559, 9220559
950, 109359695, 109359695
999999, 102128, 69
950, 109359764, 109359764
999999, 102120, 1
950, 109359765, 109359765
999999, 102120, 249
237, 9220878, 9220878
950, 109360014, 109360014
999999, 102078, 110
950, 109360124, 109360124
999999, 101969, 1
950, 109360125, 109360125
999999, 102069, 214
245, 9211091, 9211091
265, 75545811, 75545811
950, 109360339, 109360339
999999, 101856, 87
950, 109360426, 109360426
999999, 101984, 1
950, 109360427, 109360427
999999, 101984, 290
950, 109360717, 109360717
999999, 101797, 253
950, 109360970, 109360970
999999, 101545, 106
950, 109361076, 109361076
999999, 101660, 1
950, 109361077, 109361077
999999, 101743, 215
268, 75546764, 75546764
950, 109361292, 109361292
999999, 101529, 1
267, 75546765, 75546765
950, 109361293, 109361293
999999, 101769, 67
266, 75546832, 75546832
950, 109361360, 109361360
999999, 101703, 1
266, 75546833, 75546833
950, 109361361, 109361361
999999, 101797, 243
321, 75708868, 75708868
950, 109361604, 109361604
999999, 101555, 1
320, 75708869, 75708869
950, 109361605, 109361605
999999, 101779, 338
950, 109361943, 109361943
999999, 101744, 96
950, 109362039, 109362039
999999, 101721, 226
950, 109362265, 109362265
999999, 101496, 77
950, 109362342, 109362342
999999, 101697, 1
950, 109362343, 109362343
999999, 101755, 276
319, 75709883, 75709883
950, 109362619, 109362619
999999, 101725, 49
246, 9213420, 9213420
266, 75548140, 75548140
950, 109362668, 109362668
999999, 101732, 1
245, 9213421, 9213421
265, 75548141, 75548141
950, 109362669, 109362669
999999, 101732, 213
264, 75548354, 75548354
950, 109362882, 109362882
999999, 101810, 110
243, 42704688, 42704688
263, 75548464, 75548464
950, 109362992, 109362992
999999, 101701, 1
999999, 101983, 254
244, 9213999, 9213999
950, 109363247, 109363247
999999, 101730, 329
244, 9214328, 9214328
318, 75710840, 75710840
950, 109363576, 109363576
999999, 101482, 1
243, 9214329, 9214329
317, 75710841, 75710841
950, 109363577, 109363577
999999, 101743, 41
242, 9214370, 9214370
316, 75710882, 75710882
950, 109363618, 109363618
999999, 101703, 1
242, 9214371, 9214371
316, 75710883, 75710883
950, 109363619, 109363619
999999, 101757, 225
242, 9214596, 9214596
316, 75711108, 75711108
950, 109363844, 109363844
999999, 101533, 94
242, 9214690, 9214690
316, 75711202, 75711202
950, 109363938, 109363938
999999, 101629, 1
999999, 101687, 222
240, 9214913, 9214913
950, 109364161, 109364161
999999, 101466, 95
239, 9215008, 9215008
248, 42705952, 42705952
266, 75549728, 75549728
316, 75711520, 75711520
950, 109364256, 109364256
999999, 101622, 1
238, 9215009, 9215009
248, 42705953, 42705953
265, 75549729, 75549729
315, 75711521, 75711521
950, 109364257, 109364257
999999, 101622, 190
237, 9215199, 9215199
247, 42706143, 42706143
264, 75549919, 75549919
314, 75711711, 75711711
950, 109364447, 109364447
999999, 101483, 61
313, 75711772, 75711772
950, 109364508, 109364508
999999, 101423, 1
312, 75711773, 75711773
950, 109364509, 109364509
999999, 101695, 254
263, 75550235, 75550235
950, 109364763, 109364763
999999, 101442, 91
950, 109364854, 109364854
999999, 101432, 320
950, 109365174, 109365174
999999, 101113, 1
999999, 101327, 225
950, 109365400, 109365400
999999, 101103, 1
950, 109365401, 109365401
999999, 101197, 55
950, 109365456, 109365456
999999, 101383, 1
950, 109365457, 109365457
999999, 101469, 265
950, 109365722, 109365722
999999, 101205, 44
311, 75713030, 75713030
950, 109365766, 109365766
999999, 101382, 1
310, 75713031, 75713031
950, 109365767, 109365767
999999, 101475, 304
950, 109366071, 109366071
999999, 101172, 13
309, 75713348, 75713348
950, 109366084, 109366084
999999, 101379, 1
308, 75713349, 75713349
950, 109366085, 109366085
999999, 101491, 261
950, 109366346, 109366346
999999, 101231, 1
950, 109366347, 109366347
999999, 101474, 106
950, 109366453, 109366453
999999, 101427, 253
950, 109366706, 109366706
999999, 101175, 63
950, 109366769, 109366769
999999, 101350, 235
307, 75714268, 75714268
950, 109367004, 109367004
999999, 101210, 1
306, 75714269, 75714269
950, 109367005, 109367005
999999, 101210, 45
950, 109367050, 109367050
999999, 101427, 1
950, 109367051, 109367051
999999, 101745, 251
305, 75714566, 75714566
950, 109367302, 109367302
999999, 101495, 1
304, 75714567, 75714567
950, 109367303, 109367303
999999, 101500, 319
303, 75714886, 75714886
950, 109367622, 109367622
999999, 101484, 114
302, 75715000, 75715000
950, 109367736, 109367736
999999, 101371, 1
301, 75715001, 75715001
950, 109367737, 109367737
999999, 101417, 215
950, 109367952, 109367952
999999, 101203, 1
950, 109367953, 109367953
999999, 101469, 95
950, 109368048, 109368048
999999, 101396, 1
950, 109368049, 109368049
999999, 101396, 225
263, 75553746, 75553746
950, 109368274, 109368274
999999, 101425, 1
262, 75553747, 75553747
950, 109368275, 109368275
999999, 101743, 89
261, 75553836, 75553836
950, 109368364, 109368364
999999, 101655, 1
260, 75553837, 75553837
950, 109368365, 109368365
999999, 101755, 249
950, 109368614, 109368614
999999, 101771, 1
950, 109368615, 109368615
999999, 101818, 285
304, 75716164, 75716164
950, 109368900, 109368900
999999, 101722, 1
304, 75716165, 75716165
950, 109368901, 109368901
999999, 101722, 99
262, 75554472, 75554472
950, 109369000, 109369000
999999, 101671, 216
950, 109369216, 109369216
999999, 101724, 1
950, 109369217, 109369217
999999, 101724, 95
271, 42711008, 42711008
261, 75554784, 42711008
303, 75716576, 75716576
950, 109369312, 109369312
999999, 101718, 1
270, 42711009, 42711009
260, 75554785, 42711009
302, 75716577, 75716577
950, 109369313, 109369313
999999, 101718, 189
270, 42711198, 42711198
259, 75554974, 42711198
301, 75716766, 75716766
950, 109369502, 109369502
999999, 101758, 1
270, 42711199, 42711199
258, 75554975, 42711199
300, 75716767, 75716767
950, 109369503, 109369503
999999, 101758, 59
950, 109369562, 109369562
999999, 101744, 1
950, 109369563, 109369563
999999, 101744, 257
300, 75717084, 75717084
950, 109369820, 109369820
999999, 101800, 43
300, 75717127, 75717127
950, 109369863, 109369863
999999, 101758, 278
299, 75717405, 75717405
950, 109370141, 109370141
999999, 101745, 81
950, 109370222, 109370222
999999, 101665, 1
950, 109370223, 109370223
999999, 101725, 227
259, 75555922, 75555922
950, 109370450, 109370450
999999, 101499, 62
950, 109370512, 109370512
999999, 101738, 1
950, 109370513, 109370513
999999, 101759, 261
950, 109370774, 109370774
999999, 101499, 1
950, 109370775, 109370775
999999, 101797, 62
950, 109370837, 109370837
999999, 101736, 293
300, 75718394, 75718394
950, 109371130, 109371130
999999, 101450, 1
300, 75718395, 75718395
950, 109371131, 109371131
999999, 101450, 49
999999, 101757, 1
257, 75556653, 75556653
950, 109371181, 109371181
999999, 101994, 271
256, 75556924, 75556924
950, 109371452, 109371452
999999, 101818, 1
255, 75556925, 75556925
950, 109371453, 109371453
999999, 101818, 303
254, 75557228, 75557228
950, 109371756, 109371756
999999, 101777, 1
253, 75557229, 75557229
950, 109371757, 109371757
999999, 101781, 53
252, 75557282, 75557282
299, 75719074, 75719074
950, 109371810, 109371810
999999, 102036, 1
251, 75557283, 75557283
298, 75719075, 75719075
950, 109371811, 109371811
999999, 102036, 243
250, 75557526, 75557526
950, 109372054, 109372054
999999, 102110, 1
249, 75557527, 75557527
950, 109372055, 109372055
999999, 102110, 61
275, 42713812, 42713812
248, 75557588, 42713812
950, 109372116, 109372116
999999, 102095, 1
274, 42713813, 42713813
247, 75557589, 42713813
950, 109372117, 109372117
999999, 102333, 289
237, 9233270, 9233270
246, 75557878, 75557878
950, 109372406, 109372406
999999, 102045, 1
237, 9233271, 9233271
245, 75557879, 75557879
950, 109372407, 109372407
999999, 102092, 52
274, 42714155, 42714155
244, 75557931, 42714155
950, 109372459, 109372459
999999, 102349, 320
478, 109372778, 109372778
999999, 102030, 215
243, 75558466, 75558466
950, 109372994, 109372994
999999, 101859, 1
242, 75558467, 75558467
950, 109372995, 109372995
999999, 102085, 109
241, 75558576, 75558576
950, 109373104, 109373104
999999, 101977, 1
241, 75558577, 75558577
950, 109373105, 109373105
999999, 102067, 265
241, 75558842, 75558842
300, 75720634, 75720634
950, 109373370, 109373370
999999, 101803, 63
240, 75558905, 75558905
299, 75720697, 75720697
950, 109373433, 109373433
999999, 102007, 244
999999, 101764, 19
239, 75559168, 75559168
950, 109373696, 109373696
999999, 101793, 309
950, 109374005, 109374005
999999, 101673, 12
237, 9234881, 9234881
240, 75559489, 75559489
950, 109374017, 109374017
999999, 101662, 304
237, 9235185, 9235185
239, 75559793, 75559793
950, 109374321, 109374321
999999, 101405, 47
237, 9235232, 9235232
277, 42716064, 42716064
238, 75559840, 42716064
301, 75721632, 75721632
950, 109374368, 109374368
999999, 101628, 1
237, 9235233, 9235233
277, 42716065, 42716065
237, 75559841, 42716065
300, 75721633, 75721633
950, 109374369, 109374369
999999, 101628, 190
277, 42716255, 42716255
300, 75721823, 75721823
950, 109374559, 109374559
999999, 101531, 96
950, 109374655, 109374655
999999, 101436, 221
300, 75722140, 75722140
950, 109374876, 109374876
999999, 101530, 1
299, 75722141, 75722141
950, 109374877, 109374877
999999, 101530, 89
950, 109374966, 109374966
999999, 101688, 1
950, 109374967, 109374967
999999, 101984, 227
950, 109375194, 109375194
999999, 101844, 1
950, 109375195, 109375195
999999, 102065, 43
298, 75722502, 75722502
950, 109375238, 109375238
999999, 102023, 304
950, 109375542, 109375542
999999, 101826, 1
950, 109375543, 109375543
999999, 101826, 59
950, 109375602, 109375602
999999, 101978, 1
950, 109375603, 109375603
999999, 101978, 234
297, 75723101, 75723101
950, 109375837, 109375837
999999, 101845, 54
950, 109375891, 109375891
999999, 101792, 243
296, 75723398, 75723398
950, 109376134, 109376134
999999, 101770, 1
295, 75723399, 75723399
950, 109376135, 109376135
999999, 101818, 101
950, 109376236, 109376236
999999, 101998, 1
950, 109376237, 109376237
999999, 101998, 217
238, 9237318, 9237318
294, 75723718, 75723718
950, 109376454, 109376454
999999, 101824, 115
475, 109376568, 109376568
999999, 101710, 207
950, 109376776, 109376776
999999, 101763, 96
950, 109376872, 109376872
999999, 101724, 1
950, 109376873, 109376873
999999, 101724, 229
950, 109377102, 109377102
999999, 101793, 1
950, 109377103, 109377103
999999, 101853, 351
950, 109377454, 109377454
999999, 101503, 75
294, 75724793, 75724793
950, 109377529, 109377529
999999, 101681, 205
293, 75724998, 75724998
950, 109377734, 109377734
999999, 101477, 1
292, 75724999, 75724999
950, 109377735, 109377735
999999, 101537, 107
950, 109377842, 109377842
999999, 101431, 1
950, 109377843, 109377843
999999, 101705, 257
950, 109378100, 109378100
999999, 101449, 1
950, 109378101, 109378101
999999, 101503, 47
237, 9239012, 9239012
950, 109378148, 109378148
999999, 101457, 238
950, 109378386, 109378386
999999, 101478, 306
291, 75725956, 75725956
950, 109378692, 109378692
999999, 101173, 1
290, 75725957, 75725957
950, 109378693, 109378693
999999, 101179, 99
950, 109378792, 109378792
999999, 101081, 1
950, 109378793, 109378793
999999, 101386, 219
289, 75726276, 75726276
950, 109379012, 109379012
999999, 101220, 1
288, 75726277, 75726277
950, 109379013, 109379013
999999, 101220, 99
950, 109379112, 109379112
999999, 101336, 264
241, 9240240, 9240240
950, 109379376, 109379376
999999, 101073, 1
241, 9240241, 9240241
950, 109379377, 109379377
999999, 101168, 48
999999, 101309, 189
241, 9240478, 9240478
280, 42721310, 42721310
288, 75726878, 75726878
950, 109379614, 109379614
999999, 101216, 62
279, 42721372, 42721372
287, 75726940, 75726940
950, 109379676, 109379676
999999, 101362, 1
278, 42721373, 42721373
286, 75726941, 75726941
950, 109379677, 109379677
999999, 101362, 249
277, 42721622, 42721622
950, 109379926, 109379926
999999, 101187, 66
276, 42721688, 42721688
285, 75727256, 75727256
950, 109379992, 109379992
999999, 101366, 1
275, 42721689, 42721689
284, 75727257, 75727257
950, 109379993, 109379993
999999, 101366, 253
274, 42721942, 42721942
950, 109380246, 109380246
999999, 101182, 1
273, 42721943, 42721943
950, 109380247, 109380247
999999, 101182, 88
242, 9241199, 9241199
272, 42722031, 42722031
950, 109380335, 109380335
999999, 101339, 227
241, 9241426, 9241426
271, 42722258, 42722258
950, 109380562, 109380562
999999, 101113, 1
241, 9241427, 9241427
270, 42722259, 42722259
950, 109380563, 109380563
999999, 101203, 97
269, 42722356, 42722356
950, 109380660, 109380660
999999, 101346, 218
268, 42722574, 42722574
950, 109380878, 109380878
999999, 101129, 1
267, 42722575, 42722575
950, 109380879, 109380879
999999, 101445, 55
266, 42722630, 42722630
283, 75728198, 75728198
950, 109380934, 109380934
999999, 101476, 1
999999, 101476, 270
264, 42722901, 42722901
950, 109381205, 109381205
999999, 101479, 85
242, 9242154, 9242154
263, 42722986, 42722986
950, 109381290, 109381290
999999, 101395, 1
241, 9242155, 9242155
262, 42722987, 42722987
950, 109381291, 109381291
999999, 101435, 274
261, 42723261, 42723261
281, 75728829, 75728829
950, 109381565, 109381565
999999, 101423, 45
260, 42723306, 42723306
950, 109381610, 109381610
999999, 101379, 1
999999, 101398, 252
258, 42723559, 42723559
280, 75729127, 75729127
950, 109381863, 109381863
999999, 101416, 26
257, 42723585, 42723585
279, 75729153, 75729153
950, 109381889, 109381889
999999, 101451, 269
256, 42723854, 42723854
950, 109382158, 109382158
999999, 101183, 1
255, 42723855, 42723855
950, 109382159, 109382159
999999, 101483, 59
254, 42723914, 42723914
950, 109382218, 109382218
999999, 101434, 1
253, 42723915, 42723915
950, 109382219, 109382219
999999, 101434, 300
252, 42724215, 42724215
950, 109382519, 109382519
999999, 101409, 17
251, 42724232, 42724232
950, 109382536, 109382536
999999, 101393, 1
250, 42724233, 42724233
950, 109382537, 109382537
999999, 101484, 271
249, 42724504, 42724504
281, 75730072, 75730072
950, 109382808, 109382808
999999, 101460, 1
248, 42724505, 42724505
280, 75730073, 75730073
950, 109382809, 109382809
999999, 101479, 89
247, 42724594, 42724594
950, 109382898, 109382898
999999, 101391, 214
246, 42724808, 42724808
950, 109383112, 109383112
999999, 101450, 1
245, 42724809, 42724809
950, 109383113, 109383113
999999, 101450, 95
244, 42724904, 42724904
950, 109383208, 109383208
999999, 101450, 1
243, 42724905, 42724905
950, 109383209, 109383209
999999, 101450, 269
242, 42725174, 42725174
950, 109383478, 109383478
999999, 101395, 60
241, 42725234, 42725234
950, 109383538, 109383538
999999, 101424, 1
240, 42725235, 42725235
950, 109383539, 109383539
999999, 101424, 207
239, 42725442, 42725442
279, 75731010, 75731010
950, 109383746, 109383746
999999, 101488, 1
238, 42725443, 42725443
278, 75731011, 75731011
950, 109383747, 109383747
999999, 101488, 101
237, 42725544, 42725544
950, 109383848, 109383848
999999, 101436, 220
253, 8425860, 8425860
277, 75731332, 75731332
950, 109384068, 109384068
999999, 101217, 1
253, 8425861, 8425861
276, 75731333, 75731333
950, 109384069, 109384069
999999, 101470, 99
950, 109384168, 109384168
999999, 101432, 1
950, 109384169, 109384169
999999, 101432, 263
248, 9245296, 9245296
950, 109384432, 109384432
999999, 101359, 1
248, 9245297, 9245297
950, 109384433, 109384433
999999, 101454, 47
257, 8426272, 8426272
248, 9245344, 8426272
278, 75731744, 75731744
950, 109384480, 109384480
999999, 101627, 1
257, 8426273, 8426273
247, 9245345, 8426273
277, 75731745, 75731745
950, 109384481, 109384481
999999, 101981, 189
257, 8426462, 8426462
246, 9245534, 8426462
276, 75731934, 75731934
950, 109384670, 109384670
999999, 101793, 56
950, 109384726, 109384726
999999, 101744, 260
275, 75732250, 75732250
950, 109384986, 109384986
999999, 101753, 1
510, 26547513, 26547513
999999, 101813, 92
950, 109385079, 109385079
999999, 101722, 230
273, 75732573, 75732573
950, 109385309, 109385309
999999, 101757, 81
249, 9246254, 9246254
950, 109385390, 109385390
999999, 101734, 269
263, 8427451, 8427451
272, 75732923, 75732923
950, 109385659, 109385659
999999, 101761, 48
950, 109385707, 109385707
999999, 101714, 228
950, 109385935, 109385935
999999, 101494, 107
265, 8427834, 8427834
272, 75733306, 75733306
950, 109386042, 109386042
999999, 101657, 1
265, 8427835, 8427835
271, 75733307, 75733307
950, 109386043, 109386043
999999, 101745, 257
270, 75733564, 75733564
950, 109386300, 109386300
999999, 101742, 1
269, 75733565, 75733565
950, 109386301, 109386301
999999, 101742, 54
950, 109386355, 109386355
999999, 101750, 251
950, 109386606, 109386606
999999, 101776, 1
950, 109386607, 109386607
999999, 101776, 34
950, 109386641, 109386641
999999, 101753, 284
950, 109386925, 109386925
999999, 101470, 301
268, 75734490, 75734490
950, 109387226, 109387226
999999, 101530, 1
999999, 101530, 48
999999, 101710, 257
950, 109387532, 109387532
999999, 101531, 109
266, 75734905, 75734905
950, 109387641, 109387641
999999, 101682, 257
277, 8429690, 8429690
265, 75735162, 8429690
950, 109387898, 109387898
999999, 101481, 1
277, 8429691, 8429691
265, 75735163, 8429691
950, 109387899, 109387899
999999, 101759, 9
277, 8429700, 8429700
251, 9248772, 8429700
265, 75735172, 8429700
950, 109387908, 109387908
999999, 101751, 1
277, 8429701, 8429701
250, 9248773, 8429701
264, 75735173, 8429701
950, 109387909, 109387909
999999, 101807, 253
263, 75735426, 75735426
950, 109388162, 109388162
999999, 101774, 62
262, 75735488, 75735488
950, 109388224, 109388224
999999, 101794, 1
261, 75735489, 75735489
950, 109388225, 109388225
999999, 101794, 279
260, 75735768, 75735768
950, 109388504, 109388504
999999, 101849, 1
259, 75735769, 75735769
950, 109388505, 109388505
999999, 102091, 91
950, 109388596, 109388596
999999, 102001, 254
950, 109388850, 109388850
999999, 101996, 1
950, 109388851, 109388851
999999, 101996, 13
260, 75736128, 75736128
950, 109388864, 109388864
999999, 102045, 1
259, 75736129, 75736129
950, 109388865, 109388865
999999, 102293, 355
258, 75736484, 75736484
950, 109389220, 109389220
999999, 101939, 1
257, 75736485, 75736485
950, 109389221, 109389221
999999, 101985, 259
950, 109389480, 109389480
999999, 102002, 1
950, 109389481, 109389481
999999, 102093, 245
291, 8431518, 8431518
254, 9250590, 8431518
256, 75736990, 8431518
950, 109389726, 109389726
999999, 101849, 1
291, 8431519, 8431519
253, 9250591, 8431519
255, 75736991, 8431519
950, 109389727, 109389727
999999, 102059, 55
950, 109389782, 109389782
999999, 102005, 248
252, 9250894, 9250894
950, 109390030, 109390030
999999, 101818, 1
251, 9250895, 9250895
950, 109390031, 109390031
999999, 102079, 69
950, 109390100, 109390100
999999, 102011, 1
950, 109390101, 109390101
999999, 102071, 249
250, 9251214, 9251214
950, 109390350, 109390350
999999, 101823, 1
249, 9251215, 9251215
950, 109390351, 109390351
999999, 102086, 107
298, 8432250, 8432250
254, 75737722, 8432250
950, 109390458, 109390458
999999, 102078, 1
298, 8432251, 8432251
253, 75737723, 8432251
950, 109390459, 109390459
999999, 102078, 203
252, 75737926, 75737926
950, 109390662, 109390662
999999, 102092, 1
251, 75737927, 75737927
950, 109390663, 109390663
999999, 102092, 59
248, 9251586, 9251586
250, 75737986, 75737986
950, 109390722, 109390722
999999, 102120, 1
247, 9251587, 9251587
249, 75737987, 75737987
950, 109390723, 109390723
999999, 102120, 275
408, 47262860, 47262860
309, 114568332, 47262860
999999, 102074, 48
999999, 102111, 310
247, 75738620, 75738620
950, 109391356, 109391356
999999, 102082, 1
246, 75738621, 75738621
950, 109391357, 109391357
999999, 102082, 45
244, 9252266, 9252266
950, 109391402, 109391402
999999, 102092, 1
243, 9252267, 9252267
950, 109391403, 109391403
999999, 102092, 225
950, 109391628, 109391628
999999, 102177, 1
950, 109391629, 109391629
999999, 102397, 53
245, 75738946, 75738946
950, 109391682, 109391682
999999, 102345, 258
311, 8433732, 8433732
244, 75739204, 8433732
950, 109391940, 109391940
999999, 102184, 338
950, 109392278, 109392278
999999, 102162, 96
950, 109392374, 109392374
999999, 102067, 248
950, 109392622, 109392622
999999, 102092, 1
950, 109392623, 109392623
999999, 102092, 33
950, 109392656, 109392656
999999, 102106, 1
950, 109392657, 109392657
999999, 102106, 297
317, 8434746, 8434746
246, 75740218, 8434746
950, 109392954, 109392954
999999, 102026, 1
317, 8434747, 8434747
246, 75740219, 8434747
950, 109392955, 109392955
999999, 102026, 13
950, 109392968, 109392968
999999, 102366, 1
950, 109392969, 109392969
999999, 102366, 345
245, 75740578, 75740578
950, 109393314, 109393314
999999, 102095, 1
244, 75740579, 75740579
950, 109393315, 109393315
999999, 102335, 231
950, 109393546, 109393546
999999, 102105, 56
245, 9254466, 9254466
244, 75740866, 9254466
950, 109393602, 109393602
999999, 102110, 1
245, 9254467, 9254467
244, 75740867, 9254467
950, 109393603, 109393603
999999, 102110, 297
245, 9254764, 9254764
950, 109393900, 109393900
999999, 102002, 1
245, 9254765, 9254765
950, 109393901, 109393901
999999, 102097, 67
950, 109393968, 109393968
999999, 102246, 216
950, 109394184, 109394184
999999, 102118, 1
950, 109394185, 109394185
999999, 102354, 407
329, 8436384, 8436384
246, 9255456, 8436384
244, 75741856, 8436384
950, 109394592, 109394592
999999, 101996, 1
329, 8436385, 8436385
246, 9255457, 8436385
243, 75741857, 8436385
950, 109394593, 109394593
999999, 101996, 189
329, 8436574, 8436574
245, 9255646, 8436574
242, 75742046, 8436574
950, 109394782, 109394782
999999, 102074, 1
329, 8436575, 8436575
244, 9255647, 8436575
241, 75742047, 8436575
950, 109394783, 109394783
999999, 102074, 59
240, 75742106, 75742106
950, 109394842, 109394842
999999, 102070, 1
501, 26557369, 26557369
999999, 102323, 257
243, 9255964, 9255964
238, 75742364, 9255964
950, 109395100, 109395100
999999, 102067, 82
242, 9256046, 9256046
950, 109395182, 109395182
999999, 102052, 1
241, 9256047, 9256047
950, 109395183, 109395183
999999, 102348, 231
950, 109395414, 109395414
999999, 102167, 1
950, 109395415, 109395415
999999, 102435, 100
336, 8437307, 8437307
240, 75742779, 8437307
950, 109395515, 109395515
999999, 102336, 251
950, 109395766, 109395766
999999, 102094, 293
240, 75743323, 75743323
950, 109396059, 109396059
999999, 102097, 49
950, 109396108, 109396108
999999, 102049, 1
950, 109396109, 109396109
999999, 102103, 289
950, 109396398, 109396398
999999, 101815, 1
950, 109396399, 109396399
999999, 102155, 69
950, 109396468, 109396468
999999, 102338, 1
950, 109396469, 109396469
999999, 102338, 249
950, 109396718, 109396718
999999, 102155, 1
950, 109396719, 109396719
999999, 102363, 33
950, 109396752, 109396752
999999, 102331, 1
950, 109396753, 109396753
999999, 102427, 295
240, 75744312, 75744312
950, 109397048, 109397048
999999, 102346, 1
239, 75744313, 75744313
950, 109397049, 109397049
999999, 102346, 56
950, 109397105, 109397105
999999, 102351, 269
999999, 102384, 1
237, 75744639, 75744639
950, 109397375, 109397375
999999, 102445, 19
950, 109397394, 109397394
999999, 102642, 1
950, 109397395, 109397395
999999, 102642, 292
950, 109397687, 109397687
999999, 102670, 271
239, 75745222, 75745222
950, 109397958, 109397958
999999, 102506, 1
238, 75745223, 75745223
950, 109397959, 109397959
999999, 102750, 74
247, 9258897, 9258897
950, 109398033, 109398033
999999, 102925, 290
950, 109398323, 109398323
999999, 102636, 61
999999, 102630, 232
239, 75745880, 75745880
950, 109398616, 109398616
999999, 102399, 1
999999, 102660, 47
950, 109398664, 109398664
999999, 102930, 1
950, 109398665, 109398665
999999, 102980, 304
999999, 102977, 44
237, 75746277, 75746277
950, 109399013, 109399013
999999, 102941, 261
950, 109399274, 109399274
999999, 102681, 1
999999, 102961, 57
999999, 102905, 268
950, 109399600, 109399600
999999, 102692, 1
950, 109399601, 109399601
999999, 102692, 47
372, 8441440, 8441440
251, 9260512, 8441440
950, 109399648, 109399648
999999, 102940, 1
372, 8441441, 8441441
250, 9260513, 8441441
950, 109399649, 109399649
999999, 102940, 189
372, 8441630, 8441630
249, 9260702, 8441630
950, 109399838, 109399838
999999, 102757, 48
248, 9260750, 9260750
950, 109399886, 109399886
999999, 103020, 584
950, 109400470, 109400470
999999, 102445, 1
950, 109400471, 109400471
999999, 102748, 88
247, 9261423, 9261423
950, 109400559, 109400559
999999, 102710, 229
950, 109400788, 109400788
999999, 102722, 1
950, 109400789, 109400789
999999, 102722, 45
950, 109400834, 109400834
999999, 102772, 280
950, 109401114, 109401114
999999, 102493, 1
950, 109401115, 109401115
999999, 102703, 55
950, 109401170, 109401170
999999, 102649, 296
382, 8443258, 8443258
950, 109401466, 109401466
999999, 102458, 10
382, 8443268, 8443268
950, 109401476, 109401476
999999, 102449, 299
950, 109401775, 109401775
999999, 102399, 317
950, 109402092, 109402092
999999, 102083, 1
950, 109402093, 109402093
999999, 102394, 56
247, 9263013, 9263013
950, 109402149, 109402149
999999, 102403, 247
950, 109402396, 109402396
999999, 102157, 1
950, 109402397, 109402397
999999, 102390, 95
999999, 102342, 1
950, 109402493, 109402493
999999, 102342, 213
950, 109402706, 109402706
999999, 102427, 1
950, 109402707, 109402707
999999, 102765, 89
950, 109402796, 109402796
999999, 102932, 1
950, 109402797, 109402797
999999, 102932, 265
950, 109403062, 109403062
999999, 102762, 1
999999, 102762, 51
950, 109403114, 109403114
999999, 102901, 1
950, 109403115, 109403115
999999, 102956, 257
950, 109403372, 109403372
999999, 102960, 68
950, 109403440, 109403440
999999, 102893, 226
238, 8546578, 8546578
950, 109403666, 109403666
999999, 102708, 1
237, 8546579, 8546579
950, 109403667, 109403667
999999, 102708, 48
950, 109403715, 109403715
999999, 103031, 305
950, 109404020, 109404020
999999, 102727, 12
253, 9264896, 9264896
950, 109404032, 109404032
999999, 102966, 1
252, 9264897, 9264897
950, 109404033, 109404033
999999, 102966, 257
252, 9265154, 9265154
950, 109404290, 109404290
999999, 102768, 1
252, 9265155, 9265155
950, 109404291, 109404291
999999, 102768, 97
950, 109404388, 109404388
999999, 102898, 1
950, 109404389, 109404389
999999, 102963, 253
254, 9265506, 9265506
950, 109404642, 109404642
999999, 102711, 1
253, 9265507, 9265507
950, 109404643, 109404643
999999, 102953, 61
412, 8446496, 8446496
252, 9265568, 8446496
950, 109404704, 109404704
999999, 103000, 190
412, 8446686, 8446686
251, 9265758, 8446686
950, 109404894, 109404894
999999, 103030, 1
412, 8446687, 8446687
250, 9265759, 8446687
950, 109404895, 109404895
999999, 103030, 55
950, 109404950, 109404950
999999, 103060, 1
950, 109404951, 109404951
999999, 103276, 321
950, 109405272, 109405272
999999, 103016, 246
950, 109405518, 109405518
999999, 102771, 1
950, 109405519, 109405519
999999, 103087, 73
950, 109405592, 109405592
999999, 103015, 1
950, 109405593, 109405593
999999, 103039, 291
249, 9266748, 9266748
950, 109405884, 109405884
999999, 102749, 1
248, 9266749, 9266749
950, 109405885, 109405885
999999, 102991, 321
950, 109406206, 109406206
999999, 102765, 1
950, 109406207, 109406207
999999, 102989, 13
950, 109406220, 109406220
999999, 103078, 1
950, 109406221, 109406221
999999, 103078, 249
950, 109406470, 109406470
999999, 103090, 1
950, 109406471, 109406471
999999, 103090, 65
950, 109406536, 109406536
999999, 103081, 1
950, 109406537, 109406537
999999, 103308, 307
950, 109406844, 109406844
999999, 103082, 1
950, 109406845, 109406845
999999, 103082, 5
950, 109406850, 109406850
999999, 103338, 1
950, 109406851, 109406851
999999, 103338, 303
950, 109407154, 109407154
999999, 103102, 1
950, 109407155, 109407155
999999, 103102, 47
950, 109407202, 109407202
999999, 103306, 1
950, 109407203, 109407203
999999, 103306, 235
950, 109407438, 109407438
999999, 103124, 1
950, 109407439, 109407439
999999, 103124, 107
439, 8449338, 8449338
950, 109407546, 109407546
999999, 103335, 252
950, 109407798, 109407798
999999, 103272, 14
440, 8449604, 8449604
254, 9268676, 8449604
950, 109407812, 109407812
999999, 103259, 1
440, 8449605, 8449605
254, 9268677, 8449605
950, 109407813, 109407813
999999, 103319, 305
254, 9268982, 9268982
950, 109408118, 109408118
999999, 103015, 1
254, 9268983, 9268983
950, 109408119, 109408119
999999, 103255, 17
950, 109408136, 109408136
999999, 103239, 1
950, 109408137, 109408137
999999, 103571, 263
950, 109408400, 109408400
999999, 103625, 96
950, 109408496, 109408496
999999, 103577, 229
950, 109408725, 109408725
999999, 103622, 81
950, 109408806, 109408806
999999, 103596, 1
950, 109408807, 109408807
999999, 103596, 262
254, 9269933, 9269933
950, 109409069, 109409069
999999, 103631, 67
950, 109409136, 109409136
999999, 103565, 212
444, 8451140, 8451140
950, 109409348, 109409348
999999, 103412, 94
253, 9270306, 9270306
950, 109409442, 109409442
999999, 103319, 1
253, 9270307, 9270307
950, 109409443, 109409443
999999, 103528, 257
950, 109409700, 109409700
999999, 103340, 60
444, 8451552, 8451552
252, 9270624, 8451552
950, 109409760, 109409760
999999, 103281, 1
443, 8451553, 8451553
251, 9270625, 8451553
950, 109409761, 109409761
999999, 103563, 189
443, 8451742, 8451742
250, 9270814, 8451742
950, 109409950, 109409950
999999, 103428, 1
443, 8451743, 8451743
249, 9270815, 8451743
950, 109409951, 109409951
999999, 103428, 55
950, 109410006, 109410006
999999, 103622, 296
248, 9271166, 9271166
950, 109410302, 109410302
999999, 103327, 62
950, 109410364, 109410364
999999, 103324, 1
950, 109410365, 109410365
999999, 103580, 313
950, 109410678, 109410678
999999, 103583, 1
999999, 103675, 225
950, 109410904, 109410904
999999, 103451, 1
950, 109410905, 109410905
999999, 103707, 47
950, 109410952, 109410952
999999, 103673, 1
950, 109410953, 109410953
999999, 103945, 323
950, 109411276, 109411276
999999, 103623, 298
950, 109411574, 109411574
999999, 103420, 1
950, 109411575, 109411575
999999, 103420, 11
950, 109411586, 109411586
999999, 103618, 1
950, 109411587, 109411587
999999, 103618, 312
452, 8453691, 8453691
950, 109411899, 109411899
999999, 103413, 13
950, 109411912, 109411912
999999, 103401, 298
950, 109412210, 109412210
999999, 103354, 1
950, 109412211, 109412211
999999, 103354, 49
950, 109412260, 109412260
999999, 103372, 1
950, 109412261, 109412261
999999, 103627, 234
950, 109412495, 109412495
999999, 103394, 55
950, 109412550, 109412550
999999, 103386, 1
950, 109412551, 109412551
999999, 103386, 261
950, 109412812, 109412812
999999, 103314, 1
950, 109412813, 109412813
999999, 103314, 93
950, 109412906, 109412906
999999, 103268, 1
950, 109412907, 109412907
999999, 103268, 273
999999, 103265, 1
950, 109413181, 109413181
999999, 103353, 45
263, 9274090, 9274090
950, 109413226, 109413226
999999, 103309, 1
262, 9274091, 9274091
950, 109413227, 109413227
999999, 103535, 263
950, 109413490, 109413490
999999, 103357, 1
950, 109413491, 109413491
999999, 103571, 49
463, 8455332, 8455332
950, 109413540, 109413540
999999, 103618, 266
261, 9274670, 9274670
950, 109413806, 109413806
999999, 103632, 1
260, 9274671, 9274671
950, 109413807, 109413807
999999, 103632, 61
259, 9274732, 9274732
950, 109413868, 109413868
999999, 103590, 1
258, 9274733, 9274733
950, 109413869, 109413869
999999, 103590, 228
257, 9274961, 9274961
950, 109414097, 109414097
999999, 103619, 87
950, 109414184, 109414184
999999, 103533, 1
999999, 103584, 223
950, 109414408, 109414408
999999, 103714, 1
950, 109414409, 109414409
999999, 103971, 351
950, 109414760, 109414760
999999, 103680, 1
950, 109414761, 109414761
999999, 103680, 55
468, 8456608, 8456608
259, 9275680, 8456608
950, 109414816, 109414816
999999, 103869, 1
467, 8456609, 8456609
258, 9275681, 8456609
950, 109414817, 109414817
999999, 103913, 250
510, 26577593, 26577593
999999, 103664, 243
257, 9276174, 9276174
950, 109415310, 109415310
999999, 103712, 74
950, 109415384, 109415384
999999, 103639, 1
950, 109415385, 109415385
999999, 103659, 293
467, 8457470, 8457470
256, 9276542, 8457470
950, 109415678, 109415678
999999, 103367, 23
950, 109415701, 109415701
999999, 103606, 289
999999, 103676, 1
950, 109415991, 109415991
999999, 103723, 59
950, 109416050, 109416050
999999, 103897, 1
950, 109416051, 109416051
999999, 103951, 233
950, 109416284, 109416284
999999, 104014, 94
470, 8458170, 8458170
950, 109416378, 109416378
999999, 103921, 1
469, 8458171, 8458171
950, 109416379, 109416379
999999, 103977, 215
950, 109416594, 109416594
999999, 104336, 102
999999, 104235, 1
950, 109416697, 109416697
999999, 104296, 217
950, 109416914, 109416914
999999, 104268, 91
950, 109417005, 109417005
999999, 104178, 267
950, 109417272, 109417272
999999, 103972, 1
950, 109417273, 109417273
999999, 103972, 47
950, 109417320, 109417320
999999, 104174, 1
950, 109417321, 109417321
999999, 104273, 241
478, 8459354, 8459354
950, 109417562, 109417562
999999, 104252, 1
478, 8459355, 8459355
950, 109417563, 109417563
999999, 104252, 49
950, 109417612, 109417612
999999, 104254, 1
950, 109417613, 109417613
999999, 104254, 253
950, 109417866, 109417866
999999, 104306, 1
950, 109417867, 109417867
999999, 104306, 97
950, 109417964, 109417964
999999, 104217, 1
950, 109417965, 109417965
999999, 104489, 232
950, 109418197, 109418197
999999, 104258, 81
238, 8631974, 8631974
950, 109418278, 109418278
999999, 104236, 1
237, 8631975, 8631975
950, 109418279, 109418279
999999, 104236, 221
481, 8460292, 8460292
950, 109418500, 109418500
999999, 104358, 1
480, 8460293, 8460293
950, 109418501, 109418501
999999, 104589, 333
950, 109418834, 109418834
999999, 104257, 1
950, 109418835, 109418835
999999, 104357, 95
462, 109418931, 109418931
999999, 104263, 1
262, 9279795, 9279795
950, 109418931, 109418931
999999, 104478, 244
950, 109419175, 109419175
999999, 104318, 65
950, 109419240, 109419240
999999, 104500, 255
950, 109419495, 109419495
999999, 104294, 66
950, 109419561, 109419561
999999, 104529, 249
263, 9280674, 9280674
950, 109419810, 109419810
999999, 104281, 1
262, 9280675, 9280675
950, 109419811, 109419811
999999, 104290, 251
486, 8461854, 8461854
242, 8633758, 8461854
261, 9280926, 8461854
239, 42114590, 8461854
950, 109420062, 109420062
999999, 104336, 61
485, 8461915, 8461915
950, 109420123, 109420123
999999, 104295, 292
484, 8462207, 8462207
241, 8634111, 8462207
260, 9281279, 8462207
950, 109420415, 109420415
999999, 104004, 11
240, 8634122, 8634122
950, 109420426, 109420426
999999, 104350, 1
239, 8634123, 8634123
950, 109420427, 109420427
999999, 104350, 260
238, 8634383, 8634383
261, 9281551, 9281551
950, 109420687, 109420687
999999, 104316, 103
950, 109420790, 109420790
999999, 104538, 1
950, 109420791, 109420791
999999, 104538, 211
950, 109421002, 109421002
999999, 104414, 1
950, 109421003, 109421003
999999, 104414, 97
950, 109421100, 109421100
999999, 104570, 1
950, 109421101, 109421101
999999, 104570, 233
240, 8635030, 8635030
260, 9282198, 9282198
950, 109421334, 109421334
999999, 104402, 1
240, 8635031, 8635031
259, 9282199, 9282199
950, 109421335, 109421335
999999, 104402, 61
258, 9282260, 9282260
950, 109421396, 109421396
999999, 104592, 1
999999, 104592, 255
950, 109421652, 109421652
999999, 104397, 1
999999, 104585, 85
242, 8635434, 8635434
950, 109421738, 109421738
999999, 104501, 1
242, 8635435, 8635435
950, 109421739, 109421739
999999, 104555, 267
950, 109422006, 109422006
999999, 104550, 1
950, 109422007, 109422007
999999, 104643, 51
950, 109422058, 109422058
999999, 104593, 1
950, 109422059, 109422059
999999, 104803, 264
950, 109422323, 109422323
999999, 104540, 13
499, 8464128, 8464128
950, 109422336, 109422336
999999, 104634, 1
499, 8464129, 8464129
950, 109422337, 109422337
999999, 104634, 283
950, 109422620, 109422620
999999, 104594, 1
950, 109422621, 109422621
999999, 104929, 55
950, 109422676, 109422676
999999, 104901, 1
950, 109422677, 109422677
999999, 105151, 281
950, 109422958, 109422958
999999, 104871, 34
950, 109422992, 109422992
999999, 104888, 1
950, 109422993, 109422993
999999, 105194, 245
950, 109423238, 109423238
999999, 104958, 108
241, 8637042, 8637042
950, 109423346, 109423346
999999, 104851, 1
240, 8637043, 8637043
950, 109423347, 109423347
999999, 105153, 209
503, 8465348, 8465348
249, 42118084, 8465348
950, 109423556, 109423556
999999, 104945, 1
502, 8465349, 8465349
248, 42118085, 8465349
950, 109423557, 109423557
999999, 104991, 95
501, 8465444, 8465444
950, 109423652, 109423652
999999, 104897, 1
501, 8465445, 8465445
950, 109423653, 109423653
999999, 105129, 277
999999, 104853, 1
501, 8465723, 8465723
247, 42118459, 8465723
950, 109423931, 109423931
999999, 104960, 265
501, 8465988, 8465988
247, 42118724, 8465988
950, 109424196, 109424196
999999, 104950, 100
950, 109424296, 109424296
999999, 104851, 254
950, 109424550, 109424550
999999, 104610, 1
950, 109424551, 109424551
999999, 104610, 65
950, 109424616, 109424616
999999, 104850, 1
950, 109424617, 109424617
999999, 104850, 215
504, 8466624, 8466624
241, 8638528, 8466624
267, 9285696, 8466624
950, 109424832, 109424832
999999, 104644, 1
504, 8466625, 8466625
240, 8638529, 8466625
266, 9285697, 8466625
950, 109424833, 109424833
999999, 104644, 96
503, 8466721, 8466721
239, 8638625, 8466721
265, 9285793, 8466721
251, 42119457, 8466721
950, 109424929, 109424929
999999, 104844, 189
502, 8466910, 8466910
238, 8638814, 8466910
264, 9285982, 8466910
250, 42119646, 8466910
950, 109425118, 109425118
999999, 104710, 63
950, 109425181, 109425181
999999, 104648, 254
501, 8467227, 8467227
264, 9286299, 8467227
950, 109425435, 109425435
999999, 104673, 49
264, 9286348, 9286348
950, 109425484, 109425484
999999, 104625, 1
264, 9286349, 9286349
950, 109425485, 109425485
999999, 104934, 266
239, 8639447, 8639447
263, 9286615, 9286615
950, 109425751, 109425751
999999, 104717, 87
238, 8639534, 8639534
262, 9286702, 9286702
950, 109425838, 109425838
999999, 104631, 1
237, 8639535, 8639535
261, 9286703, 9286703
950, 109425839, 109425839
999999, 104892, 267
502, 8467898, 8467898
249, 42120634, 8467898
950, 109426106, 109426106
999999, 104647, 48
950, 109426154, 109426154
999999, 104894, 1
950, 109426155, 109426155
999999, 104894, 239
504, 8468186, 8468186
950, 109426394, 109426394
999999, 104710, 50
950, 109426444, 109426444
999999, 104661, 262
264, 9287570, 9287570
950, 109426706, 109426706
999999, 104588, 1
264, 9287571, 9287571
950, 109426707, 109426707
999999, 104588, 326
242, 8640729, 8640729
264, 9287897, 9287897
950, 109427033, 109427033
999999, 104357, 77
242, 8640806, 8640806
264, 9287974, 9287974
950, 109427110, 109427110
999999, 104281, 1
241, 8640807, 8640807
264, 9287975, 9287975
950, 109427111, 109427111
999999, 104487, 221
507, 8469124, 8469124
252, 42121860, 8469124
950, 109427332, 109427332
999999, 104341, 1
507, 8469125, 8469125
251, 42121861, 8469125
950, 109427333, 109427333
999999, 104585, 59
507, 8469184, 8469184
950, 109427392, 109427392
999999, 104527, 1
506, 8469185, 8469185
950, 109427393, 109427393
999999, 104593, 317
505, 8469502, 8469502
950, 109427710, 109427710
999999, 104277, 1
504, 8469503, 8469503
950, 109427711, 109427711
999999, 104573, 13
950, 109427724, 109427724
999999, 104561, 1
950, 109427725, 109427725
999999, 104607, 263
240, 8641684, 8641684
950, 109427988, 109427988
999999, 104345, 82
239, 8641766, 8641766
267, 9288934, 9288934
950, 109428070, 109428070
999999, 104502, 238
266, 9289172, 9289172
950, 109428308, 109428308
999999, 104265, 87
950, 109428395, 109428395
999999, 104225, 257
950, 109428652, 109428652
999999, 103969, 1
950, 109428653, 109428653
999999, 104265, 59
950, 109428712, 109428712
999999, 104207, 1
950, 109428713, 109428713
999999, 104217, 226
950, 109428939, 109428939
999999, 104251, 104
950, 109429043, 109429043
999999, 104148, 243
238, 8642982, 8642982
265, 9290150, 9290150
950, 109429286, 109429286
999999, 104014, 26
509, 8471104, 8471104
950, 109429312, 109429312
999999, 104194, 295
999999, 103900, 74
264, 9290545, 9290545
950, 109429681, 109429681
999999, 103928, 242
263, 9290787, 9290787
950, 109429923, 109429923
999999, 103963, 61
509, 8471776, 8471776
237, 8643680, 8471776
262, 9290848, 8471776
254, 42124512, 8471776
950, 109429984, 109429984
999999, 103903, 1
508, 8471777, 8471777
261, 9290849, 8471777
253, 42124513, 8471777
950, 109429985, 109429985
999999, 103957, 190
507, 8471967, 8471967
260, 9291039, 8471967
252, 42124703, 8471967
950, 109430175, 109430175
999999, 103768, 61
259, 9291100, 9291100
950, 109430236, 109430236
999999, 103954, 1
258, 9291101, 9291101
950, 109430237, 109430237
999999, 103954, 250
950, 109430487, 109430487
999999, 103729, 51
950, 109430538, 109430538
999999, 103679, 1
950, 109430539, 109430539
999999, 103985, 273
950, 109430812, 109430812
999999, 103713, 1
471, 3295239, 3295239
255, 104253447, 3295239
999999, 103723, 90
950, 109430903, 109430903
999999, 103634, 226
950, 109431129, 109431129
999999, 103711, 55
259, 9292048, 9292048
950, 109431184, 109431184
999999, 103701, 267
508, 8473243, 8473243
259, 9292315, 8473243
950, 109431451, 109431451
999999, 103665, 48
259, 9292363, 9292363
950, 109431499, 109431499
999999, 103618, 305
950, 109431804, 109431804
999999, 103368, 1
950, 109431805, 109431805
999999, 103368, 47
999999, 103575, 1
950, 109431853, 109431853
999999, 103672, 217
950, 109432070, 109432070
999999, 103690, 1
950, 109432071, 109432071
999999, 103690, 65
950, 109432136, 109432136
999999, 103708, 1
950, 109432137, 109432137
999999, 103708, 299
950, 109432436, 109432436
999999, 103676, 1
950, 109432437, 109432437
999999, 103676, 45
950, 109432482, 109432482
999999, 103679, 1
950, 109432483, 109432483
999999, 103867, 249
950, 109432732, 109432732
999999, 103619, 1
950, 109432733, 109432733
999999, 103677, 47
950, 109432780, 109432780
999999, 103631, 1
950, 109432781, 109432781
999999, 103881, 268
950, 109433049, 109433049
999999, 103614, 307
950, 109433356, 109433356
999999, 103372, 1
950, 109433357, 109433357
999999, 103372, 53
950, 109433410, 109433410
999999, 103613, 1
950, 109433411, 109433411
999999, 103626, 257
519, 8475460, 8475460
258, 42128196, 8475460
950, 109433668, 109433668
999999, 103670, 1
519, 8475461, 8475461
258, 42128197, 8475461
950, 109433669, 109433669
999999, 103670, 100
950, 109433769, 109433769
999999, 103631, 226
950, 109433995, 109433995
999999, 103406, 61
950, 109434056, 109434056
999999, 103567, 1
950, 109434057, 109434057
999999, 103909, 298
999999, 103612, 14
521, 8476161, 8476161
241, 8648065, 8476161
265, 9295233, 8476161
950, 109434369, 109434369
999999, 103617, 319
520, 8476480, 8476480
240, 8648384, 8476480
264, 9295552, 8476480
950, 109434688, 109434688
999999, 103299, 1
519, 8476481, 8476481
239, 8648385, 8476481
263, 9295553, 8476481
950, 109434689, 109434689
999999, 103597, 255
518, 8476736, 8476736
245, 8638528, 8476736
950, 109434944, 109434944
999999, 103343, 1
517, 8476737, 8476737
245, 8638529, 8476737
950, 109434945, 109434945
999999, 103375, 95
516, 8476832, 8476832
245, 8638624, 8476832
238, 8648736, 8476832
262, 9295904, 8476832
259, 42129568, 8476832
950, 109435040, 109435040
999999, 103281, 1
516, 8476833, 8476833
245, 8638625, 8476833
237, 8648737, 8476833
261, 9295905, 8476833
259, 42129569, 8476833
950, 109435041, 109435041
999999, 103523, 189
515, 8477022, 8477022
245, 8638814, 8477022
260, 9296094, 8477022
258, 42129758, 8477022
950, 109435230, 109435230
999999, 103394, 1
514, 8477023, 8477023
245, 8638815, 8477023
259, 9296095, 8477023
257, 42129759, 8477023
950, 109435231, 109435231
999999, 103394, 95
999999, 103568, 1
513, 8477119, 8477119
245, 8638911, 8477119
257, 9296191, 8477119
950, 109435327, 109435327
999999, 103635, 269
256, 9296460, 9296460
950, 109435596, 109435596
999999, 103367, 270
512, 8477658, 8477658
950, 109435866, 109435866
999999, 103344, 1
511, 8477659, 8477659
950, 109435867, 109435867
999999, 103344, 97
950, 109435964, 109435964
999999, 103317, 1
950, 109435965, 109435965
999999, 103567, 253
512, 8478010, 8478010
255, 9297082, 8478010
257, 42130746, 8478010
950, 109436218, 109436218
999999, 103422, 62
254, 9297144, 9297144
950, 109436280, 109436280
999999, 103361, 228
950, 109436508, 109436508
999999, 103348, 1
950, 109436509, 109436509
999999, 103348, 45
950, 109436554, 109436554
999999, 103350, 348
950, 109436902, 109436902
999999, 103003, 1
950, 109436903, 109436903
999999, 103317, 263
950, 109437166, 109437166
999999, 103102, 1
950, 109437167, 109437167
999999, 103318, 34
950, 109437201, 109437201
999999, 103377, 289
